radius_X,radius_Y,radius_Z,radius_Ox,radius_Oy,radius_Oz,Participant,Cycle_ID,Participant_Cycle_ID,Intensity,Original_Index,Weight,Wingspan
6.65497850367625,0.275500194861449,-3.04769141553776,-160.495573216022,39.1249128805647,-148.35094083582,16,HIIT02,16_HIIT02,HIIT,179,145.0,207.5
0.718419279153653,-4.3955546244378,0.462852885604592,309.462893551615,201.511219075807,196.981563354821,6,HIIT05,6_HIIT05,HIIT,226,111.0,183.0
1.49524993366267,-6.94750294763604,-1.77728356963477,173.4490865295,65.5741969694665,126.641900481248,16,HIIT01,16_HIIT01,HIIT,229,145.0,207.5
-0.84294635000617,-5.23339728340397,0.178756536284049,-1.83482818698751,79.3843425928054,-139.64184932103,16,MICT04,16_MICT04,MICT,266,145.0,207.5
2.58082964854631,3.98100844554126,1.04808593619808,-24.1712007591001,-171.481404655775,66.057867824703,6,MICT04,6_MICT04,MICT,135,111.0,183.0
-8.14322193028076,3.05595494096949,0.0855014380158344,29.5477657321913,50.8526223182369,90.0951392762868,16,HIIT06,16_HIIT06,HIIT,26,145.0,207.5
0.461417359417567,-3.81936886748928,-1.34451318575612,2.03739975149932,43.0457038229189,-78.4085743730697,16,MICT02,16_MICT02,MICT,225,145.0,207.5
2.61511224165971,-6.10019220299109,-2.77605005624489,5.63795870163242,16.2300734668068,-99.240682511799,16,HIIT06,16_HIIT06,HIIT,215,145.0,207.5
-6.7799292983505,-13.1396206739701,0.998969816026906,24.7397593927665,35.7052222501565,28.6568140986396,16,HIIT03,16_HIIT03,HIIT,7,145.0,207.5
-4.03876019861817,-8.66810506738711,1.93957641215244,-20.384851234034,71.8799824239523,-78.1259497926807,16,MICT06,16_MICT06,MICT,338,145.0,207.5
-7.36860469921744,7.22867305926489,-0.250145080902396,34.3706706409312,58.0680595752579,84.6647924672491,16,HIIT06,16_HIIT06,HIIT,23,145.0,207.5
0.0978554746930653,5.26272348736884,0.180846481320167,12.9850850862606,-42.7829820748453,85.2537827902543,16,MICT04,16_MICT04,MICT,75,145.0,207.5
-10.4298754644124,-31.8811598195941,4.03148077925566,-20.9222086618182,7.17157732361388,42.9113253455755,6,HIIT06,6_HIIT06,HIIT,12,111.0,183.0
-0.290213106020052,-5.92411175218105,0.446909607738612,-12.1678918194957,103.276092895147,-106.46968034728,6,HIIT03,6_HIIT03,HIIT,288,111.0,183.0
-2.25159085996035,-7.52751985736186,1.30848611824727,12.0980732062342,61.3052353785585,-171.349082981516,16,HIIT05,16_HIIT05,HIIT,291,145.0,207.5
-2.33581001850965,-5.97974942024524,1.42508731294585,10.7044204567703,58.384652344825,-152.892919959556,16,HIIT06,16_HIIT06,HIIT,306,145.0,207.5
2.0885982861016,3.40392274898071,-0.15196016357026,-3.86603297521623,-176.997115749974,81.0515407802097,6,MICT06,6_MICT06,MICT,143,111.0,183.0
-0.193529394997456,-7.8355308514566,-0.615800139966645,185.990293841777,108.851329998873,155.952265256981,16,HIIT02,16_HIIT02,HIIT,254,145.0,207.5
0.567790509392691,-5.18420361990633,1.02837071333037,136.013519987154,175.204252168728,2.76127783872549,6,HIIT06,6_HIIT06,HIIT,249,111.0,183.0
-5.48329113695475,18.0083322403211,-0.25233488971822,22.8881660569162,55.9914343236845,-10.3961969280594,6,MICT02,6_MICT02,MICT,346,111.0,183.0
-7.02912234038321,22.2086469495784,1.2570114121926,10.7688338884331,42.559069020566,-37.7548134076938,16,HIIT05,16_HIIT05,HIIT,349,145.0,207.5
1.20507681487267,-1.31812164523203,-1.31628312183922,33.2472530956028,11.9897796618135,34.4195168312098,6,MICT04,6_MICT04,MICT,187,111.0,183.0
4.54081295857648,6.26972656024194,1.55793596790258,-41.1255556765185,-117.78287046813,96.759826606546,16,MICT03,16_MICT03,MICT,117,145.0,207.5
-0.981631273803634,-10.015229698037,0.850221499767474,36.4235129276093,-17.3598494095737,-58.9123788931953,16,HIIT01,16_HIIT01,HIIT,353,145.0,207.5
-2.68955784421265,-5.97805045200306,1.26371496844628,111.595035084352,135.501625118455,119.972686469424,16,HIIT02,16_HIIT02,HIIT,300,145.0,207.5
-0.566391441733648,3.78731960956458,-0.479250790787045,5.53512633066806,-38.8682277333313,60.1853352854888,6,MICT03,6_MICT03,MICT,59,111.0,183.0
-1.66811045615174,-4.66554489256316,0.475537260727369,-3.93700641075651,76.9786242742,-134.301068288813,16,MICT03,16_MICT03,MICT,288,145.0,207.5
0.124406847573222,-4.8323887452019,-0.955814978544249,0.439682297964438,65.5953128368274,-111.429308166205,16,MICT04,16_MICT04,MICT,239,145.0,207.5
4.30501831410342,9.16433686154331,2.09894217127849,12.3767686044422,162.898768653479,35.7671678143706,16,HIIT01,16_HIIT01,HIIT,93,145.0,207.5
0.60673544933596,-3.92550135350281,0.226717384263894,-17.2274725641048,86.172383440459,-124.59228283338,6,MICT04,6_MICT04,MICT,245,111.0,183.0
7.86584666109638,11.3203435370343,1.72180560863155,-48.2049782922029,-121.97081809816,167.625305734972,16,HIIT06,16_HIIT06,HIIT,114,145.0,207.5
-0.52199179408685,7.98289900846737,1.6037620829934,-279.458630366517,-168.753422456843,-104.441538455654,6,HIIT04,6_HIIT04,HIIT,72,111.0,183.0
-1.7274805232911,-4.35244232242178,0.615402032075998,-18.9668576104459,72.5477980170013,-140.855174890724,16,MICT01,16_MICT01,MICT,287,145.0,207.5
3.32769790571743,6.00965987085694,0.780012374969064,1.07664022873875,-78.1592020326697,104.315359760459,16,MICT04,16_MICT04,MICT,100,145.0,207.5
8.11361391635195,9.4869628627416,0.370223293392827,-57.5452917289001,-124.453363913427,152.9598201753,16,HIIT05,16_HIIT05,HIIT,129,145.0,207.5
-2.30664387989841,2.73069814900576,-0.33522344540536,29.0780591837957,10.3890058065741,85.487170821002,16,MICT01,16_MICT01,MICT,40,145.0,207.5
-4.02430548006799,4.60962808501554,0.472074054103497,-77.5493867280946,-25.6664888862478,38.3306973119448,6,HIIT02,6_HIIT02,HIIT,23,111.0,183.0
2.29926179443906,5.0188881049678,0.539232902459833,-0.926113284338564,-119.590017341626,80.4042891480976,6,MICT05,6_MICT05,MICT,102,111.0,183.0
-2.26066759067597,-6.9563517840326,1.25012911968649,11.5131850818783,62.0293058551331,-164.658857288477,16,HIIT05,16_HIIT05,HIIT,296,145.0,207.5
1.71543737777781,2.28087411054604,-0.271885588504858,-2.17559714412941,-140.108479911863,61.2194425135478,6,MICT01,6_MICT01,MICT,158,111.0,183.0
2.64951425215487,-6.57183341582635,-2.44484535143894,16.8874337861779,17.5995001099163,-112.056721858631,16,HIIT05,16_HIIT05,HIIT,220,145.0,207.5
2.66284944396393,4.55836877640201,0.994237250905335,-1.77664536899617,-154.29784981122,92.0951071567343,6,MICT04,6_MICT04,MICT,129,111.0,183.0
-0.986866218071631,2.2436214431788,-0.901451161121498,-6.83656274861643,-10.8768081801232,51.8939172103951,6,MICT04,6_MICT04,MICT,41,111.0,183.0
1.36448642707343,7.25658414372664,-1.65782362139488,-290.816555554113,-194.489931153724,-167.091845124184,6,HIIT01,6_HIIT01,HIIT,82,111.0,183.0
2.28851243278105,-7.0701957206881,-2.28875490101003,18.4829392870308,24.8381967560237,-126.35083579743,16,HIIT05,16_HIIT05,HIIT,225,145.0,207.5
2.33110321404964,4.4048979698595,0.339613957323161,-7.78438933727981,-167.893268689367,81.9754936498556,6,MICT05,6_MICT05,MICT,125,111.0,183.0
-2.42044466936883,-7.21657092103914,1.24212658047822,10.0182979378684,63.4940163221939,-176.434647567231,16,HIIT04,16_HIIT04,HIIT,292,145.0,207.5
2.39937491738283,-2.49453550294511,-1.84886749923761,435.286042178704,-17.2522307602837,401.975745157767,6,HIIT06,6_HIIT06,HIIT,191,111.0,183.0
0.309389098796706,-3.86743507740228,0.579499055419062,-8.86019723239087,84.0119861665234,-119.865548121814,6,MICT04,6_MICT04,MICT,263,111.0,183.0
-1.29451900157187,-3.32790732708176,0.405798738054187,-13.167088601862,32.1379262589074,-26.7318958882099,16,MICT05,16_MICT05,MICT,352,145.0,207.5
2.88679284971312,-0.395743878059775,-1.55534115373649,30.146092095085,-46.0460282728112,37.1214654297598,16,MICT01,16_MICT01,MICT,190,145.0,207.5
-3.50214003399429,-7.40420627117016,2.13056863859636,3.04616658879403,67.1337503974792,-135.786438214501,16,HIIT04,16_HIIT04,HIIT,321,145.0,207.5
0.718677688803174,5.75145886710755,0.272601132484121,4.14265391428771,-51.8319343050072,87.8905792798274,16,MICT05,16_MICT05,MICT,81,145.0,207.5
8.00671579381746,10.2252065805019,1.42298787847478,-50.1761841187486,-122.96521658192,164.452684982985,16,HIIT04,16_HIIT04,HIIT,123,145.0,207.5
3.7646764707196,6.33389934364716,1.40430112345092,-13.4850717235015,-86.857541209308,103.49034786714,16,MICT03,16_MICT03,MICT,107,145.0,207.5
-0.257254444998314,-5.02989405702133,-0.534783301615781,10.1331625607444,75.1302751888848,-122.254337250094,16,MICT03,16_MICT03,MICT,250,145.0,207.5
0.67585056073384,5.7318834268809,0.317710064993258,-2.86763863799711,-45.4962967365195,88.8890185757968,16,MICT06,16_MICT06,MICT,81,145.0,207.5
-1.71482710980855,4.10948088920365,-0.186898049994969,20.2872773955499,-10.8751402340746,81.2154881359929,16,MICT05,16_MICT05,MICT,56,145.0,207.5
-2.30141631365019,3.05401728990635,-0.199053090160936,23.528897623403,38.5844479238159,28.2338379892385,16,HIIT06,16_HIIT06,HIIT,5,145.0,207.5
-0.712261007451755,-4.96920117360821,-0.309688613352856,-2.65203560540569,83.1017715251919,-141.45137165329,16,MICT02,16_MICT02,MICT,262,145.0,207.5
5.12225525223817,5.8034967416696,0.807339765982182,-51.2016629086706,-126.116508270192,96.556676038968,16,MICT06,16_MICT06,MICT,126,145.0,207.5
-1.65524488753417,-3.83654778357157,0.545152951897818,-19.6988465932784,73.6129145752788,-135.002106320973,16,MICT01,16_MICT01,MICT,294,145.0,207.5
2.64095873324798,6.51815731337159,0.722056538196229,-10.6519664729564,-68.7972302901625,101.851414492449,16,MICT06,16_MICT06,MICT,95,145.0,207.5
-4.82204017997837,1.94240550066093,-0.308620854341037,40.6718868495147,28.8333860598047,76.0626152687527,16,MICT03,16_MICT03,MICT,25,145.0,207.5
2.45628083923996,-2.86082453309559,-1.91682729158352,483.199315107065,-5.91596449800453,444.869305601581,6,HIIT06,6_HIIT06,HIIT,193,111.0,183.0
6.45413139446943,0.0893332503821424,-3.60755599929096,-6.19662909200435,-30.7067155172413,48.2834791146871,16,HIIT03,16_HIIT03,HIIT,181,145.0,207.5
0.359622675346205,-3.969646015112,-0.0812584141435591,-41.1142504366356,70.6423280951382,-150.289531319826,6,MICT05,6_MICT05,MICT,262,111.0,183.0
-0.0488923872353009,5.48789278427708,0.236267394027562,0.649340037369674,-37.1314534194249,86.0341863903671,16,MICT06,16_MICT06,MICT,76,145.0,207.5
0.0020224414147013,-5.39054792482511,-0.782954342426583,14.4108627098992,77.8169821818063,-118.120757264849,16,MICT05,16_MICT05,MICT,245,145.0,207.5
-5.12985265246978,-13.5378250709331,1.48548528216301,-5.37389185265227,25.3284489366573,30.2294996896159,6,MICT01,6_MICT01,MICT,14,111.0,183.0
0.776918928209225,-5.56994185800376,0.0157474120054963,104.413963919264,192.36696709542,-14.6899710205705,6,HIIT01,6_HIIT01,HIIT,239,111.0,183.0
2.42754805941239,-1.89204541658816,-1.90528445912359,16.4201326658824,-16.1373856058889,-0.370347204078888,16,MICT06,16_MICT06,MICT,198,145.0,207.5
-0.379453424622891,-4.14042498743383,0.441460680431246,-1.5157085418546,95.3955155476583,-115.776644777253,6,MICT03,6_MICT03,MICT,277,111.0,183.0
4.99878998521524,-3.52456502112404,-3.5429695549316,5.17527243795967,-5.30923291810303,-19.757469763995,16,HIIT03,16_HIIT03,HIIT,197,145.0,207.5
-1.15441792601971,-5.05212359420911,0.276395511850529,-4.37305195754354,83.0535820911317,-144.235508024967,16,MICT02,16_MICT02,MICT,272,145.0,207.5
0.154453305376373,-5.6315652728994,-0.626764362295612,45.2473653446982,138.844379074461,-77.477861610996,6,HIIT06,6_HIIT06,HIIT,261,111.0,183.0
3.25766430742313,5.94482001318509,-0.0895505002917775,-116.144562327998,-165.416037727523,-70.5207750788509,6,HIIT02,6_HIIT02,HIIT,110,111.0,183.0
2.35449242883877,3.75763365498553,0.569405385624125,-11.776389552829,-182.276790467835,77.6374117275807,6,MICT06,6_MICT06,MICT,137,111.0,183.0
4.44365136374861,-4.72511545317244,-3.15142288750111,45.8446179136257,53.5415898882739,24.3068102533987,16,HIIT02,16_HIIT02,HIIT,205,145.0,207.5
-4.07660872775193,21.6310145362294,0.750975190812149,-18.5935321354307,46.2712795824505,-43.7974535136602,16,MICT03,16_MICT03,MICT,347,145.0,207.5
-0.572346893125345,8.78605160781082,0.876443342680637,-19.7686715164683,-45.9917151598338,116.161542920544,16,HIIT03,16_HIIT03,HIIT,70,145.0,207.5
0.337314665792064,4.22143843708763,0.0101747827882267,-4.05249850427005,-66.8859373521523,50.5877798348012,6,MICT02,6_MICT02,MICT,76,111.0,183.0
-1.93883687044864,-8.5631555535816,1.0339945985343,16.0070164702171,60.0068437792728,-182.276875134608,16,HIIT05,16_HIIT05,HIIT,280,145.0,207.5
-2.06904302577342,-8.43216301525319,1.07103561033908,15.2077136343804,60.1107169082815,-180.702734613981,16,HIIT05,16_HIIT05,HIIT,282,145.0,207.5
6.87388645319338,10.3324907968165,1.53994299310271,-43.5804296586451,-112.658093624645,159.567123154856,16,HIIT06,16_HIIT06,HIIT,112,145.0,207.5
-6.04155840028929,6.7290818483967,0.67484026501141,-59.8996291644425,-13.6567733158277,41.4216923336653,6,HIIT03,6_HIIT03,HIIT,18,111.0,183.0
1.36230882079685,1.15367954520094,-0.976274546584484,28.403176878097,-90.8359500301135,71.3600313791851,6,MICT05,6_MICT05,MICT,164,111.0,183.0
2.69486430595172,-2.73770366100929,-2.46002179094128,431.792794763066,-35.5704717463203,398.707406464992,6,HIIT05,6_HIIT05,HIIT,187,111.0,183.0
-1.67148979161702,4.93738833275525,0.239995873148047,-5.53430745678014,10.0817467709255,23.8034037294625,6,HIIT03,6_HIIT03,HIIT,4,111.0,183.0
-2.11375743187324,2.80470940615381,-0.365617164687322,16.4257965355521,9.53506528816269,76.4283462452309,16,MICT06,16_MICT06,MICT,43,145.0,207.5
-1.34481894434256,-3.02891037979662,0.598645125530438,-14.6345289323478,72.781108294319,-119.856039217863,16,MICT03,16_MICT03,MICT,312,145.0,207.5
1.00242180873571,-4.71729285025444,-0.890026874724763,490.742515835185,215.761134506532,416.944812866905,6,HIIT03,6_HIIT03,HIIT,216,111.0,183.0
-0.430123949079223,2.90972912370103,-0.678239892737366,3.35508701845991,-24.8694647012557,51.7896547817518,6,MICT06,6_MICT06,MICT,53,111.0,183.0
-0.648036913515151,-4.08775872931378,0.97687110793708,-34.0263427218031,66.3449917283873,-127.917961163559,6,MICT03,6_MICT03,MICT,288,111.0,183.0
2.01362767330928,4.85664518680749,0.317128910306591,8.61090400831604,-91.3584938453438,77.0023804203861,6,MICT02,6_MICT02,MICT,98,111.0,183.0
-1.11612331247113,-3.80660956061807,0.605442113896391,-11.786528066556,73.3062590369293,-61.5353990757045,6,MICT05,6_MICT05,MICT,324,111.0,183.0
1.19231028749974,-2.40049859047225,-1.56590292484413,6.90190699660517,5.98604176845789,-26.5399273808392,16,MICT02,16_MICT02,MICT,207,145.0,207.5
7.96909531177608,7.06088667467721,-1.02124255237806,-41.2560963628872,-110.527487827774,137.336093830487,16,HIIT06,16_HIIT06,HIIT,148,145.0,207.5
-1.52548171352384,-3.85046081071745,0.731623928777573,-18.9408752511524,74.3670027954349,-135.754885010974,16,MICT02,16_MICT02,MICT,296,145.0,207.5
3.29527074346017,-5.56339638794863,-2.66846446009355,14.8341638467334,6.65022406749743,-84.4509287041089,16,HIIT05,16_HIIT05,HIIT,212,145.0,207.5
0.42949977751814,-4.41789774938859,-0.647874192035572,187.964786540255,213.152239199446,83.1001435756715,6,HIIT02,6_HIIT02,HIIT,233,111.0,183.0
-1.422550584108,-5.07810590809652,0.666213040320627,-6.8331961228514,75.7390711898149,-140.572934355667,16,MICT05,16_MICT05,MICT,279,145.0,207.5
-4.57610768242529,3.90495408003726,-0.618052727979817,42.4039564103881,29.3567806648263,71.8128390318638,16,MICT02,16_MICT02,MICT,23,145.0,207.5
-1.78393240738329,-4.84728158996538,0.731921667108988,-15.7516707795564,76.2382550453818,-146.931711102539,16,MICT01,16_MICT01,MICT,283,145.0,207.5
-0.886207436179496,8.38907550486377,0.730062999233257,-17.1121717662563,-40.473519738984,113.579782827752,16,HIIT03,16_HIIT03,HIIT,67,145.0,207.5
0.488042969977431,-4.31454515936475,-0.542568020797823,192.932805577484,207.487941892539,93.8404172054157,6,HIIT02,6_HIIT02,HIIT,230,111.0,183.0
-1.0429761045329,-5.19893191417223,0.254548655054741,-5.47323542234181,77.5387061728767,-142.210893435868,16,MICT04,16_MICT04,MICT,271,145.0,207.5
6.83961367473777,0.970415031732395,-3.03752640194752,-185.258924877541,35.1266840709421,-168.837577444345,16,HIIT02,16_HIIT02,HIIT,176,145.0,207.5
0.711328363081043,-6.12827334166093,0.745055110096225,38.0481315178164,163.377392653883,-97.5886765285543,6,HIIT03,6_HIIT03,HIIT,261,111.0,183.0
1.95737694924481,5.44758346996476,-2.41093521552065,-178.439233377552,-164.130717377029,-97.0923700678322,6,HIIT02,6_HIIT02,HIIT,91,111.0,183.0
2.18534202324114,3.17516075673913,-0.0999016312058313,-4.95535263131964,-155.113128391242,70.902514459405,6,MICT02,6_MICT02,MICT,151,111.0,183.0
4.66016992388684,4.75933349619372,-0.651108204792193,-326.644416390508,-140.268020113505,-288.814999119557,6,HIIT03,6_HIIT03,HIIT,141,111.0,183.0
4.75435915995137,-4.2209388220601,-3.20980565408654,24.8983248872511,52.2338638106458,6.38051549411283,16,HIIT02,16_HIIT02,HIIT,202,145.0,207.5
-1.2007753927294,4.56750988587642,0.616402316319266,-185.586017964629,-123.401862672859,-31.0026702890169,6,HIIT06,6_HIIT06,HIIT,52,111.0,183.0
0.987172086031692,-2.17599413708894,-0.928316271950264,22.3952147807139,88.2831120250776,-9.38586217732558,6,MICT02,6_MICT02,MICT,209,111.0,183.0
1.11696009852848,-0.136139764718247,-1.3406378669798,46.8745108788496,-14.7107197934538,72.5904657614289,6,MICT02,6_MICT02,MICT,182,111.0,183.0
-0.978429311892572,-5.2186264564651,0.245769834646715,-4.11529359094279,78.3024811600977,-141.382038837298,16,MICT04,16_MICT04,MICT,269,145.0,207.5
-1.16686729442258,-3.76109834566584,0.351893847205684,50.7345055482173,43.2745959514301,24.9811385510992,6,HIIT06,6_HIIT06,HIIT,352,111.0,183.0
7.22166278183301,4.56536467521608,-2.39279001243767,-29.5953196756099,-76.3547108760062,113.826319306657,16,HIIT03,16_HIIT03,HIIT,160,145.0,207.5
-2.37374264994404,-6.15244731687628,1.3817095418177,2.1024985869306,60.6858860566435,-166.422024511672,16,HIIT04,16_HIIT04,HIIT,302,145.0,207.5
-2.03749843351389,7.8308300898302,0.4721735878705,-5.91090498975943,-20.2955384237222,119.990032435704,16,HIIT05,16_HIIT05,HIIT,62,145.0,207.5
-1.73008386989906,-8.79107071578609,0.785132348893124,15.8800112915816,56.9314326378062,-186.561773068141,16,HIIT06,16_HIIT06,HIIT,276,145.0,207.5
1.47654906896321,1.53387136935645,-0.908751612971557,29.7813656392136,-98.0985895084022,79.7877814630929,6,MICT01,6_MICT01,MICT,166,111.0,183.0
-3.79169061905798,-7.43989300901539,2.3128364488173,14.4446413183132,67.0367395454918,-140.29526317028,16,HIIT06,16_HIIT06,HIIT,318,145.0,207.5
2.06470011729335,3.00277472751557,0.0025342553634644,0.379342447861837,-150.07032587249,74.2291506715627,6,MICT01,6_MICT01,MICT,151,111.0,183.0
-0.688120255299121,-3.31115804221327,0.457159998162324,-45.2429423126093,60.3323880349467,-109.53766975565,6,MICT05,6_MICT05,MICT,296,111.0,183.0
2.71364840231852,4.7734898727561,0.810075138435808,-18.3624450766874,-151.550297391078,74.7631436454115,6,MICT02,6_MICT02,MICT,120,111.0,183.0
-0.298753946391857,-4.15417776044143,0.368243677322737,-4.3294014103831,94.5056697828038,-120.225584582478,6,MICT03,6_MICT03,MICT,275,111.0,183.0
-3.0988454102589,5.11446086043169,-0.755598567010454,129.731462840895,144.330288882441,-50.7590403959315,16,HIIT02,16_HIIT02,HIIT,49,145.0,207.5
3.5672489612878,-4.97202005856332,-2.97721324541241,8.40772679274392,3.33215623624672,-60.4133623878668,16,HIIT03,16_HIIT03,HIIT,207,145.0,207.5
-3.89416350839784,-8.31701922844395,2.31881034858394,4.26249929085763,68.8626840072802,-129.386759589467,16,HIIT04,16_HIIT04,HIIT,324,145.0,207.5
2.02570914926968,3.20503646126224,-0.198612836752498,-7.15137348066618,-158.969157503405,71.5262297791334,6,MICT01,6_MICT01,MICT,148,111.0,183.0
-0.46401778414264,-2.09435064436658,0.538614363660228,-19.049756524112,65.1379058685351,-76.0174847510573,6,MICT04,6_MICT04,MICT,311,111.0,183.0
2.44654725320805,6.71865231696946,-1.41806118550464,-286.330061445868,-190.68868481956,-181.477903616903,6,HIIT01,6_HIIT01,HIIT,90,111.0,183.0
0.347100903064542,7.6975075020148,0.181652463376638,60.8898836289802,137.334734890786,-12.6183522525542,16,HIIT01,16_HIIT01,HIIT,79,145.0,207.5
-0.142993533615525,-3.24869255141956,-0.253869398873004,-38.172546293581,56.7022904564321,-135.965904594985,6,MICT01,6_MICT01,MICT,270,111.0,183.0
0.144775471260864,-3.69181727194709,-0.239317456097388,-28.5159980108343,76.1724040542644,-133.348637969524,6,MICT05,6_MICT05,MICT,266,111.0,183.0
1.01033527995983,5.59635513816541,0.229683385007518,10.124793827269,-52.0007082010929,89.348755491998,16,MICT04,16_MICT04,MICT,81,145.0,207.5
-2.31496764263375,3.66631686549478,0.193361880569058,-124.692713187279,-75.2596247281691,19.1093365520609,6,HIIT06,6_HIIT06,HIIT,38,111.0,183.0
7.64842326920779,10.2201917899349,1.09951913887563,-57.1153143352059,-119.459517418484,155.245490813587,16,HIIT05,16_HIIT05,HIIT,121,145.0,207.5
-12.6258817393089,9.83245865490432,-32.4876170597177,-3613.54848369988,-2064.56971474561,-826.842146511729,16,HIIT01,16_HIIT01,HIIT,132,145.0,207.5
1.35835513416556,-7.30119114221104,-1.52169926482701,173.318797732029,81.9943022481742,139.94012448853,16,HIIT02,16_HIIT02,HIIT,236,145.0,207.5
-1.00654420645889,-5.23272962007182,1.04507393138502,9.96723181149569,99.5750464971571,-80.9253942620035,6,HIIT04,6_HIIT04,HIIT,289,111.0,183.0
0.615378683548468,-5.22872858199048,0.899364975014717,88.4793864469197,164.672143963512,-44.3725703286584,6,HIIT05,6_HIIT05,HIIT,250,111.0,183.0
-1.34935768868876,4.96355896502972,0.110162538887257,-3.18955436902011,11.2344369542943,23.9466682736023,6,HIIT03,6_HIIT03,HIIT,3,111.0,183.0
-1.9091842546518,-3.70055626865651,0.939063288687171,-30.8171059269731,72.2748037029231,-115.798185286458,16,MICT01,16_MICT01,MICT,321,145.0,207.5
-2.82816429451925,5.58639570788146,-0.478148840652357,127.506240926616,134.018685174225,-58.024909156135,16,HIIT01,16_HIIT01,HIIT,54,145.0,207.5
-1.61216501931692,3.91488550754549,-0.157357288394438,10.6076874119357,-7.55308781808535,77.0965879222667,16,MICT06,16_MICT06,MICT,57,145.0,207.5
-0.74634606959961,-9.07493291214489,-0.230707616251215,20.8129829831129,57.2679393084439,-187.759222988407,16,HIIT06,16_HIIT06,HIIT,263,145.0,207.5
4.03672615023942,1.95364075709636,-1.43301393365824,-201.623148057553,-92.7913887565523,-182.518641293903,6,HIIT03,6_HIIT03,HIIT,159,111.0,183.0
0.578649702338726,-4.46727383808238,-1.27872021400122,14.518744406013,55.358881566508,-86.4851816819418,16,MICT03,16_MICT03,MICT,231,145.0,207.5
1.97091877259607,-2.21423092361912,-1.79719086095281,13.5567922541356,-3.46987994313853,-13.7942128795978,16,MICT03,16_MICT03,MICT,203,145.0,207.5
2.43334897953606,3.85710474507479,0.612836346433511,-10.923461311935,-161.380013842716,74.4542794958321,6,MICT02,6_MICT02,MICT,139,111.0,183.0
-0.254305036547719,-5.23446439870708,1.71935472420108,30.0279016571726,112.822931430214,-87.7299060380204,6,HIIT04,6_HIIT04,HIIT,269,111.0,183.0
0.829754942671766,-1.89110416296635,-1.14148534038948,37.8462251149389,63.8235267909386,12.3582113601176,6,MICT01,6_MICT01,MICT,205,111.0,183.0
-8.87253693735712,-10.5641457988838,-39.9792911581957,3017.5889324976,1491.30700732508,1505.28199173606,16,HIIT01,16_HIIT01,HIIT,272,145.0,207.5
-0.0755025157256338,-4.2373813231061,0.536886535334395,-5.69777009802644,95.0235694328232,-124.442055558482,6,MICT03,6_MICT03,MICT,272,111.0,183.0
-1.34978455132258,7.56477800074675,0.0256969344140549,94.0499903799571,136.827411027192,-35.2925290729766,16,HIIT01,16_HIIT01,HIIT,69,145.0,207.5
-0.630199685113006,5.642775486968,1.14169026477848,-177.694282813904,-140.285553571131,-41.9296516829878,6,HIIT02,6_HIIT02,HIIT,63,111.0,183.0
-6.36596616529111,-13.4049727444957,1.23590138290989,23.7374021123535,37.6655545397212,30.6118120928763,16,HIIT05,16_HIIT05,HIIT,7,145.0,207.5
3.81648253462883,7.11224803076697,0.172546872951709,-162.514018312894,-171.827252266313,-105.21798279917,6,HIIT01,6_HIIT01,HIIT,105,111.0,183.0
3.27486422914358,6.22094802568872,-3.04839791590758,-183.564691568626,-171.194249616841,-114.29604148962,6,HIIT01,6_HIIT01,HIIT,97,111.0,183.0
-7.44138149436152,25.061926945574,1.08705360065203,106.341144786952,59.9981018898392,53.5043392531073,6,HIIT01,6_HIIT01,HIIT,348,111.0,183.0
-0.0634759534344497,-9.93203920526211,-0.804694766889934,23.1978919339006,51.9323519743482,-185.354680646874,16,HIIT03,16_HIIT03,HIIT,253,145.0,207.5
-5.99417984915506,10.9811197302543,-0.470736700916413,38.3259927197392,62.9622930736267,78.4465309320319,16,HIIT05,16_HIIT05,HIIT,20,145.0,207.5
-0.76456352365645,-4.33766844376264,0.756755495061468,-19.3742876349168,91.1525211729086,-84.9949385247596,6,HIIT06,6_HIIT06,HIIT,297,111.0,183.0
0.444967487247518,-6.35254424114244,1.19484983785329,-38.2570836922318,113.750630505519,-155.290934194959,6,HIIT03,6_HIIT03,HIIT,270,111.0,183.0
-4.90461793364403,5.30977860443715,0.623539206360105,-57.711101224715,-3.95974581963622,45.0465245000599,6,HIIT02,6_HIIT02,HIIT,18,111.0,183.0
-1.53220238053549,-4.13755531009025,0.567193540663985,-6.15430353441179,76.6740280336999,-127.761622791639,16,MICT04,16_MICT04,MICT,294,145.0,207.5
4.11807367455599,1.59142944373173,-1.29697755139877,11.2254690571474,-94.5449167003981,76.2700594041624,16,MICT01,16_MICT01,MICT,170,145.0,207.5
-1.54979468954834,7.51619378914767,0.554391887115218,-9.13954814698053,-25.1727412591502,116.064760388335,16,HIIT05,16_HIIT05,HIIT,65,145.0,207.5
1.42398818582304,1.72937256096419,-1.09799782979479,21.6967751929531,-126.738187530999,85.4281412476872,6,MICT06,6_MICT06,MICT,157,111.0,183.0
0.484949786163948,-8.72118097878399,-1.11622142485218,24.9859233687136,53.4486710579076,-171.946832874365,16,HIIT05,16_HIIT05,HIIT,248,145.0,207.5
3.06375699296634,6.06842370698975,-1.50396376632087,-152.910207232912,-151.979066926119,-101.919896935388,6,HIIT06,6_HIIT06,HIIT,100,111.0,183.0
-0.789822986538114,-5.15590790471429,0.24032783096318,2.92277623450899,79.9638791501596,-137.624289968086,16,MICT05,16_MICT05,MICT,264,145.0,207.5
-12.9613001905199,-10.489379520962,1.82831485907081,156.842154959096,124.038380963239,-95.051388556618,16,HIIT02,16_HIIT02,HIIT,16,145.0,207.5
-0.487815941791696,-3.76873474287919,0.871890844001057,-43.2593373011045,62.606626429847,-117.33828857348,6,MICT05,6_MICT05,MICT,290,111.0,183.0
-0.493677793461068,-9.0187738218786,-0.305787597321972,21.3430296487786,52.3694062759262,-181.801636332027,16,HIIT03,16_HIIT03,HIIT,259,145.0,207.5
15.1484265732669,12.880287710113,11.2956254327634,-3857.48197273061,-2175.75917126283,-808.006983215115,16,HIIT01,16_HIIT01,HIIT,128,145.0,207.5
4.14518705315273,5.61061920803842,-0.0053057676595442,-281.902842126352,-140.070688583455,-242.105190248418,6,HIIT06,6_HIIT06,HIIT,131,111.0,183.0
0.930283370743512,-3.37372136293164,-0.441735545117041,489.700267209242,140.614671701767,432.715067230607,6,HIIT02,6_HIIT02,HIIT,207,111.0,183.0
-1.68756665694455,-1.55322265559216,0.368940242533769,-1.71084393155281,15.2543630660289,14.8457176888708,6,MICT01,6_MICT01,MICT,6,111.0,183.0
12.5504615341466,7.23630435934156,5.4993726787705,-319.749506039936,-73.8479016088978,-281.797296036952,16,HIIT01,16_HIIT01,HIIT,146,145.0,207.5
-1.12569371433106,-4.68656678893126,0.307973879838006,-4.55773490322993,79.7854369278054,-138.912459120098,16,MICT02,16_MICT02,MICT,274,145.0,207.5
0.932478344155564,-3.84218349139899,0.119639204844342,-26.3268229161174,94.9686774198999,-132.948761818698,6,MICT06,6_MICT06,MICT,241,111.0,183.0
-2.54362284999321,-13.1832297881457,0.192673748449232,137.126684912195,101.812774100218,53.1141186648807,6,HIIT01,6_HIIT01,HIIT,336,111.0,183.0
2.53050512894382,-1.69179021326679,-1.91163316899889,15.9068495838807,-21.0428656488126,5.3342583497131,16,MICT06,16_MICT06,MICT,196,145.0,207.5
2.26485429894615,3.91071876412274,0.388265525936784,-6.77364841265464,-173.594362427253,76.3487361823949,6,MICT05,6_MICT05,MICT,135,111.0,183.0
1.59910920003994,5.42152066933403,-0.380291670977312,-1.36124311481009,-103.583593687892,71.8975761415895,6,MICT06,6_MICT06,MICT,90,111.0,183.0
-2.49863541001635,-8.86133018608135,1.09853945870486,16.7534999122587,60.0784155388032,-185.637539476847,16,HIIT03,16_HIIT03,HIIT,284,145.0,207.5
-0.926972918425859,-7.78779584388053,-0.0906304467539135,178.829126078812,120.092796904377,153.468157570866,16,HIIT02,16_HIIT02,HIIT,263,145.0,207.5
4.60441389468949,2.60049709829845,-0.909310296688209,-1.36170390428095,-111.786518873548,88.0741981875498,16,MICT01,16_MICT01,MICT,160,145.0,207.5
-1.43015712337085,-3.1292234178368,0.810290681008885,-18.1030025161051,71.884209944778,-114.037326662011,16,MICT05,16_MICT05,MICT,312,145.0,207.5
-0.404224079734892,-2.22758891601012,0.339377029790068,-46.188627693553,44.9961809588995,-108.624591102174,6,MICT01,6_MICT01,MICT,302,111.0,183.0
1.32578057443586,5.29948390258322,0.274341015466082,2.63436479829005,-50.4036182496908,89.9169191293344,16,MICT01,16_MICT01,MICT,88,145.0,207.5
1.44629820783886,-3.91621088757221,-1.64691562793521,692.390870975317,108.288005983613,650.098912283374,6,HIIT03,6_HIIT03,HIIT,203,111.0,183.0
0.431966382188063,5.72483974204947,-1.54826242467952,-269.08152769278,-183.980918577174,-134.037675151187,6,HIIT02,6_HIIT02,HIIT,78,111.0,183.0
5.32437544126329,4.83119022696319,0.013370776708044,-35.9833051244952,-123.6894479572,96.1963284506655,16,MICT06,16_MICT06,MICT,142,145.0,207.5
3.8855766726173,6.43708927815206,-0.306126844501587,-137.454238260917,-158.905167739943,-98.1596466584654,6,HIIT06,6_HIIT06,HIIT,113,111.0,183.0
-0.383064861660329,-3.8142514088633,0.302334932623393,-4.88458185897993,85.942754890223,-65.8718518515907,6,HIIT05,6_HIIT05,HIIT,306,111.0,183.0
-0.503149528998889,2.10275383299998,-0.137453089437811,-2.04010621478012,18.560745243443,19.0242619357228,6,MICT04,6_MICT04,MICT,1,111.0,183.0
3.78698619493051,6.64315692059725,0.208492551642041,-136.459113799237,-159.754343351845,-98.8913695075797,6,HIIT06,6_HIIT06,HIIT,116,111.0,183.0
4.06038638940397,7.47243207772196,-0.185396318226338,-181.520384424996,-180.462369936369,-125.8705091091,6,HIIT03,6_HIIT03,HIIT,110,111.0,183.0
-0.0642288947604093,-3.49799781693336,0.66677847803366,-16.4694576756374,72.4521034363225,-111.418401811137,6,MICT01,6_MICT01,MICT,280,111.0,183.0
-8.68752238237865,-29.2781203350239,3.60434939499971,-15.0786694215281,6.46454559942961,34.4631723258742,6,HIIT06,6_HIIT06,HIIT,10,111.0,183.0
-1.97721734303458,-1.36795186328897,0.211817555130649,-7.21345770192707,13.0113566778826,16.2455817889009,6,MICT06,6_MICT06,MICT,6,111.0,183.0
-2.58130848596128,-5.41494308678375,0.777241021354587,33.7040049167988,92.8962958526998,-22.2163712408544,6,HIIT06,6_HIIT06,HIIT,328,111.0,183.0
-1.57163657739005,-4.94314154652102,0.508695955569267,-7.88165868109667,75.333460453162,-137.675534181281,16,MICT05,16_MICT05,MICT,284,145.0,207.5
0.435454648040077,6.96309155822098,-1.85316605357148,-314.341235761558,-182.50525197493,-147.289434255602,6,HIIT04,6_HIIT04,HIIT,80,111.0,183.0
1.01436902654544,-2.5039669259212,-1.1370024835045,12.9162787993321,84.3887350514403,-16.9074375630652,6,MICT06,6_MICT06,MICT,202,111.0,183.0
9.05694208575436,5.08080380297757,-0.747641918191181,-294.469084980159,-24.2236753850531,-279.147274052731,16,HIIT01,16_HIIT01,HIIT,157,145.0,207.5
-5.779056724991,17.6492020507555,0.846736210174168,95.2662052234944,53.5305387888737,48.0950485600175,6,HIIT01,6_HIIT01,HIIT,349,111.0,183.0
1.57404960079501,1.59601118693033,-1.11191443690298,2.11701429798893,-116.845588633995,57.4156033659355,6,MICT04,6_MICT04,MICT,160,111.0,183.0
-4.56908395682936,12.8802183443094,0.146397165273132,6.22966107110159,79.0600246990808,-25.0235201461839,6,MICT03,6_MICT03,MICT,343,111.0,183.0
2.16955668389018,2.79639834063938,0.0950493647888696,-26.9767141458251,-164.224731659104,46.6909864780654,6,MICT04,6_MICT04,MICT,151,111.0,183.0
0.179353400326007,-9.51783546150688,0.0991723304986093,-7.75164231980962,34.2026976573794,-26.3102718447858,16,MICT06,16_MICT06,MICT,355,145.0,207.5
4.29298644905382,3.00546345597467,-0.821032765292431,-13.2402281792066,-108.432982418629,90.3660897691608,16,MICT04,16_MICT04,MICT,160,145.0,207.5
4.93659871535655,5.10778333805172,0.515025936099336,-38.0519430352692,-130.524833301447,100.730274892962,16,MICT02,16_MICT02,MICT,135,145.0,207.5
-3.57757693326279,14.6838005704717,-0.318672682030566,24.8055285610071,46.927960496689,5.24511391480708,6,MICT05,6_MICT05,MICT,348,111.0,183.0
4.36894240883623,5.86694384869533,0.109858448119242,-255.73435011797,-162.451879524009,-206.752959521461,6,HIIT01,6_HIIT01,HIIT,132,111.0,183.0
-1.2360994825667,-4.30492780500187,0.774367557054878,1.24513450273869,89.8278707891554,-60.5227245782471,6,HIIT04,6_HIIT04,HIIT,317,111.0,183.0
-4.42789063985901,-8.4717291160974,0.76808284965656,20.6761587973435,25.6919382530718,26.6255599136017,16,MICT03,16_MICT03,MICT,7,145.0,207.5
-6.04428756602617,-0.564327485132478,-0.215695941507163,40.8922384398105,42.8857332082175,61.3274762442098,16,MICT02,16_MICT02,MICT,17,145.0,207.5
1.16459516788236,0.290371307792452,-1.15501327343831,41.6680116084794,-35.8042785278558,73.5183397423359,6,MICT02,6_MICT02,MICT,178,111.0,183.0
-9.01996345515969,-0.929239522899827,0.381503807642698,150.93565333346,112.769630213175,-99.4947494352807,16,HIIT01,16_HIIT01,HIIT,17,145.0,207.5
1.01740612906532,-3.8972235257338,-0.145463399184,-5.82006851666013,110.658226327824,-106.823956147499,6,MICT03,6_MICT03,MICT,234,111.0,183.0
1.22941414234481,-0.981887600481179,-1.40040658007907,34.3976400080559,-4.50933520965001,44.4322377208551,6,MICT04,6_MICT04,MICT,183,111.0,183.0
-0.449426695950522,-2.95332839258176,0.339780870937532,11.4432330688312,32.787876807301,-5.91176716500013,6,MICT01,6_MICT01,MICT,352,111.0,183.0
1.4118122312191,-8.05909139588398,-1.80285191105719,20.3337528774129,37.3086505613363,-151.646614147134,16,HIIT05,16_HIIT05,HIIT,235,145.0,207.5
1.14847226166214,-4.30083704848441,-0.81259041786605,404.675563266691,138.801175811162,295.478813562798,6,HIIT04,6_HIIT04,HIIT,219,111.0,183.0
-4.02210215155841,4.92364037943837,-0.648920316468362,40.843098223849,30.53476442683,67.7977319981389,16,MICT02,16_MICT02,MICT,22,145.0,207.5
-0.551551696117726,-2.79873199621638,0.453610195249151,-20.7551563064735,63.7773358009751,-89.2377780578062,6,MICT06,6_MICT06,MICT,301,111.0,183.0
-9.06784467252884,-13.2874989804058,1.08435630981179,38.4467523593978,45.4561959854397,56.1296152742269,16,MICT03,16_MICT03,MICT,15,145.0,207.5
-2.75626295008874,6.4501601231656,-0.214286924599243,11.699324181121,-7.17667851757608,116.391253026798,16,HIIT04,16_HIIT04,HIIT,52,145.0,207.5
-3.02269420973784,-5.44804986740065,1.54147582757333,-20.9545830538468,69.5584891829592,-86.7345411025893,16,MICT02,16_MICT02,MICT,333,145.0,207.5
-1.07237549682894,3.76867198688406,-0.579959621296783,-115.907134786107,-93.3497877383462,16.3323445597943,6,HIIT02,6_HIIT02,HIIT,49,111.0,183.0
4.55616100657991,2.50250565938301,-0.928613793761362,0.0185264530776812,-110.33381047851,87.2172647618077,16,MICT01,16_MICT01,MICT,161,145.0,207.5
0.749259625256839,-4.74588226432659,0.0086870475802937,318.22854821289,194.539694979529,205.461995166089,6,HIIT06,6_HIIT06,HIIT,229,111.0,183.0
-0.366867636784903,-1.86880400375476,0.368815786787612,-33.187875708586,55.3542136407385,-94.6707384858828,6,MICT02,6_MICT02,MICT,311,111.0,183.0
-0.690758320941858,4.94143622111372,0.7858515710971,-156.973588519587,-127.483511579888,-27.541920605343,6,HIIT02,6_HIIT02,HIIT,61,111.0,183.0
0.618804885529571,-3.74267208459824,0.291261512456145,-43.0372598160525,69.5070471616226,-152.096785594781,6,MICT06,6_MICT06,MICT,254,111.0,183.0
-1.35023672991964,-2.94405870557031,0.601684474161514,-22.0882268140836,72.5951948528862,-122.93582208309,16,MICT02,16_MICT02,MICT,313,145.0,207.5
-0.950483324639259,-3.38790094856683,0.515175651829184,-13.5911503623872,70.3987426911969,-62.0679009786045,6,MICT05,6_MICT05,MICT,323,111.0,183.0
0.224194961517441,-3.93101933015572,0.106744812260954,-23.5217674206514,82.5746375084392,-131.066717706373,6,MICT05,6_MICT05,MICT,268,111.0,183.0
1.44658862136097,-7.88738235830033,-2.12240467999698,11.1562709419067,33.8421877948308,-151.362165084975,16,HIIT04,16_HIIT04,HIIT,232,145.0,207.5
-0.611389013873514,3.14758039064587,-0.132550642634867,2.64374315366949,15.0617385097171,32.5030976082602,6,HIIT06,6_HIIT06,HIIT,1,111.0,183.0
-0.243592133002672,-4.69248850679196,0.241240787614081,-13.2908275291081,99.77166787371,-115.904814014537,6,HIIT02,6_HIIT02,HIIT,276,111.0,183.0
6.16732984720659,-1.2418541452859,-3.28771649135427,-93.0216023328497,45.4674135356962,-92.8123879996438,16,HIIT02,16_HIIT02,HIIT,187,145.0,207.5
-0.779528123416334,-4.88955179805549,0.917742402421573,-24.9230440861412,92.1010700151494,-97.6207336760146,6,HIIT06,6_HIIT06,HIIT,291,111.0,183.0
0.353991493229328,-5.71393822662998,-0.559562904971474,203.681741178236,172.244987844603,58.3744092945168,6,HIIT04,6_HIIT04,HIIT,243,111.0,183.0
-0.661962442370489,-4.43257780162432,-0.27367640378265,2.44542840118733,73.730235665176,-130.922653184803,16,MICT01,16_MICT01,MICT,259,145.0,207.5
4.36458996710175,3.14195113962982,-0.752889773517329,-14.3952507971146,-110.519777537609,91.4361127052473,16,MICT04,16_MICT04,MICT,159,145.0,207.5
0.418996917848482,-5.37637329188438,0.667992446112393,45.7701557004281,142.194474513003,-82.4504987951989,6,HIIT05,6_HIIT05,HIIT,258,111.0,183.0
-0.59096736851833,-4.4334458154431,-0.228527800445994,3.02329300210043,69.3020179618051,-126.514165943107,16,MICT01,16_MICT01,MICT,254,145.0,207.5
-2.81173337639101,3.01487394451532,-0.611827406517411,35.7657010894399,10.5699482993106,85.0800797480154,16,MICT03,16_MICT03,MICT,36,145.0,207.5
-0.449626501535471,2.47647032683371,-0.751592628843622,-0.242837088024319,-19.2825978694025,51.5891738892866,6,MICT06,6_MICT06,MICT,48,111.0,183.0
4.49462792361128,3.43778560214465,-0.874858756304696,-22.7197452749442,-123.017901805938,95.3074639183316,16,MICT02,16_MICT02,MICT,156,145.0,207.5
-0.184788309518795,-5.07319288982333,-0.675849714830308,0.472625531159296,73.7373371282373,-125.217652008527,16,MICT04,16_MICT04,MICT,248,145.0,207.5
-4.65208913233427,-9.28769379214369,2.35364559403317,17.0187576484011,74.0182232606372,-131.548779108844,16,HIIT03,16_HIIT03,HIIT,323,145.0,207.5
-1.4869602462171,2.97569639897833,-0.246721062174487,23.3343383350222,0.649895949629276,79.3160470144753,16,MICT01,16_MICT01,MICT,51,145.0,207.5
-4.26845335420409,22.1328233059981,0.793546942483966,-16.5262117024041,60.5372691204656,-53.3270327165412,16,MICT02,16_MICT02,MICT,345,145.0,207.5
-9.35670387981062,43.8348939022555,2.33705170707421,22.3309898818939,60.3239783841291,-50.6959595009988,16,HIIT03,16_HIIT03,HIIT,347,145.0,207.5
1.40702107728874,7.33359277291344,-1.24222047237055,-266.311844552797,-174.800400450672,-132.7757578584,6,HIIT04,6_HIIT04,HIIT,88,111.0,183.0
-0.322157207080084,-3.30493415370708,0.696432652981365,-20.569704979939,67.4624510199815,-103.686448824712,6,MICT01,6_MICT01,MICT,291,111.0,183.0
0.460630549986988,-4.16644226479518,-1.42366787497764,2.24109611394068,46.7973130901587,-83.5886403543216,16,MICT02,16_MICT02,MICT,226,145.0,207.5
-0.952881869121023,-5.11750649883313,0.0518004897321138,-1.88875198699587,75.9761778544388,-142.50229195367,16,MICT03,16_MICT03,MICT,268,145.0,207.5
2.37026898820111,4.59994219676324,0.587653926596733,-3.44373086167655,-113.35185568387,77.6838915637011,6,MICT01,6_MICT01,MICT,111,111.0,183.0
-1.35197345730618,-3.15035327240128,0.613445364624467,-8.79592675352998,29.3292280808201,-26.7085659094139,16,MICT04,16_MICT04,MICT,352,145.0,207.5
1.05431857074248,-0.195197278214019,-1.12140389250859,49.8765189969464,-17.9327649744747,66.2493084098434,6,MICT01,6_MICT01,MICT,184,111.0,183.0
-1.08906876124343,-5.50313268137699,0.220987886586287,-2.43413358216994,80.9158709241422,-147.316652246161,16,MICT05,16_MICT05,MICT,270,145.0,207.5
-3.49210003585651,5.8803997468591,-0.345836990237115,16.9140267430142,4.43273865735309,114.718314385836,16,HIIT04,16_HIIT04,HIIT,46,145.0,207.5
4.43427171005333,6.14620185998433,1.33518438461351,-26.7275896761681,-107.502885054165,100.663984481251,16,MICT05,16_MICT05,MICT,114,145.0,207.5
1.31757513832834,4.70029849325952,0.0234727712852652,-10.38094475735,-91.5156113399263,56.0768294678619,6,MICT02,6_MICT02,MICT,89,111.0,183.0
0.384517281523147,-8.89600341856714,-1.10488069750279,22.4314662796793,46.0277968142163,-168.447328839392,16,HIIT03,16_HIIT03,HIIT,247,145.0,207.5
0.471547722784752,-3.77674982202976,0.333410474016769,299.335844802476,210.872154733334,212.98478594868,6,HIIT02,6_HIIT02,HIIT,223,111.0,183.0
-3.29589506566422,1.34201409775838,0.0128100763799217,-22.5286563726325,6.10665983618448,38.9381566505919,6,MICT01,6_MICT01,MICT,25,111.0,183.0
-3.43666648777337,1.44287708865158,0.0160787546200479,-4.11015618932641,0.610115287014988,56.590822396516,6,MICT02,6_MICT02,MICT,27,111.0,183.0
6.50408899113332,3.0180797527671,-2.63545512629119,-20.1529671396525,-62.3614033031558,94.5369770880422,16,HIIT04,16_HIIT04,HIIT,168,145.0,207.5
-2.16142662805958,-8.10860412776772,1.17265659766328,15.0150197107448,58.6514600926448,-178.205027999527,16,HIIT06,16_HIIT06,HIIT,285,145.0,207.5
4.53164789046777,5.86267617511903,-0.514820438448637,-323.589043906702,-146.664397293712,-260.699997977588,6,HIIT04,6_HIIT04,HIIT,131,111.0,183.0
0.169238186878702,3.92682459695903,0.159178308923628,2.13739627490607,-43.275172231455,51.1263196685666,6,MICT04,6_MICT04,MICT,66,111.0,183.0
-1.84539704929763,2.08152250265256,-0.454756884424587,-24.9424586367609,-6.05572996054374,40.7821337934098,6,MICT01,6_MICT01,MICT,34,111.0,183.0
-1.96741623635456,-4.79900730228548,0.804748841275162,1.56338489478437,70.7182248009966,-129.266336649233,16,MICT06,16_MICT06,MICT,293,145.0,207.5
-2.14336131860713,6.30197899508656,-0.455424805325701,108.514540125686,142.252953681552,-36.4362358367609,16,HIIT02,16_HIIT02,HIIT,59,145.0,207.5
38.7432347302078,13.8082908135535,51.3470824101475,-2961.14112124703,-1538.16378963932,-445.639352650699,16,HIIT01,16_HIIT01,HIIT,113,145.0,207.5
-2.4445654272661,-12.7576540712089,0.133773287532744,140.130963186871,99.565262350369,57.4742046800279,6,HIIT01,6_HIIT01,HIIT,337,111.0,183.0
-0.357101808695346,-5.10756398403618,-0.278101472798405,9.62198997061308,81.080660640446,-129.465191186712,16,MICT05,16_MICT05,MICT,256,145.0,207.5
-1.12430748125787,5.62377049139217,0.430673849796131,-235.338020883696,-150.682782417157,-75.5739457415018,6,HIIT05,6_HIIT05,HIIT,59,111.0,183.0
2.40744322646966,10.602700827836,1.27776537448532,-42.0515592542644,-80.3228227275251,137.847927350377,16,HIIT05,16_HIIT05,HIIT,89,145.0,207.5
8.09512411855757,3.16392679269694,-2.5125860926992,-280.660269876972,-9.01753245945736,-261.024021979303,16,HIIT01,16_HIIT01,HIIT,165,145.0,207.5
-0.534850587937184,-2.56672471251207,0.441113882419685,-36.8498860785746,64.8601932765671,-95.023254635303,6,MICT05,6_MICT05,MICT,303,111.0,183.0
2.45455425746112,4.74539927170603,0.312820168248557,-9.69145109763532,-173.485338716546,83.8582302240399,6,MICT05,6_MICT05,MICT,124,111.0,183.0
-0.706697993285092,-3.24276454125644,0.78258952996969,-28.2090596373443,69.3934071553297,-110.612377743701,6,MICT03,6_MICT03,MICT,297,111.0,183.0
-0.590830971333251,5.2098812345408,0.131484778133119,12.7351827386511,-33.5050722459909,83.6056621594742,16,MICT05,16_MICT05,MICT,71,145.0,207.5
-1.01579536731294,4.12082325331484,-0.0414645681593962,30.3309831852669,-21.1129052148063,80.2767755648049,16,MICT02,16_MICT02,MICT,63,145.0,207.5
0.75845115607123,-4.42978986658839,-1.27269204790283,392.466100649001,180.606570845082,325.859621305971,6,HIIT01,6_HIIT01,HIIT,214,111.0,183.0
5.05902870731566,5.9917963580106,1.04728906462329,-33.4549126929307,-120.048224361248,105.721247414079,16,MICT02,16_MICT02,MICT,122,145.0,207.5
7.19352829436367,0.853483879447935,-2.88962937694779,-198.103354121986,18.2024155871407,-197.770145189565,16,HIIT01,16_HIIT01,HIIT,177,145.0,207.5
4.33212653143172,0.702992350233709,-1.88011835867335,-60.1105166534054,-68.8473805595496,-65.9473161715119,6,HIIT04,6_HIIT04,HIIT,165,111.0,183.0
-3.09534558089578,6.11030701198267,0.0772790587757745,6.50693611978864,2.90784634818585,115.658788192321,16,HIIT05,16_HIIT05,HIIT,50,145.0,207.5
-0.725154018550356,4.48545847026708,-0.0049653155736677,26.4462421999147,-27.4390497829434,80.4482601240255,16,MICT02,16_MICT02,MICT,67,145.0,207.5
0.52304111833432,-4.731082188004,0.475203985468276,299.219762746675,201.109474555981,214.213000958876,6,HIIT01,6_HIIT01,HIIT,221,111.0,183.0
-2.05700375318688,7.51669757198014,0.0747098631762487,4.82357172647734,-21.1746661254532,118.636422462118,16,HIIT04,16_HIIT04,HIIT,59,145.0,207.5
2.20805020170737,6.44913433674958,0.615929032103359,-8.33990616366031,-64.1340788940264,100.186384161326,16,MICT06,16_MICT06,MICT,92,145.0,207.5
-1.13061865060551,-5.18066549223238,0.294233553411101,-6.63699636477896,76.8644774672482,-142.366326149084,16,MICT04,16_MICT04,MICT,274,145.0,207.5
-3.61484716851656,19.4082433064572,0.744270471305407,-10.3620770354147,41.4015450878686,-39.0117474226288,16,MICT04,16_MICT04,MICT,348,145.0,207.5
-1.25652986900214,2.38729372875013,-0.70222467485938,-8.08586354508289,-19.4006154404458,61.1904046980139,6,MICT05,6_MICT05,MICT,39,111.0,183.0
-1.26500633978918,-5.01939676498442,0.351832755103445,-5.02430481353264,82.4823492423947,-143.546731344814,16,MICT02,16_MICT02,MICT,276,145.0,207.5
4.9639168163091,-2.26478813355837,-3.16730198174872,6.96608298261721,-19.8243206094772,-8.493107200842,16,HIIT05,16_HIIT05,HIIT,193,145.0,207.5
-3.57436995458704,6.35991349353866,0.0399925813576728,2.80961402893176,-1.75670950730289,109.981328348649,16,HIIT03,16_HIIT03,HIIT,46,145.0,207.5
-3.10217097271955,-5.50650896459589,0.774712789901564,61.4382545272875,97.2618156664999,-7.34515653840316,6,HIIT03,6_HIIT03,HIIT,330,111.0,183.0
-1.33709876809178,1.80679972294279,-0.0209496638154872,13.7379714216914,18.5967988143523,31.3130391685326,6,MICT05,6_MICT05,MICT,5,111.0,183.0
-1.01096331729926,-7.20459163176428,0.736315049551035,8.00026367988995,68.8135993357814,-37.6466003090892,6,MICT01,6_MICT01,MICT,338,111.0,183.0
4.97828505851346,5.5903912540693,0.633539524537688,-27.257508800284,-109.806868849087,102.788059443229,16,MICT01,16_MICT01,MICT,121,145.0,207.5
-1.24871400561605,8.02121073782468,-8.80889106667236,13.8831831968179,193.510875041295,83.467718992971,16,HIIT01,16_HIIT01,HIIT,102,145.0,207.5
0.20612081360825,-8.85128797726768,-0.912208259357666,24.8181874496891,55.5173814759211,-176.120159908453,16,HIIT05,16_HIIT05,HIIT,251,145.0,207.5
-0.288569145946061,-7.06965532330736,0.187980772041138,184.774145031498,90.2482217187217,153.144896045046,16,HIIT01,16_HIIT01,HIIT,248,145.0,207.5
-4.74526925645215,-14.6717951071634,3.27631994264575,64.462568560928,86.3225231310225,101.863971860233,16,HIIT02,16_HIIT02,HIIT,337,145.0,207.5
-5.22663567079111,17.0499854174467,0.342311998043775,56.4963125667608,52.0124006575432,25.1633424709403,6,HIIT05,6_HIIT05,HIIT,349,111.0,183.0
-0.498908142656229,-4.39389995256171,-0.31498641179052,5.90708423677678,66.4639151796586,-120.185181311411,16,MICT01,16_MICT01,MICT,250,145.0,207.5
-2.24776260719804,2.85329788136945,-0.724104750758778,-12.4471840024315,-15.4049830224752,61.9977560215853,6,MICT03,6_MICT03,MICT,33,111.0,183.0
1.03250987921245,8.84592407347927,0.0379604809163663,19.8457127162603,147.980528530451,17.2030914937322,16,HIIT02,16_HIIT02,HIIT,82,145.0,207.5
2.60392559587028,5.29282460918331,1.05333618810729,-0.57535837951359,-116.485026849517,83.5070506477784,6,MICT04,6_MICT04,MICT,105,111.0,183.0
-1.7640701247966,2.26662196881754,-0.452740065798533,-12.2589797380257,-16.0311321860828,53.1441834444889,6,MICT02,6_MICT02,MICT,37,111.0,183.0
-1.83503661678221,-4.51994921505776,0.759041788247955,1.74615370563839,68.1327951501387,-125.456591668215,16,MICT06,16_MICT06,MICT,292,145.0,207.5
-0.0988477496052775,-5.03302220318503,-0.781394052777352,0.008370921587502,71.7419453344873,-123.015182037677,16,MICT04,16_MICT04,MICT,246,145.0,207.5
-5.12005465677303,-8.08734595150155,2.52528636738096,67.6601624076009,-102.880842279685,-136.643216703216,16,HIIT01,16_HIIT01,HIIT,326,145.0,207.5
1.22833159366959,0.66182367421768,-0.953708993325702,41.7996012220732,-70.2990465882882,87.5193687216009,6,MICT06,6_MICT06,MICT,167,111.0,183.0
7.59891413478023,6.08233625709753,-1.40066308922902,-35.3163328756998,-98.4917612270254,125.167287808145,16,HIIT06,16_HIIT06,HIIT,154,145.0,207.5
-1.37837636764473,-5.50070353658893,0.67182275884769,-4.51183601971634,80.0629343037021,-146.272145002443,16,MICT05,16_MICT05,MICT,276,145.0,207.5
1.28434501566456,5.05130642496381,-0.0600557231762914,-3.93335868658773,-87.3863719304312,63.8761414007773,6,MICT05,6_MICT05,MICT,82,111.0,183.0
-0.613228669379424,-3.93953029666505,0.99487991501509,-13.7483922770072,89.5447491828798,-91.8279444187295,6,HIIT02,6_HIIT02,HIIT,297,111.0,183.0
1.18953270929355,-2.33181279443996,-1.03413989722813,36.8216217994875,75.7802006940645,4.51597432566567,6,MICT03,6_MICT03,MICT,202,111.0,183.0
-1.22306101996481,2.65850852499103,0.0356606006483133,0.244973690491284,17.580199832687,14.82524481856,6,MICT01,6_MICT01,MICT,4,111.0,183.0
-1.91823990925529,3.09610002423746,-0.159058959123158,-125.141496495515,-76.6963073550674,19.5309970054274,6,HIIT02,6_HIIT02,HIIT,38,111.0,183.0
-0.564732865523775,-3.89849235569073,0.485131156850217,-42.1264376342105,54.8176583999184,-121.4196236876,6,MICT04,6_MICT04,MICT,285,111.0,183.0
-0.658086539138691,-2.99731364073563,0.22306451566819,-20.177875874001,78.1583095155921,-78.9383548448916,6,HIIT02,6_HIIT02,HIIT,314,111.0,183.0
-0.813181683333293,3.775841074658,0.0839718802145569,-110.181143660262,-92.6981835271316,14.0793319535883,6,HIIT02,6_HIIT02,HIIT,51,111.0,183.0
-4.66553975973832,1.73190443476293,-0.271328440312994,30.5267238009835,21.4286619790063,72.7289993971848,16,MICT04,16_MICT04,MICT,27,145.0,207.5
1.6692975165905,-8.50449806103977,-2.61427887568443,9.89686189076799,31.6774316665729,-149.999819384867,16,HIIT06,16_HIIT06,HIIT,229,145.0,207.5
1.1237638600744,-3.53778835508608,-1.7372990180123,3.55871565740197,30.0512369202032,-56.9013658431832,16,MICT04,16_MICT04,MICT,216,145.0,207.5
1.01339227398522,10.6175752649026,0.745943758498345,-22.1602587383316,-63.5488797325829,140.101029688047,16,HIIT06,16_HIIT06,HIIT,79,145.0,207.5
-6.78514058435164,11.9588739023456,0.922586040855776,100.759040454874,99.1229931029412,40.4134417002212,6,HIIT05,6_HIIT05,HIIT,342,111.0,183.0
1.10981565547143,-0.0551702520441273,-1.23843051616707,45.9914566914758,-42.4449274671963,82.754916814305,6,MICT06,6_MICT06,MICT,172,111.0,183.0
1.04377935179313,-2.91766323654409,-0.734380668163948,11.1730842238811,91.1872321480983,-53.139972358203,6,MICT04,6_MICT04,MICT,217,111.0,183.0
0.451605058864995,-3.73094320804973,0.135484601272372,-39.8635123817683,68.6879803841305,-146.280116207699,6,MICT05,6_MICT05,MICT,261,111.0,183.0
-1.36744692592067,6.78135953806056,-0.0253148106930404,92.4229851821901,130.234105613608,-35.3391905195106,16,HIIT01,16_HIIT01,HIIT,68,145.0,207.5
-2.68095855270542,-5.75891933069906,1.2611488172622,107.277926760307,135.071063607855,117.593782689635,16,HIIT02,16_HIIT02,HIIT,302,145.0,207.5
-1.1642888365965,-2.6968153802698,0.413885717853806,-21.4435942056359,69.7318314827469,-124.166463767727,16,MICT02,16_MICT02,MICT,306,145.0,207.5
0.85003279690109,-3.70768500678736,-0.356235563974968,6.15157125797776,104.595647086317,-86.72068638725,6,MICT04,6_MICT04,MICT,231,111.0,183.0
2.65122485831131,4.58062917378888,1.03808736560139,-12.63921766969,-148.871928048673,81.0122325497358,6,MICT04,6_MICT04,MICT,120,111.0,183.0
7.91884591003473,7.11863841798668,-1.04002858264284,-38.437656215011,-103.293475213741,146.763623351837,16,HIIT04,16_HIIT04,HIIT,148,145.0,207.5
-2.02455479407744,3.27052966428048,-0.413167106444952,24.8640441836835,1.58759183013293,82.359223151839,16,MICT05,16_MICT05,MICT,46,145.0,207.5
-8.00644571759569,3.366250075404,-0.05983952115627,38.5979163864208,50.95829304075,93.2491967868898,16,HIIT04,16_HIIT04,HIIT,25,145.0,207.5
-5.85481617110935,-7.01238546858737,2.70816444390804,19.7539405554165,75.4253698734214,-106.801009589653,16,HIIT03,16_HIIT03,HIIT,331,145.0,207.5
0.507278445974828,4.3238963895695,0.151715864671884,-2.22208517862504,-59.2997388013199,51.747187829254,6,MICT06,6_MICT06,MICT,68,111.0,183.0
-1.02826638771487,-5.02837193635648,0.221476113755629,-2.81452881028577,84.0345193142829,-143.234962273843,16,MICT02,16_MICT02,MICT,268,145.0,207.5
-0.393709260765989,-2.00370739603317,0.379491167505088,-34.531002341296,56.988522802039,-98.5571558200998,6,MICT02,6_MICT02,MICT,310,111.0,183.0
7.86781710224373,2.26576681539223,-2.58974102351839,-245.826612972594,5.91844409438044,-236.320213858236,16,HIIT01,16_HIIT01,HIIT,170,145.0,207.5
4.85475298181953,6.11940074901008,1.30099805390012,-30.8187365057771,-115.117854454531,104.564597027896,16,MICT02,16_MICT02,MICT,118,145.0,207.5
1.13853060303332,0.223054060272417,-1.15659300495145,44.7486527649646,-53.7627242163679,85.2680058536839,6,MICT06,6_MICT06,MICT,170,111.0,183.0
0.0203547049446137,3.75750635378832,-0.2540961801529,10.1312879522668,-37.2301407761152,56.4843439841875,6,MICT06,6_MICT06,MICT,62,111.0,183.0
-1.60960407409777,-3.4090032055882,0.800730073264482,-5.10481131953647,69.1694009727924,-116.330895965119,16,MICT06,16_MICT06,MICT,308,145.0,207.5
2.42756019066843,-1.15069160065157,-1.78065471972663,290.814668689032,-45.5527329450017,272.853849728839,6,HIIT02,6_HIIT02,HIIT,180,111.0,183.0
-2.46036025612154,-7.25890516168026,1.1940589669202,14.9096979139388,59.0039061974134,-168.689060883387,16,HIIT03,16_HIIT03,HIIT,292,145.0,207.5
-1.22085868445081,5.11574589066015,-0.0770326035783225,6.89591295822469,-20.1113684427151,82.9289813584487,16,MICT06,16_MICT06,MICT,65,145.0,207.5
-1.3824135122257,3.772986484426,-0.075780026443271,20.5104578595249,-8.71992616318731,79.5624463256166,16,MICT01,16_MICT01,MICT,60,145.0,207.5
-7.05680704273063,-24.8195742125014,2.46982066807192,16.2783985582688,22.7192355395851,45.211690774794,6,MICT05,6_MICT05,MICT,11,111.0,183.0
0.481683938669948,-4.82007254940395,-1.20042079533766,23.2818390281887,55.8335746713039,-89.8739071637634,16,MICT06,16_MICT06,MICT,234,145.0,207.5
-6.19517113701967,22.6207896296052,0.961423331725317,11.2650452626218,42.1499751825687,-39.1259467033393,16,HIIT06,16_HIIT06,HIIT,349,145.0,207.5
3.17668030156165,1.3604057128645,-1.42748085210463,-77.6192969939764,-76.0930157838131,-55.7178141140225,6,HIIT01,6_HIIT01,HIIT,164,111.0,183.0
2.5293118409311,5.22886161788474,0.765900963624249,5.66435164171117,-139.628739146446,99.0441851307186,6,MICT06,6_MICT06,MICT,111,111.0,183.0
0.510986055152385,-3.39671814794797,0.264348577452897,-32.9313734681034,74.8033773715098,-138.035540957908,6,MICT02,6_MICT02,MICT,257,111.0,183.0
-3.92478459455021,2.87736819849869,-0.328944076786017,30.2548338088919,21.192467568014,82.0439060540259,16,MICT01,16_MICT01,MICT,31,145.0,207.5
-5.13129506093046,4.20035489681165,0.983841224046473,-95.0299414944697,-52.7349692826102,26.49093490972,6,HIIT01,6_HIIT01,HIIT,25,111.0,183.0
-0.288510176149069,-3.28180517921801,0.804570397623241,-21.5340126805418,66.5496647596881,-103.346688058826,6,MICT01,6_MICT01,MICT,292,111.0,183.0
0.554197980375543,-5.26005755725675,0.474756179183868,142.293255149013,177.19355073866,9.42566381364616,6,HIIT06,6_HIIT06,HIIT,248,111.0,183.0
4.91040768012176,10.3930734188169,1.28842483430807,-34.9158955189021,-95.1646693829573,153.540361081164,16,HIIT06,16_HIIT06,HIIT,100,145.0,207.5
8.14530455920405,9.37675887027745,0.555943401380167,-62.0245227238588,-123.185750684333,152.270279315338,16,HIIT03,16_HIIT03,HIIT,130,145.0,207.5
3.00098098485111,-0.814686406057511,-1.97141894465062,12.9000536849626,-38.9535530787892,24.6159948616393,16,MICT06,16_MICT06,MICT,189,145.0,207.5
1.34504431555202,1.1177649393022,-0.80228706496511,37.8411088689253,-90.1365933962265,90.2175300459781,6,MICT06,6_MICT06,MICT,163,111.0,183.0
1.31057095737553,5.53696962217218,0.560987603529076,13.2607143856526,-53.9576385565598,89.8834069641528,16,MICT02,16_MICT02,MICT,85,145.0,207.5
-9.5731150029819,-0.017333582319227,0.289607799205905,45.6096846880088,74.8014542930218,74.4878111328195,16,HIIT06,16_HIIT06,HIIT,17,145.0,207.5
-2.62816047664897,3.64514652507437,-0.412159068322874,-131.19845739069,-75.0125478117025,18.6174402290908,6,HIIT05,6_HIIT05,HIIT,38,111.0,183.0
-1.23163193606408,-8.64390763281203,0.326683406453821,8.46980011026192,55.6980045337518,-199.350812424868,16,HIIT04,16_HIIT04,HIIT,268,145.0,207.5
0.0955492472770468,6.48453051313599,0.928262383511751,-267.22502929435,-181.085240485219,-118.280812483354,6,HIIT02,6_HIIT02,HIIT,72,111.0,183.0
-1.66158025023374,-3.41498171302641,0.720644331451693,-21.944610662044,72.6094782717411,-117.431272655328,16,MICT02,16_MICT02,MICT,318,145.0,207.5
4.0175340608937,10.64355509167,1.27044875444939,-45.533178728666,-90.8402023165407,146.698106564024,16,HIIT05,16_HIIT05,HIIT,98,145.0,207.5
5.16632629971952,-3.3621142577567,-3.19861726241443,-12.9894378163169,50.3607540753431,-25.6427283015366,16,HIIT02,16_HIIT02,HIIT,197,145.0,207.5
-7.72136112728522,3.09420347397937,0.204155552906529,29.4139817473257,46.8447235071418,97.0513215296652,16,HIIT05,16_HIIT05,HIIT,28,145.0,207.5
-3.07862408417277,1.53644125692453,-0.0160870985800974,-5.45509976148783,-1.36671895043261,54.744575673266,6,MICT02,6_MICT02,MICT,28,111.0,183.0
0.0160206548999175,-17.0180384459766,0.142818141243839,17.7361883050615,43.5731003502453,-30.246889678942,16,HIIT03,16_HIIT03,HIIT,354,145.0,207.5
5.1681758127463,4.21044065047099,-0.452872584978533,-31.1812672962572,-128.554249114128,95.0585157427555,16,MICT03,16_MICT03,MICT,151,145.0,207.5
-3.87057801581896,-7.41951673278466,2.34675609863158,75.6480366989436,117.603917905717,103.510914056224,16,HIIT02,16_HIIT02,HIIT,322,145.0,207.5
3.5397626404876,1.55611575770598,-1.61624812244021,-101.809533340958,-80.7770666769925,-77.945684621531,6,HIIT01,6_HIIT01,HIIT,163,111.0,183.0
-1.31166571555456,-8.62634984211824,0.351905054932334,8.37851724523176,55.9630624232482,-199.15232256118,16,HIIT04,16_HIIT04,HIIT,269,145.0,207.5
-1.33350276319667,-5.61239185845454,0.50360296623202,12.4034327819953,74.6574113034959,-140.017628415254,16,MICT06,16_MICT06,MICT,272,145.0,207.5
5.68679149569322,5.59022605578689,0.164396640063397,-46.499060774486,-145.705596268495,95.9830124921271,16,MICT05,16_MICT05,MICT,137,145.0,207.5
-0.321153387836532,-1.86951911875583,0.256158729183914,-41.0247056549568,51.6086621358905,-101.365580914532,6,MICT01,6_MICT01,MICT,310,111.0,183.0
-4.45206309234644,3.43093596356444,-0.194199527398701,26.1836655068759,31.9513565551197,67.4375087640123,16,MICT01,16_MICT01,MICT,23,145.0,207.5
7.49166835578996,4.97059761383899,-2.20056356058655,-32.7903378727224,-96.9045608605474,110.806670285872,16,HIIT05,16_HIIT05,HIIT,158,145.0,207.5
-0.739199180285087,-5.55987488570106,0.19652650645083,5.75254507786007,84.1089050634857,-140.429831265305,16,MICT05,16_MICT05,MICT,262,145.0,207.5
1.07067232310048,-1.55901343759363,-1.27858389962375,34.2273520776108,35.4250747506838,36.9393990877189,6,MICT06,6_MICT06,MICT,188,111.0,183.0
5.03085092862299,10.7488926789025,1.41989554169509,-51.25048556074,-100.589466286485,149.038576860553,16,HIIT05,16_HIIT05,HIIT,103,145.0,207.5
-0.488091258113742,7.01180674422725,2.07516275100513,-256.527117173379,-188.519952053726,-112.051243613244,6,HIIT03,6_HIIT03,HIIT,68,111.0,183.0
-0.233158726176438,-4.17653806629601,0.397383066341738,-5.3749174858216,94.2772496675262,-122.126904305643,6,MICT03,6_MICT03,MICT,274,111.0,183.0
0.101951767614379,-4.04165056168797,0.611095238390478,-23.333685925162,77.1220621398699,-125.87911174071,6,MICT06,6_MICT06,MICT,274,111.0,183.0
2.78785951059197,4.34929718002859,1.19807341116966,-4.24107829257167,-179.512216107807,90.2672532593017,6,MICT06,6_MICT06,MICT,133,111.0,183.0
-2.24409095682097,7.54916274521046,0.405908889795614,-3.56970399935665,-16.3409453061697,119.130232385327,16,HIIT05,16_HIIT05,HIIT,60,145.0,207.5
-0.792093686555057,-3.34466015155746,0.481352841536601,-17.0609502474166,60.8209471049405,-73.9555815326244,6,MICT02,6_MICT02,MICT,324,111.0,183.0
-0.22062528715872,-3.22720386526248,1.01711650542629,-25.673497491306,63.1156524310492,-104.259948925531,6,MICT01,6_MICT01,MICT,294,111.0,183.0
5.19245734777728,3.87248130450796,-0.274791978323002,-19.1763302030005,-124.076796446895,95.9019604586138,16,MICT01,16_MICT01,MICT,146,145.0,207.5
-2.57768697951202,6.24472552966043,-0.199537493859746,2.35898662452036,-6.28064554348668,114.518655315891,16,HIIT06,16_HIIT06,HIIT,53,145.0,207.5
-1.32100563805836,-5.16266776731234,0.511595446093446,-7.69219596344344,76.2771552383765,-141.166233614817,16,MICT04,16_MICT04,MICT,278,145.0,207.5
1.10027047268436,-8.23939807705,-1.63207829482135,14.1779079814071,41.7522850874621,-161.435973405271,16,HIIT04,16_HIIT04,HIIT,237,145.0,207.5
6.16026765528186,10.8000199154645,1.94687781226503,-41.3096414815533,-106.426053139161,159.536038707078,16,HIIT04,16_HIIT04,HIIT,107,145.0,207.5
2.36663874976021,4.97599539468037,0.734600890371388,1.59456281005666,-109.223549646519,78.5647371959124,6,MICT02,6_MICT02,MICT,105,111.0,183.0
-1.81204649357002,-4.31123743450309,0.543901482646868,-20.5222632637395,75.9078110798896,-142.016142927873,16,MICT01,16_MICT01,MICT,292,145.0,207.5
-1.37825702893824,4.26263050372152,0.904336968254201,-161.254447309191,-108.371582469789,-9.82132053379169,6,HIIT06,6_HIIT06,HIIT,48,111.0,183.0
0.589988826027507,-3.14667892256512,0.408797520848863,-5.1945827981293,89.6185977958584,-101.341860609194,6,MICT01,6_MICT01,MICT,248,111.0,183.0
-1.36153028184454,8.75027367324905,0.653897307800743,-15.638668519637,-37.1242875649682,116.56873170935,16,HIIT03,16_HIIT03,HIIT,64,145.0,207.5
-1.23843761149092,-8.8928419316927,0.444447227874464,20.3140890403476,60.2607658224124,-186.567867176774,16,HIIT05,16_HIIT05,HIIT,270,145.0,207.5
-4.39538280649309,-8.64838760940908,2.22422184233241,16.7316222345077,71.2271728709593,-123.235977672998,16,HIIT03,16_HIIT03,HIIT,324,145.0,207.5
0.557911629569467,4.80579137009569,0.456662560081403,-8.44400426257033,-71.2672386864276,56.5152530574503,6,MICT03,6_MICT03,MICT,72,111.0,183.0
-1.685957055555,4.31639081897037,-0.0326132207106873,-136.353072476693,-87.8416682039736,19.505608836292,6,HIIT04,6_HIIT04,HIIT,48,111.0,183.0
0.857794271887362,-3.36967473167614,-0.467611273546849,-14.9442612790363,103.300643811199,-97.8625262047312,6,MICT06,6_MICT06,MICT,227,111.0,183.0
3.964019865339,-1.62003487414797,-2.39893994658402,216.190834746351,-53.7222520794159,178.776794082844,6,HIIT04,6_HIIT04,HIIT,181,111.0,183.0
-2.35520861210323,-8.45515982234719,1.25515234867624,35.2588683191429,80.2249387780475,-18.6817088913462,6,MICT06,6_MICT06,MICT,337,111.0,183.0
7.07027429165381,7.45657573328403,-2.46878414412304,-404.26918952971,-98.2623973217286,-301.401040937103,16,HIIT02,16_HIIT02,HIIT,145,145.0,207.5
1.47993704953108,1.60878109584724,-0.967162406523718,20.0962946978584,-100.888264112852,73.6946651072771,6,MICT02,6_MICT02,MICT,165,111.0,183.0
-0.194421299121784,-4.55905409207187,-0.75876569669163,7.37667165365137,59.3031448311363,-113.942347356995,16,MICT01,16_MICT01,MICT,243,145.0,207.5
0.136412702020727,-4.25342674146362,-1.03581951126481,2.70921447515042,59.8562242587349,-96.9278621878637,16,MICT02,16_MICT02,MICT,234,145.0,207.5
1.06405908006747,-4.12997543979477,-1.52986961471354,20.5827265644651,35.9654133388271,-65.1074830524544,16,MICT06,16_MICT06,MICT,222,145.0,207.5
-1.11169396155963,5.51624509421595,1.17831713098956,-212.90194089768,-140.863563310548,-59.9859162568844,6,HIIT06,6_HIIT06,HIIT,58,111.0,183.0
-4.28121251360209,4.32107213060432,-0.813149871271839,142.099850317932,146.79682178757,-59.9232141658218,16,HIIT02,16_HIIT02,HIIT,42,145.0,207.5
1.92082902847073,5.34944846189629,0.369832370694551,-0.384239472082425,-57.6376992369606,92.8151711918354,16,MICT01,16_MICT01,MICT,93,145.0,207.5
-0.26812214706313,-5.09812630257941,-0.586189956779218,0.654646221589277,75.401003598186,-127.435339989883,16,MICT04,16_MICT04,MICT,250,145.0,207.5
2.7579344297801,4.82461608391057,0.951789959092195,-2.25460471829587,-128.233134151175,83.5403075461421,6,MICT02,6_MICT02,MICT,114,111.0,183.0
-2.72269937385757,-6.6206482750462,1.34314802996416,14.0059900348532,65.8622166700513,-159.0698840829,16,HIIT03,16_HIIT03,HIIT,307,145.0,207.5
4.07024936522828,6.11260020512078,-0.0667207108595782,-268.383905537565,-159.391595424394,-220.207964414689,6,HIIT05,6_HIIT05,HIIT,126,111.0,183.0
-5.37519519939464,16.7542179475056,-0.186034484083286,16.012365336951,54.7095743086614,-15.4481175711048,6,MICT01,6_MICT01,MICT,346,111.0,183.0
-4.211406803125,2.25860955038856,-0.42907655543979,38.9245817235813,21.8844520624505,80.9112152112829,16,MICT03,16_MICT03,MICT,29,145.0,207.5
-4.12156752807004,7.25842637504108,0.55457342806879,6.37693002246469,82.3381451421958,-27.3280865048909,6,MICT03,6_MICT03,MICT,342,111.0,183.0
-0.57421963270253,-2.83615058975735,0.071622966719889,-26.0502464744619,77.0555132005095,-84.5510624248538,6,HIIT02,6_HIIT02,HIIT,311,111.0,183.0
1.4368129000323,1.90003263131422,-0.852831103903127,13.4351520215715,-135.78765443047,78.803256303575,6,MICT06,6_MICT06,MICT,155,111.0,183.0
-0.947797769571346,2.01803589041957,-0.562047203508517,-6.62749286302716,-22.0965158266132,49.185047371528,6,MICT02,6_MICT02,MICT,46,111.0,183.0
-0.82948153473901,4.16091674412628,-0.14803708390971,2.01883363379386,13.7826868283158,30.9704672256335,6,HIIT06,6_HIIT06,HIIT,2,111.0,183.0
-0.648011520388538,-2.36519508409227,0.388751485725711,-14.2467224598525,66.0592856857061,-68.9677115883687,6,MICT04,6_MICT04,MICT,317,111.0,183.0
-1.70590141265747,-5.03969693524839,0.665136383655516,6.42903301152781,69.6024620796915,-131.488826151299,16,MICT06,16_MICT06,MICT,283,145.0,207.5
0.897838895491618,-3.85170724838088,-1.03685276120142,418.412729130929,161.794646786481,353.911227146903,6,HIIT02,6_HIIT02,HIIT,211,111.0,183.0
1.01983499890834,-3.18476004539978,-0.593362513263202,-1.00598166206331,110.033092015846,-76.1080634393907,6,MICT05,6_MICT05,MICT,222,111.0,183.0
-5.87855113108535,-0.473676168818838,0.291399531524131,20.8277188761828,43.7955343326751,54.7821166963227,16,MICT01,16_MICT01,MICT,17,145.0,207.5
-8.08975087699009,-20.2814440801428,2.25644483658097,-10.7749457758666,21.8989074885061,32.2604996576448,6,MICT06,6_MICT06,MICT,13,111.0,183.0
1.81489512761841,4.85736711303299,-0.168318011790768,7.58757543575009,-91.0595622139521,77.8336989595343,6,MICT04,6_MICT04,MICT,96,111.0,183.0
2.31827972718035,7.00859850918832,-2.48806270446877,-291.071615797329,-199.488501785815,-192.429499542308,6,HIIT03,6_HIIT03,HIIT,92,111.0,183.0
0.473204750860768,-3.30626022075761,0.346409917942788,-20.6514237085493,76.1812154521774,-122.393925435865,6,MICT01,6_MICT01,MICT,253,111.0,183.0
-2.66795252445328,-11.5386560516285,1.0738075443128,84.3009536303744,97.2217470206871,23.4366659199103,6,HIIT05,6_HIIT05,HIIT,337,111.0,183.0
2.45862775727263,-1.25589244314229,-1.60319310284201,32.5090355674503,-27.5714724620643,14.9844117489101,16,MICT01,16_MICT01,MICT,198,145.0,207.5
0.279025991040995,-5.19182075400244,-0.985628984001382,13.7520714091916,69.8231424219418,-109.177952562336,16,MICT05,16_MICT05,MICT,239,145.0,207.5
0.584380137872036,-5.04705121104462,-0.85971652859685,205.529524172358,206.266281272062,104.551549873802,6,HIIT01,6_HIIT01,HIIT,229,111.0,183.0
0.197295333785328,-3.69882114213963,0.570553375828541,-29.3123204218417,71.9027025072265,-133.475538901147,6,MICT02,6_MICT02,MICT,273,111.0,183.0
1.00506579388774,10.2120267621163,0.758865874410146,-18.2649401273696,-65.0141845019808,134.521110346719,16,HIIT04,16_HIIT04,HIIT,80,145.0,207.5
2.54274608228342,4.56973119073262,0.719444250237643,-1.9033646389935,-153.534753763597,92.5061318483155,6,MICT04,6_MICT04,MICT,128,111.0,183.0
-1.11196827088182,-8.53002807852866,-0.0316816987988051,185.895148155217,126.855917908546,160.03014389048,16,HIIT02,16_HIIT02,HIIT,264,145.0,207.5
-0.480104259212463,-4.10557140969406,0.239761721209936,9.39981559174715,87.2973953406839,-51.7408282566688,6,HIIT05,6_HIIT05,HIIT,314,111.0,183.0
-2.23210256582867,-9.42296589070619,0.933126990523834,16.9454955974135,58.1532226878795,-190.87475895563,16,HIIT03,16_HIIT03,HIIT,278,145.0,207.5
-1.21666874133423,-5.17608839884849,0.395081159229769,-7.0344791702304,76.6581510886277,-141.812635273472,16,MICT04,16_MICT04,MICT,276,145.0,207.5
-3.72656437561915,3.54519671342324,-0.122235243124211,1.12681557347116,8.99686283193394,56.1927498868962,6,MICT02,6_MICT02,MICT,23,111.0,183.0
1.32487650388524,5.89260865123899,0.42648559672411,2.29725712970936,-59.1084318566762,91.4909873972907,16,MICT05,16_MICT05,MICT,86,145.0,207.5
-1.97497580196168,3.30219497510838,-0.37120364590323,15.5852038507681,5.31872850589372,79.099595490839,16,MICT06,16_MICT06,MICT,47,145.0,207.5
0.578630900739514,-3.95238926324786,-0.457343712912293,-37.2987115897566,79.8512376547202,-147.717933094141,6,MICT05,6_MICT05,MICT,247,111.0,183.0
1.16925661506305,-0.400815714136437,-1.22047050631467,35.4841248091478,-20.2993700694147,53.122349585153,6,MICT05,6_MICT05,MICT,178,111.0,183.0
1.03412166534145,-3.53004944608673,-0.580374598830374,5.86288657844491,110.118227616403,-71.4648702491397,6,MICT03,6_MICT03,MICT,222,111.0,183.0
-0.641323422152139,6.0220729584331,-0.422652761982586,27.1964591121907,40.798364769147,26.6795900292072,16,HIIT03,16_HIIT03,HIIT,2,145.0,207.5
-0.922407816012487,6.20813451295841,0.491060530141617,-261.547489710333,-163.479243390891,-104.589668346779,6,HIIT06,6_HIIT06,HIIT,64,111.0,183.0
1.00795831536072,-3.82520579690637,0.0978707267963363,-9.08195976093067,109.185778241224,-114.440898879681,6,MICT05,6_MICT05,MICT,239,111.0,183.0
-0.134865112775531,-9.03057977116729,-0.667166006932495,21.970903381264,49.9633646431198,-177.608736823812,16,HIIT03,16_HIIT03,HIIT,254,145.0,207.5
-2.73964939198137,6.67165796278052,0.201981121007189,2.83033541176197,-4.51430778257636,117.155132637771,16,HIIT05,16_HIIT05,HIIT,54,145.0,207.5
2.6648469418235,4.84978901257589,0.822480289615096,-0.877174852472745,-125.440554993512,83.8514392061734,6,MICT02,6_MICT02,MICT,113,111.0,183.0
-2.04208363518591,-8.35638207310161,1.02528705893175,10.2617804945343,59.5233854760493,-192.368646388918,16,HIIT04,16_HIIT04,HIIT,279,145.0,207.5
1.15556607272091,5.64124001701331,0.258765758515856,10.1165542783911,-53.2848393854863,90.3654219868991,16,MICT04,16_MICT04,MICT,82,145.0,207.5
8.90595864421523,8.53292038371921,-0.901776702477706,-52.2680475982095,-113.454867699145,152.247891094291,16,HIIT03,16_HIIT03,HIIT,143,145.0,207.5
2.71587932674245,-0.587851865560565,-1.88990561821542,177.218366537134,-49.4374023441491,185.709951575548,6,HIIT01,6_HIIT01,HIIT,176,111.0,183.0
0.88877561485816,-17.0765716613937,-0.10458942096116,18.370055540446,43.9211178262568,-29.517688356794,16,HIIT03,16_HIIT03,HIIT,355,145.0,207.5
-1.08642403659832,5.65816253170085,0.798108141976392,-177.705928588638,-119.316557568069,-22.9729422507729,6,HIIT04,6_HIIT04,HIIT,60,111.0,183.0
-0.640011390806107,-3.85987827575366,0.352879847524502,-40.6719460494265,55.6379138376676,-119.004553842586,6,MICT04,6_MICT04,MICT,286,111.0,183.0
0.415341665126801,-8.71651096370388,-1.19412979047646,13.6722561629792,48.9356376307264,-179.927442656232,16,HIIT04,16_HIIT04,HIIT,246,145.0,207.5
-5.02050437697129,8.04586812430224,0.295059300361442,-65.850726155534,-9.4252474269506,51.1907632224334,6,HIIT04,6_HIIT04,HIIT,22,111.0,183.0
-16.5717183261042,-47.6240964438041,4.07538432203341,32.9800947860564,48.9707240126295,44.7978348633559,16,HIIT04,16_HIIT04,HIIT,11,145.0,207.5
-0.172748235245386,-6.17115374201642,0.524085663791163,-18.3214191651505,103.974099005945,-116.531802468691,6,HIIT03,6_HIIT03,HIIT,285,111.0,183.0
-7.56053558836348,5.46448648237908,-0.664059173094676,156.862609846065,134.30195753074,-84.150692844264,16,HIIT02,16_HIIT02,HIIT,23,145.0,207.5
8.09625899266836,7.32435190915448,-1.13627934519321,-45.6013429455739,-114.29637266394,138.841078172713,16,HIIT05,16_HIIT05,HIIT,145,145.0,207.5
0.560673893177376,6.89208118419103,-2.08696269729635,-307.451897838427,-181.626305408345,-144.850549149569,6,HIIT04,6_HIIT04,HIIT,81,111.0,183.0
5.11782737470623,5.92309021264986,1.21349073766168,-45.1816472550523,-132.378501016503,95.1114907999065,16,MICT05,16_MICT05,MICT,125,145.0,207.5
4.23541054614887,-3.09595707142444,-3.18098563451071,-0.124600077756871,-9.39573705619215,-24.5835825246702,16,HIIT04,16_HIIT04,HIIT,197,145.0,207.5
0.673351852091859,-5.39704996185964,0.146351850922605,191.922883040756,159.019878266279,59.0583521155805,6,HIIT04,6_HIIT04,HIIT,236,111.0,183.0
-4.63004126161464,-8.30095662103616,0.755216525370166,16.0211090970149,23.6486951805684,22.8785709362055,16,MICT04,16_MICT04,MICT,7,145.0,207.5
-1.85655802649624,2.6254362368857,-0.292014990320586,26.8560640327615,7.2649153822673,82.097028981877,16,MICT01,16_MICT01,MICT,43,145.0,207.5
0.538861173858953,-5.82756575916958,0.74681672333777,-36.9266626139756,109.993656540353,-138.268635970635,6,HIIT01,6_HIIT01,HIIT,270,111.0,183.0
0.721026480539156,-3.97924678030078,0.603396541033904,-36.4076305438282,75.356321266744,-148.259845051894,6,MICT05,6_MICT05,MICT,259,111.0,183.0
-3.75200199205442,-3.13935272063066,1.6158619931465,-34.2508409694323,75.767444161949,-78.4485816134829,16,MICT01,16_MICT01,MICT,340,145.0,207.5
-3.28931791051554,4.2637816015095,0.174335163733854,-115.267985693861,-55.3063702694248,25.614415552087,6,HIIT05,6_HIIT05,HIIT,32,111.0,183.0
-4.67891657500874,1.89065894182642,0.0209815483536269,24.9165825672647,33.915250855929,65.1795649942137,16,MICT06,16_MICT06,MICT,25,145.0,207.5
0.717291421423884,-4.07877742193088,-0.41971100291331,405.178310656769,187.888361724012,307.122145233345,6,HIIT05,6_HIIT05,HIIT,220,111.0,183.0
4.42028090529393,2.83033200535702,-1.06186971128133,-16.9062178359434,-108.485528782818,84.9525375989584,16,MICT03,16_MICT03,MICT,160,145.0,207.5
7.79725856417426,6.57106527316669,-1.27518289188268,-35.6668536084353,-97.8158079280488,141.001562848132,16,HIIT04,16_HIIT04,HIIT,151,145.0,207.5
2.36580666493997,-6.96654076431142,-2.31735119201664,18.093835064903,23.3701110915088,-123.734431406428,16,HIIT05,16_HIIT05,HIIT,224,145.0,207.5
7.6181803310905,5.87848936673789,-1.75446325929193,-38.9951083496295,-92.8700224892632,128.112294953208,16,HIIT03,16_HIIT03,HIIT,153,145.0,207.5
0.255025432439125,-8.76530326243806,-1.29957128092339,23.151234147703,56.6262309680974,-177.495847521244,16,HIIT06,16_HIIT06,HIIT,251,145.0,207.5
0.921676960216653,-3.73941075452336,-0.282438140403447,-17.2215968421846,106.240594579659,-109.848059788986,6,MICT06,6_MICT06,MICT,231,111.0,183.0
-0.658664134610981,-3.50794445306448,0.327146442168128,-31.4049263399476,58.7272150652322,-105.33073850493,6,MICT04,6_MICT04,MICT,289,111.0,183.0
-1.07418067364681,5.30273553790899,-0.144700794418632,1.14749541093618,13.1922310283689,31.6066787915677,6,HIIT06,6_HIIT06,HIIT,3,111.0,183.0
-4.42772582517994,10.4644457235981,0.62623122402347,90.9402553746482,50.8213612808052,46.1620838086464,6,HIIT01,6_HIIT01,HIIT,350,111.0,183.0
1.69751838827842,2.16307853127003,-0.50082000266115,8.24514160105162,-124.378213437724,69.7782816971729,6,MICT02,6_MICT02,MICT,160,111.0,183.0
1.01833543817197,-2.23668019301949,-1.23784390923339,16.7646998694533,70.6157312095851,-3.82099458079211,6,MICT06,6_MICT06,MICT,198,111.0,183.0
-0.656176939102419,-2.35217050407999,0.402294097509919,-33.1370906761587,65.277288657309,-100.427613990352,6,MICT03,6_MICT03,MICT,310,111.0,183.0
-5.75543193992001,-16.7722616416355,2.17796902980183,-8.30045944182558,12.6751706864464,29.3690782049822,6,HIIT04,6_HIIT04,HIIT,8,111.0,183.0
1.31912303763797,-7.95341155755983,-2.28348605995233,13.1889398853294,37.1428162026677,-150.778101861234,16,HIIT06,16_HIIT06,HIIT,233,145.0,207.5
-1.99240213688919,-3.35587784004575,0.681336391907237,25.2535423304338,77.7418555721053,-37.8785227822666,6,MICT06,6_MICT06,MICT,330,111.0,183.0
-0.665002961654071,-3.14766637996782,0.842819246788589,-29.0146864820239,68.6870868310904,-109.964751352306,6,MICT03,6_MICT03,MICT,298,111.0,183.0
0.597246205497317,-4.7917246471657,0.634075775432271,179.685158768187,196.987369803715,47.1179448376438,6,HIIT05,6_HIIT05,HIIT,240,111.0,183.0
8.28283045580672,9.39417974755284,0.365049742324301,-51.6945046009811,-125.60276746628,161.645203139467,16,HIIT04,16_HIIT04,HIIT,132,145.0,207.5
-4.14091295005946,-7.57231663089914,0.862017567835506,14.2471914106889,26.0022540467595,20.764950439632,16,MICT06,16_MICT06,MICT,7,145.0,207.5
-4.96479016655956,-7.45466885929457,-8.7158755411149,42.3563936788307,-168.736614649959,-185.137187759979,16,HIIT01,16_HIIT01,HIIT,303,145.0,207.5
6.35627340597161,1.63079868063431,-3.05240058488601,-12.177814696616,-61.5610821584854,63.0814677094333,16,HIIT05,16_HIIT05,HIIT,174,145.0,207.5
0.439743092861808,-5.87624160576234,1.01552820376307,-29.039835197273,104.409139003146,-122.274881448301,6,HIIT01,6_HIIT01,HIIT,277,111.0,183.0
7.35632228625129,1.32141158028488,-2.76561491878428,-213.074078718809,14.7530245278256,-209.61019546099,16,HIIT01,16_HIIT01,HIIT,175,145.0,207.5
-6.70028229810574,11.2882358447084,-0.6668476998486,43.1365729719061,70.8868125406733,78.8914767225485,16,HIIT06,16_HIIT06,HIIT,19,145.0,207.5
18.6243851807439,13.5776755593236,20.7780969676549,-3646.58844211856,-1976.74120832397,-711.8890461099,16,HIIT02,16_HIIT02,HIIT,111,145.0,207.5
0.89891946371488,4.55210124111007,-0.294704282879264,-11.5797570255337,-78.2608070145071,51.2866869805045,6,MICT04,6_MICT04,MICT,79,111.0,183.0
0.46125016149735,-4.59061681791586,-1.09731499039669,14.7073675300289,59.4779190968687,-92.8981854202684,16,MICT05,16_MICT05,MICT,233,145.0,207.5
2.82466766705326,0.0381767847834923,-1.79834168142214,95.4260827101833,-75.7614267926986,86.8258880328337,6,HIIT02,6_HIIT02,HIIT,171,111.0,183.0
-0.398132475050343,-5.12235960525539,-0.45556031280798,1.21737522893098,78.5119448181949,-132.448548471979,16,MICT04,16_MICT04,MICT,255,145.0,207.5
-0.239428907391208,-5.0357562271566,0.0910637303637345,-19.9046719337362,102.661211757469,-126.893657261202,6,HIIT02,6_HIIT02,HIIT,274,111.0,183.0
-2.35162242766956,3.4274393545617,-0.209666704262256,26.3802650785791,38.5871062950196,28.4415166952421,16,HIIT03,16_HIIT03,HIIT,5,145.0,207.5
-1.72053290694644,7.3176815811111,0.53411651941796,-10.2222914477612,-27.4156522840194,109.019757697208,16,HIIT03,16_HIIT03,HIIT,60,145.0,207.5
0.218782575732666,-8.46909682460874,-0.886776348069253,195.366673926856,108.29296566249,162.560375796115,16,HIIT02,16_HIIT02,HIIT,250,145.0,207.5
-2.52965347100242,2.16536066844287,0.315825905065171,83.2168085096534,46.1327559785048,42.5861480494288,6,HIIT01,6_HIIT01,HIIT,351,111.0,183.0
0.122478110325688,2.71436885596143,-0.19162436846419,27.8917685130627,42.1150913711061,26.6852698440327,16,HIIT03,16_HIIT03,HIIT,0,145.0,207.5
-1.49716679845445,4.23376298220524,-0.143042314649119,8.80412403347198,-11.8798055337243,77.743880295626,16,MICT06,16_MICT06,MICT,60,145.0,207.5
0.992321729040997,-1.72426812500585,-1.21661825850805,30.8051961235291,58.774867241708,18.6970808856924,6,MICT02,6_MICT02,MICT,200,111.0,183.0
-0.463658246759679,-3.16430002837294,0.849356554575577,-32.8601928568337,75.9429079274148,-95.7903175848573,6,HIIT02,6_HIIT02,HIIT,303,111.0,183.0
2.4368360703021,-6.87058289930111,-2.34463151638789,17.7492357113415,21.9232271638581,-120.994658269527,16,HIIT05,16_HIIT05,HIIT,223,145.0,207.5
-0.458203657972135,-1.98006788814624,0.344897178536083,-32.8478712030235,57.2758404798096,-93.9831080855442,6,MICT02,6_MICT02,MICT,315,111.0,183.0
5.56117395914641,4.30461415565317,-0.329423775104887,-22.6911005479447,-129.866646223038,99.8165570654539,16,MICT01,16_MICT01,MICT,144,145.0,207.5
3.77355647833283,-5.82919401135912,-2.85386177774789,84.0484445862921,57.5020435763396,57.8883436016256,16,HIIT02,16_HIIT02,HIIT,211,145.0,207.5
-0.619584038889718,-8.20844831255507,0.0676015057064153,22.9008119335027,57.9716152366322,-176.182872183347,16,HIIT05,16_HIIT05,HIIT,263,145.0,207.5
-3.19098982297491,-5.95828845332805,1.77661163645296,83.4556093598901,125.498492556744,106.762666174569,16,HIIT02,16_HIIT02,HIIT,316,145.0,207.5
3.38918772391291,6.19695312543255,1.02841138727174,-2.04876374073319,-79.3741708998995,102.767334899066,16,MICT02,16_MICT02,MICT,101,145.0,207.5
-1.80357490541225,-4.72526142503916,0.952299155089788,-7.80151635123471,78.851692837293,-131.644492111225,16,MICT05,16_MICT05,MICT,294,145.0,207.5
4.18658397837727,2.81763631396702,-1.19618778878665,-223.58886340587,-88.090378693477,-205.18599323811,6,HIIT06,6_HIIT06,HIIT,152,111.0,183.0
-4.90950070738077,-7.22823876764347,2.81819089445615,69.605052897855,106.633983176839,102.232692838063,16,HIIT02,16_HIIT02,HIIT,328,145.0,207.5
-22.0765823796172,-47.1038264809475,7.31641662494088,116.031234318806,89.9552044280736,-72.4280051854078,16,HIIT02,16_HIIT02,HIIT,12,145.0,207.5
4.32450525284778,-3.59136210693361,-2.85607480213068,12.1320714400369,36.1955346434735,-21.4262669962192,16,HIIT01,16_HIIT01,HIIT,202,145.0,207.5
3.83368572939231,2.57756006825829,-1.14498000033302,-259.767865962498,-85.0844538192952,-238.394833894985,6,HIIT05,6_HIIT05,HIIT,151,111.0,183.0
-0.301994835184503,-4.02851053133761,0.362145158109398,-19.5848951976679,76.1706979152884,-115.111582346596,6,MICT06,6_MICT06,MICT,280,111.0,183.0
1.3407965703434,-4.10473305101112,-0.664478775815804,444.773620661692,121.286489176087,342.86479314907,6,HIIT04,6_HIIT04,HIIT,215,111.0,183.0
-1.07062853369477,4.83442521292065,1.15807321818373,-152.54493568199,-127.923578705787,-10.505234446336,6,HIIT03,6_HIIT03,HIIT,51,111.0,183.0
7.07784254595737,1.91824293356337,-2.36954106502593,-228.687748513345,7.44765463814843,-220.679779405984,16,HIIT01,16_HIIT01,HIIT,171,145.0,207.5
-1.49802715266763,8.31001687909599,0.275779164105696,-0.866193357316619,-31.7525135445199,121.244536728395,16,HIIT04,16_HIIT04,HIIT,64,145.0,207.5
11.448869701586,0.88575508734207,68.0095248497955,2477.78329450481,1026.12928266427,1005.14281540269,16,HIIT01,16_HIIT01,HIIT,292,145.0,207.5
-1.63133660981058,-5.60177783717432,0.542166246841589,15.5930544479801,91.7119086376009,-40.1840956988036,6,HIIT06,6_HIIT06,HIIT,323,111.0,183.0
1.93230837602402,4.9041323197034,0.208407481913254,8.12242514600108,-96.3219824331718,79.9195008857772,6,MICT05,6_MICT05,MICT,94,111.0,183.0
-3.54089359136205,5.67453349488466,-0.406060594710312,7.77592729104607,9.20276088055273,111.125491809587,16,HIIT06,16_HIIT06,HIIT,45,145.0,207.5
7.26149603885291,4.77773357179937,-2.34075544210914,-31.1000431393438,-79.0991372679346,115.958780351527,16,HIIT03,16_HIIT03,HIIT,159,145.0,207.5
-1.52768097570478,-3.22347690851841,0.64137198509038,-7.94455363264972,73.5249164038775,-112.015121170834,16,MICT04,16_MICT04,MICT,315,145.0,207.5
0.938206947583091,-0.498818711251735,-1.04485611411999,48.4814143835961,-0.650157710239574,56.6964854184441,6,MICT01,6_MICT01,MICT,188,111.0,183.0
-4.02076981250207,4.36074264811657,0.573350108309302,-113.353662070325,-54.7486950564226,29.8986133890557,6,HIIT06,6_HIIT06,HIIT,30,111.0,183.0
2.77470328998062,-6.34332245181919,-2.66372165753333,11.9919759369479,12.2321661172196,-93.8293427337221,16,HIIT03,16_HIIT03,HIIT,216,145.0,207.5
-1.53983479623603,-3.23288329922174,0.702875769159094,-23.5858334089755,72.5697556959126,-131.630035658177,16,MICT01,16_MICT01,MICT,300,145.0,207.5
-0.45916039001934,-2.21681050783405,0.406298953759741,-35.16954414688,64.9982185197882,-89.5907415205934,6,MICT05,6_MICT05,MICT,308,111.0,183.0
0.449762584086039,-3.30371288618318,0.533145703296994,-32.9725464862975,62.7826867839015,-134.664353058166,6,MICT01,6_MICT01,MICT,261,111.0,183.0
0.250608496756966,-8.62761294045621,-1.06304712344518,15.0847627819588,53.4414185848246,-185.084059727611,16,HIIT04,16_HIIT04,HIIT,250,145.0,207.5
2.29205638680205,3.11756017133217,-0.626777908272232,-14.0108704558829,-171.781373815584,62.4332677397347,6,MICT03,6_MICT03,MICT,149,111.0,183.0
2.82053324334625,7.09841474569887,-2.07234131299754,-250.249149609078,-188.18980701845,-168.146806313247,6,HIIT03,6_HIIT03,HIIT,96,111.0,183.0
-0.533914724229643,-2.08376233284304,0.288340927848634,-30.9533807550302,57.8234741408351,-91.3692883309665,6,MICT02,6_MICT02,MICT,317,111.0,183.0
8.22514212406381,8.95227082689711,-0.0342308516503215,-55.3517858776351,-123.637147777594,150.288033650548,16,HIIT05,16_HIIT05,HIIT,134,145.0,207.5
-0.764323487976817,-5.12426572039261,0.172919979569816,2.38356164289738,77.1035411748884,-138.352180722343,16,MICT03,16_MICT03,MICT,263,145.0,207.5
-0.0867583759333927,-4.17404684649723,-0.784871792225748,6.72585429985817,53.6091337850579,-107.145522418494,16,MICT01,16_MICT01,MICT,241,145.0,207.5
3.82742930487899,1.31016790864645,-1.6954242891677,-156.818862910894,-73.6132688821381,-148.061161750461,6,HIIT05,6_HIIT05,HIIT,160,111.0,183.0
0.851992645868778,-3.48043014830657,-1.58005997864207,3.95864009546287,28.6641150877428,-59.1836032309232,16,MICT02,16_MICT02,MICT,217,145.0,207.5
-5.16426304519696,-6.77605200890813,2.59360272857842,9.03017412031411,72.8902353731306,-114.327914004456,16,HIIT04,16_HIIT04,HIIT,330,145.0,207.5
-1.51701745211221,-2.87150449839991,0.622251461652519,-29.7909661190014,72.0018509990857,-121.203300365925,16,MICT01,16_MICT01,MICT,316,145.0,207.5
-2.1612463877041,-5.58464455104561,0.683898318687465,-2.48705107115159,14.729724233909,15.2620244461975,6,MICT01,6_MICT01,MICT,7,111.0,183.0
1.53786048499123,-2.63335790396519,-1.80024257331071,6.81221646821141,9.50896710259439,-25.3469198700512,16,MICT04,16_MICT04,MICT,206,145.0,207.5
1.18068891391992,-4.69081231996369,-0.855785107640764,410.939373085444,148.553655884971,295.463167660069,6,HIIT04,6_HIIT04,HIIT,220,111.0,183.0
-5.20446588133144,-8.82371804710538,2.64878466610627,12.181555610296,74.6811185541863,-105.645872538352,16,HIIT04,16_HIIT04,HIIT,333,145.0,207.5
-1.15841965944764,-8.6665050253831,0.291557506167672,8.65969356544063,55.45851899293,-199.429062849452,16,HIIT04,16_HIIT04,HIIT,267,145.0,207.5
-0.937836881153715,-5.22700666447806,0.2310105029384,-3.35105772258006,78.6986138783777,-140.838174135902,16,MICT04,16_MICT04,MICT,268,145.0,207.5
-2.24391451279826,-8.02732084097302,0.852758803732201,158.181020950204,137.533401528431,145.741340620314,16,HIIT02,16_HIIT02,HIIT,279,145.0,207.5
2.47727539615537,4.9967836422184,1.02197865825376,10.1246188537263,-111.316787252145,89.190254209584,6,MICT06,6_MICT06,MICT,101,111.0,183.0
7.77382024417327,10.1699899268633,1.49561840864895,-51.1474336163535,-124.53904898197,159.17331622365,16,HIIT06,16_HIIT06,HIIT,119,145.0,207.5
-0.365266390160559,-3.77495208113014,0.313679709984544,-12.5626304969442,82.18183846859,-72.2568828198664,6,HIIT05,6_HIIT05,HIIT,302,111.0,183.0
4.74752155861876,3.24278745174845,-0.935363621818154,-26.8513280023293,-116.177657529739,80.5976553581889,16,MICT06,16_MICT06,MICT,157,145.0,207.5
1.41641418847497,6.36349546037023,0.421572204085182,-5.26287585456992,-55.2435963543835,96.0624354012453,16,MICT06,16_MICT06,MICT,86,145.0,207.5
-0.799612013939743,3.66604145992322,0.248040074168898,10.2673113436211,11.1306575100233,33.3532033879265,6,HIIT01,6_HIIT01,HIIT,1,111.0,183.0
-3.95266060675731,-3.75159800298078,0.434315910622957,23.59110595317,37.5973427479143,29.3695605324289,16,HIIT05,16_HIIT05,HIIT,6,145.0,207.5
-3.05848838587549,4.50667709378358,-0.720531384499735,127.566312809616,138.545025457206,-51.0924983357763,16,HIIT02,16_HIIT02,HIIT,47,145.0,207.5
1.14733517912094,-7.43959034010355,0.341127234510146,13.9441462662498,36.3730081814357,-3.69124849025745,6,MICT01,6_MICT01,MICT,355,111.0,183.0
-0.869009390615,3.2411689085318,-0.501796007594237,11.4330201354518,-29.4102931994127,55.9523100228202,6,MICT02,6_MICT02,MICT,60,111.0,183.0
-1.30768234089478,-2.66728030711186,0.413177812988094,-28.8025339611723,71.3646278480042,-126.901584237824,16,MICT01,16_MICT01,MICT,309,145.0,207.5
-5.15503403339812,-9.32170108490454,1.18914981663772,-6.6047600786019,26.7885063169115,33.5610625133961,6,MICT01,6_MICT01,MICT,15,111.0,183.0
1.67967950514204,-6.88676196026234,-1.92101675154206,165.787258143912,62.145759886583,119.046308298357,16,HIIT01,16_HIIT01,HIIT,227,145.0,207.5
1.16361777004729,0.371082840128757,-1.09600183039485,43.8314431648835,-59.4123364466249,86.1358448411231,6,MICT06,6_MICT06,MICT,169,111.0,183.0
1.0139198077543,-2.92609523425579,-0.830730174400649,-1.32667188137798,98.7931616169485,-52.6051426127775,6,MICT06,6_MICT06,MICT,211,111.0,183.0
-1.65924652342735,-3.10015020428261,0.815718575166563,-7.66667977108737,66.590207359955,-106.317586574713,16,MICT06,16_MICT06,MICT,315,145.0,207.5
-3.71921673594665,4.95571766869087,0.375266930885666,16.7990171822207,72.1568645959185,-26.4278461846246,6,MICT01,6_MICT01,MICT,342,111.0,183.0
-0.3933739046827,-1.92704353630498,0.200779121351387,-42.8347016610076,50.2037980674316,-104.583306952002,6,MICT01,6_MICT01,MICT,307,111.0,183.0
-2.7867300181956,5.37533062370075,-0.686212618360874,123.721397847006,143.24157337118,-46.6446439996968,16,HIIT02,16_HIIT02,HIIT,52,145.0,207.5
4.15483231576722,-3.28408872324285,-3.15805347578161,0.305407875436411,-8.1558750387127,-28.9634212276657,16,HIIT04,16_HIIT04,HIIT,198,145.0,207.5
1.22813617934001,-2.78474967439846,-0.454302734304388,-4.98953093261408,88.7231473601921,-59.8417525629263,6,MICT05,6_MICT05,MICT,212,111.0,183.0
0.956116276591973,-3.1059978902679,-0.515306364522493,-6.31261828392464,104.505930963906,-71.1758831969482,6,MICT06,6_MICT06,MICT,218,111.0,183.0
0.401584570881633,-3.60499938150328,-0.907465787972906,18.7779036344055,36.76542903923,-73.7278354192781,16,MICT01,16_MICT01,MICT,228,145.0,207.5
0.623269620403428,-3.59750301987504,-0.0892483837755629,-9.07808414811201,90.3212321123364,-109.390729058588,6,MICT04,6_MICT04,MICT,240,111.0,183.0
-1.3527721815122,3.22104550668632,-0.30147310278412,27.736167977808,-6.85327663617254,82.1098405911427,16,MICT03,16_MICT03,MICT,51,145.0,207.5
-5.68117226671521,6.04198515607306,-0.373710944981397,16.5597594544966,27.5332095127298,111.266403347663,16,HIIT06,16_HIIT06,HIIT,37,145.0,207.5
2.53560163939912,-0.22501447259719,-1.77578874906853,8.13001259375459,-44.4448086013122,36.459374454809,16,MICT02,16_MICT02,MICT,187,145.0,207.5
-0.888350890133654,-3.86922719502319,0.771664160250684,-5.327569608673,88.9136283117727,-69.2082282146672,6,HIIT04,6_HIIT04,HIIT,311,111.0,183.0
6.38815628560041,-1.10874729958256,-3.18814790449432,-121.679856974913,29.2031785419581,-136.044322261122,16,HIIT01,16_HIIT01,HIIT,186,145.0,207.5
0.817861875777072,-6.040906905356,0.441832022577434,19.0449845920231,148.997081811942,-108.255847817534,6,HIIT01,6_HIIT01,HIIT,257,111.0,183.0
2.98662797887898,6.11692440172428,0.96026937280514,1.52835425955309,-74.9490961830416,101.525634272801,16,MICT02,16_MICT02,MICT,98,145.0,207.5
-3.51589219923165,-5.8502108781975,0.704775018533425,63.6382741806787,-125.775287570363,-142.379584926984,16,HIIT01,16_HIIT01,HIIT,315,145.0,207.5
0.657460192373726,-4.88813265439032,0.616562834811243,156.200384323116,200.668351776341,46.1946143033707,6,HIIT01,6_HIIT01,HIIT,234,111.0,183.0
-5.4811630540704,6.11748285607897,-0.0791839276058434,15.9161448174638,23.9431309896278,97.1411548040497,16,HIIT03,16_HIIT03,HIIT,34,145.0,207.5
-4.00416226248175,3.20910761554977,0.0468194816963577,11.4035530503502,22.5020985996362,55.202566628078,6,MICT02,6_MICT02,MICT,18,111.0,183.0
-7.68156646467196,-5.93762259863346,0.53472887881813,31.9858407107124,42.8113418653723,53.203969493462,16,MICT04,16_MICT04,MICT,16,145.0,207.5
2.03289990724504,-2.15675664851383,-1.83273748006847,17.1078800346328,-3.55201781925664,-11.3395246227685,16,MICT05,16_MICT05,MICT,202,145.0,207.5
6.9450069748529,3.3573188701908,-2.71098186941485,-22.750679713529,-80.7534036167412,88.4672612557888,16,HIIT05,16_HIIT05,HIIT,166,145.0,207.5
-2.07558040490774,-6.01782049522829,1.20652174676672,10.6941614605012,59.8474721233579,-153.415412398189,16,HIIT05,16_HIIT05,HIIT,299,145.0,207.5
5.10204928868117,4.96929049953371,0.540278055818561,-31.2219914323626,-118.86990048192,98.2373524691321,16,MICT01,16_MICT01,MICT,129,145.0,207.5
1.22362815060529,-7.085454980413,-1.5486972488633,182.586196777884,70.2782387704525,136.110411014259,16,HIIT01,16_HIIT01,HIIT,232,145.0,207.5
4.79280883330946,4.07017748710118,-0.49607784223255,-26.8472798125037,-128.668626079421,97.2980316128494,16,MICT04,16_MICT04,MICT,150,145.0,207.5
-1.05242789072732,2.45890888727247,-0.868349634956336,-9.41367918291054,-27.7427414819833,58.3317539112542,6,MICT03,6_MICT03,MICT,43,111.0,183.0
1.5428856966881,1.06878595472079,-0.903036932322519,13.7672850709348,-91.878259268425,59.7615536479766,6,MICT04,6_MICT04,MICT,165,111.0,183.0
-6.73416104277922,3.46694357096284,0.145470424778626,26.7985879296343,42.7574869611408,94.3640641595361,16,HIIT05,16_HIIT05,HIIT,29,145.0,207.5
-1.27717505548568,-3.52743395671767,0.53625990153399,-19.8550363684132,70.1264847617307,-79.9352747094985,6,MICT03,6_MICT03,MICT,322,111.0,183.0
-2.14330580911746,6.59077442414462,-0.244816576761577,113.549451828015,134.051400930484,-48.4747504805737,16,HIIT01,16_HIIT01,HIIT,61,145.0,207.5
2.80973770658345,5.04356449073114,1.21902427214291,-1.48414813724131,-137.857533897124,91.4438725193132,6,MICT04,6_MICT04,MICT,116,111.0,183.0
-0.695598772463665,5.59005877412951,-0.541654277011131,-168.149369035045,-140.347944069266,-43.4992149369617,6,HIIT01,6_HIIT01,HIIT,61,111.0,183.0
-1.05147069932584,2.33810595756397,-0.733837660368883,-6.65742997004634,-21.1239274982085,60.80244194746,6,MICT05,6_MICT05,MICT,41,111.0,183.0
-2.6226336568948,-5.49589636569963,1.29194939276876,99.0979224163188,134.151664677764,113.358409632422,16,HIIT02,16_HIIT02,HIIT,306,145.0,207.5
7.41295113533025,11.5061488166965,1.85521138577893,-60.3259324688618,-117.471052429332,159.200324978556,16,HIIT03,16_HIIT03,HIIT,113,145.0,207.5
-1.12459184863793,-5.05122316741047,0.250020476643306,-4.15820608710473,83.2203533411437,-144.19403993401,16,MICT02,16_MICT02,MICT,271,145.0,207.5
0.575868474015147,-5.13895257998883,1.42837564241984,126.217157912099,171.905210840079,-6.8320254232292,6,HIIT06,6_HIIT06,HIIT,250,111.0,183.0
-0.51856567452924,-2.26936911808089,0.315083114940655,-32.1305577717552,66.2198459779619,-83.8650395514638,6,MICT05,6_MICT05,MICT,313,111.0,183.0
0.734406722292814,-4.72459843884369,0.6567639151704,256.918876846612,193.708255483505,137.97206338832,6,HIIT06,6_HIIT06,HIIT,233,111.0,183.0
3.9292269599221,2.37751287195887,-1.1637839217135,-192.406973265138,-79.752273119317,-178.180420489801,6,HIIT06,6_HIIT06,HIIT,156,111.0,183.0
-1.51548619275096,-6.75276769257702,0.166056874357286,71.6807753245779,93.5346805467978,0.587508341414349,6,HIIT01,6_HIIT01,HIIT,326,111.0,183.0
2.33495792849042,10.5785792574269,1.02142834738304,-20.5745247383065,-73.2039482778552,143.949394215521,16,HIIT04,16_HIIT04,HIIT,87,145.0,207.5
-0.315686098502241,-1.88532405572143,0.224431800503464,-40.4214235316317,52.0062299824034,-99.7158027089152,6,MICT01,6_MICT01,MICT,312,111.0,183.0
0.825860790070223,-5.90241767712965,-0.814940043376601,93.4427104586311,188.412767095883,-33.0089284949771,6,HIIT01,6_HIIT01,HIIT,244,111.0,183.0
3.68175357893259,5.73492242123059,0.542233508946869,-273.84769545251,-144.463131994542,-231.230569539103,6,HIIT05,6_HIIT05,HIIT,130,111.0,183.0
-4.61822089323982,2.37138796444765,-0.116594139707223,26.7678470718482,30.1499260929236,69.2582536474669,16,MICT01,16_MICT01,MICT,24,145.0,207.5
0.0562856089003662,-6.4012316126219,0.27056832729856,-31.4389805257612,107.393102116961,-139.951201390895,6,HIIT03,6_HIIT03,HIIT,277,111.0,183.0
3.34947088570392,-4.91821220280231,-2.98008099065736,4.05459812790056,2.5359920030254,-67.1233108437384,16,HIIT04,16_HIIT04,HIIT,207,145.0,207.5
-1.70937430258928,-4.75120477411333,0.37643388904153,1.3566314859619,83.2044853776071,-54.4040755496685,6,HIIT02,6_HIIT02,HIIT,326,111.0,183.0
0.769225877252661,-4.83721081983477,1.29994963685669,169.69033508211,178.351508099144,48.3471509170862,6,HIIT06,6_HIIT06,HIIT,238,111.0,183.0
3.23379090125142,7.83804691722344,0.585287391343668,-157.761750448304,-160.228376158022,-82.4430280562665,6,HIIT04,6_HIIT04,HIIT,105,111.0,183.0
1.98015675559898,-0.922724987787439,-1.69778296983113,9.33889853858415,-27.2111587111108,18.0993647759011,16,MICT02,16_MICT02,MICT,193,145.0,207.5
-1.27414947253826,3.67582015482344,-0.150184662838909,24.9078160394865,-12.523683889717,80.8866472596614,16,MICT03,16_MICT03,MICT,56,145.0,207.5
-2.24872286478266,-7.57843919704854,1.29434161040953,12.3874279013603,58.1511607111954,-173.633463689758,16,HIIT06,16_HIIT06,HIIT,290,145.0,207.5
4.46031197170413,2.80285355707166,-1.13390603737768,-14.8867653559917,-113.195882376925,80.2731550817681,16,MICT05,16_MICT05,MICT,161,145.0,207.5
0.914614699256646,-5.60860508892565,1.2691380505902,81.0753350019165,197.716738020811,-57.6658657866305,6,HIIT03,6_HIIT03,HIIT,249,111.0,183.0
2.5746676330587,5.39768158110226,1.03605954717317,4.436140433,-126.521210842674,91.3764533123826,6,MICT06,6_MICT06,MICT,104,111.0,183.0
0.686980960199435,5.20496250501498,0.241981196248432,6.59555354002909,-42.3063723402208,87.8065957479204,16,MICT01,16_MICT01,MICT,83,145.0,207.5
-2.87198336766564,-6.33371425531755,1.41064990404329,12.7145435734293,64.2313604539797,-144.291846657412,16,HIIT03,16_HIIT03,HIIT,313,145.0,207.5
-1.22572431019089,4.51614170425005,-0.0656221117879037,21.6226892323727,-20.2244182313725,83.6314635374138,16,MICT03,16_MICT03,MICT,61,145.0,207.5
-0.79667126929291,4.83843791150294,0.617026119666141,-146.935899108597,-121.373722475959,-13.8929802063069,6,HIIT02,6_HIIT02,HIIT,58,111.0,183.0
-5.73964633535566,9.50837955498886,-1.2273404525251,153.727083103315,126.622655266455,-87.2192149738282,16,HIIT02,16_HIIT02,HIIT,20,145.0,207.5
-7.38512629054985,4.45953611203478,2.49972209046993,20.3375293942019,82.6437219850273,-87.8142086013059,16,HIIT04,16_HIIT04,HIIT,341,145.0,207.5
-3.53125445870781,-7.88592279855037,1.08050859742109,94.3328729924855,100.513390298949,32.1794676011603,6,HIIT05,6_HIIT05,HIIT,339,111.0,183.0
3.95042669771452,6.50926297526821,0.223397152576492,-260.039396637522,-165.162824130913,-208.466864657046,6,HIIT05,6_HIIT05,HIIT,123,111.0,183.0
-2.05114981933687,-6.51520987075206,1.31919620796586,14.1912458504733,59.4895844127378,-160.312941592081,16,HIIT06,16_HIIT06,HIIT,299,145.0,207.5
-1.94224369617404,-7.0680303969823,1.03160930999417,12.2022119576638,58.4284186755564,-168.492154711771,16,HIIT06,16_HIIT06,HIIT,294,145.0,207.5
-2.83866353164796,-2.0694122411069,0.656682111550565,-6.12128007240499,13.6255107993815,27.3262987129953,6,HIIT04,6_HIIT04,HIIT,6,111.0,183.0
1.04135757273572,-2.92281333436052,-0.853714901332899,-11.0033222532636,89.4591052293786,-72.0181942972879,6,MICT05,6_MICT05,MICT,215,111.0,183.0
-3.72877553604229,5.58714226147823,-0.396324163195416,8.50273544664893,11.1652338162724,110.633470843987,16,HIIT06,16_HIIT06,HIIT,44,145.0,207.5
-0.0575397567555594,-5.02063847082195,-0.66010789509414,13.8271193105251,75.9612768679143,-115.133138658224,16,MICT05,16_MICT05,MICT,246,145.0,207.5
-0.155196738679381,-5.21704666820206,-0.707077092441348,22.4195986267535,70.5831276164715,-115.456922761395,16,MICT06,16_MICT06,MICT,249,145.0,207.5
-3.7385097847039,5.60012223652213,-0.0573253691933101,5.69539229933486,4.35335696934763,103.680422102413,16,HIIT03,16_HIIT03,HIIT,43,145.0,207.5
-3.58572038460896,-9.01458602808276,1.70266945698121,-14.2701444006251,69.8872702779008,-79.8205655563838,16,MICT04,16_MICT04,MICT,336,145.0,207.5
1.29494692984713,0.915101001107628,-0.831945376059394,39.8779565651374,-80.4022476728765,88.8987726532055,6,MICT06,6_MICT06,MICT,165,111.0,183.0
-15.7110890089037,-13.8687150847968,-73.2955179787052,1622.72103965577,830.842289140739,852.555577880539,16,HIIT01,16_HIIT01,HIIT,269,145.0,207.5
-3.61373962064639,-7.76463941561548,2.19468865537571,3.30438424455794,67.6119584939415,-133.732432942666,16,HIIT04,16_HIIT04,HIIT,322,145.0,207.5
2.24603542025636,-5.94940245762734,-2.32140138511129,7.56913518785836,15.8918144872445,-103.415909086468,16,HIIT04,16_HIIT04,HIIT,218,145.0,207.5
5.65828165389782,1.20269013814685,-2.83294023038612,-13.4442908609025,-43.9484194883692,55.1380307840553,16,HIIT06,16_HIIT06,HIIT,177,145.0,207.5
-5.33907465301936,0.909824059834446,1.00339862684949,-51.1512030748764,-0.0202115204626731,43.4759636142422,6,HIIT02,6_HIIT02,HIIT,17,111.0,183.0
3.77499351760235,0.780283301105021,-1.84829203937475,-71.77341888584,-83.5343690112096,-60.1290062231598,6,HIIT03,6_HIIT03,HIIT,166,111.0,183.0
-3.45721744036051,3.38679746794927,-0.473634927686539,31.7531366151731,18.6095634641425,82.5759756451559,16,MICT05,16_MICT05,MICT,33,145.0,207.5
4.95355110333455,6.05925800746128,1.13176586621748,-32.6255489835882,-117.998177677897,104.972190049112,16,MICT02,16_MICT02,MICT,120,145.0,207.5
-0.638345868297832,2.9287753662975,-0.26783767019577,-6.73267996867844,15.1114331099497,15.2812458246432,6,MICT06,6_MICT06,MICT,2,111.0,183.0
2.25388675937481,-2.2362600091659,-1.97791375203795,17.9003162982339,-6.15151984719583,-8.50607512513921,16,MICT05,16_MICT05,MICT,201,145.0,207.5
-0.783745473691633,-4.55432570459016,0.69186472140629,-21.4928214308681,91.2864398415704,-89.3103081323699,6,HIIT06,6_HIIT06,HIIT,295,111.0,183.0
5.18692268683602,5.18923642366865,0.64668116497321,-28.7182479285574,-130.241814916811,105.339445162259,16,MICT04,16_MICT04,MICT,139,145.0,207.5
-1.61783113531857,-3.38917586494517,0.851253241712517,-20.1160832488631,74.3652999538934,-116.901391983616,16,MICT05,16_MICT05,MICT,314,145.0,207.5
-1.60632947560003,1.86972549716064,-0.443075011974054,-24.0459709434143,-6.96676800979264,39.5134022804973,6,MICT01,6_MICT01,MICT,35,111.0,183.0
1.53409941437823,6.95969990759126,-0.991950342313223,-297.405005136461,-176.803121562499,-189.017694023906,6,HIIT05,6_HIIT05,HIIT,87,111.0,183.0
2.68414224792221,6.33228954433456,-2.9580529050794,-273.737748638884,-189.015190929365,-175.027369984061,6,HIIT01,6_HIIT01,HIIT,92,111.0,183.0
5.45491000472976,4.11725676335024,-0.570968751576858,-34.3282983106401,-127.196804556903,88.4788484062466,16,MICT06,16_MICT06,MICT,152,145.0,207.5
4.58622570463695,7.30365663033304,-0.416818591437717,-178.705934721176,-182.455412684135,-121.326665721767,6,HIIT01,6_HIIT01,HIIT,111,111.0,183.0
2.27967901092824,3.33534711847949,-0.0155148078412328,-7.15523766886554,-159.013408825094,71.311936619463,6,MICT02,6_MICT02,MICT,149,111.0,183.0
1.24695195784243,-7.3646235844135,-1.64282934953157,19.5124064480763,36.721889715034,-146.901905422539,16,HIIT05,16_HIIT05,HIIT,236,145.0,207.5
-11.1468284837058,-30.386395988158,3.81766834329335,-37.1594019379928,-0.0223907326823536,34.3121590363695,6,HIIT03,6_HIIT03,HIIT,13,111.0,183.0
2.3620841544803,4.45087768209706,0.40027846696838,-16.8239150080473,-150.921726258133,74.0619028437963,6,MICT02,6_MICT02,MICT,123,111.0,183.0
0.678636216646426,-4.0060492333983,0.249314478063465,-41.1071022446263,76.0237344593844,-153.801589830998,6,MICT06,6_MICT06,MICT,252,111.0,183.0
-1.22618687322292,2.37047061642853,-0.891763333843441,-11.9738551683675,-26.7151117359082,58.3833710879986,6,MICT03,6_MICT03,MICT,41,111.0,183.0
7.59598570124683,3.08458492202582,-2.33805251867355,-257.76330640819,16.995103609014,-229.019949987496,16,HIIT02,16_HIIT02,HIIT,166,145.0,207.5
-7.05913968154378,4.27659691357979,0.11078488214983,23.6788198095912,35.6889693742964,90.5242777275245,16,HIIT03,16_HIIT03,HIIT,29,145.0,207.5
7.23781661130189,10.6136769255812,1.14270685385704,-52.4986732853575,-123.651395030253,161.625581208482,16,HIIT04,16_HIIT04,HIIT,117,145.0,207.5
-2.50276406909408,5.73236778172152,-0.593086771669452,117.585776251245,142.524093846941,-42.5398482547921,16,HIIT02,16_HIIT02,HIIT,55,145.0,207.5
4.47030909031867,7.7081740904465,-4.66592994756544,-97.4501190650375,41.5395280032146,-213.765240281906,16,HIIT02,16_HIIT02,HIIT,137,145.0,207.5
1.30502385164798,0.100588188386382,-1.291045701829,22.0491914887517,-56.0454986645822,52.4128749254265,6,MICT04,6_MICT04,MICT,173,111.0,183.0
1.05824957379592,4.86309837324922,-0.28977812033381,-10.9475941917252,-81.8032562213646,54.2566735570596,6,MICT04,6_MICT04,MICT,80,111.0,183.0
1.02146673841642,-4.31597953529691,-1.57172349962342,14.5148810756703,42.8267771400467,-74.3343400625358,16,MICT05,16_MICT05,MICT,223,145.0,207.5
-1.27150007672852,1.61809688971209,-0.499348732154095,-23.2206399444783,-9.97855617368744,38.9925319372066,6,MICT01,6_MICT01,MICT,38,111.0,183.0
0.023477735612578,5.48307869242977,0.148077792513702,25.4358059376731,-37.8311931957474,88.149669798559,16,MICT02,16_MICT02,MICT,74,145.0,207.5
-0.730260027004269,6.12356061564511,-0.822414461509878,-171.654440508789,-146.755481693427,-44.1506544658892,6,HIIT01,6_HIIT01,HIIT,62,111.0,183.0
0.701126148986157,-5.0431567232644,0.464199784314841,140.454790511649,171.240352785464,18.9659433935925,6,HIIT06,6_HIIT06,HIIT,240,111.0,183.0
7.65345059651043,3.81265931931268,-1.64213072524659,-289.7565587075,-22.6247840003119,-262.827023815482,16,HIIT01,16_HIIT01,HIIT,161,145.0,207.5
-1.97659415970335,-8.2417168410501,0.56105560484747,166.270809182794,136.372712711435,150.151026014805,16,HIIT02,16_HIIT02,HIIT,275,145.0,207.5
-1.24951609758998,4.43386311954852,0.948121699009808,-174.037703451645,-116.130620747553,-20.7227104957671,6,HIIT06,6_HIIT06,HIIT,50,111.0,183.0
-0.193537841754591,-3.74704328866834,1.12751779976409,-33.314222162413,62.3798975692489,-121.015138381827,6,MICT02,6_MICT02,MICT,288,111.0,183.0
-0.716685806015726,3.142254214731,-0.405139512627832,-1.15749866021297,-27.4843892384697,44.0438003604164,6,MICT01,6_MICT01,MICT,63,111.0,183.0
-1.12769331458587,-3.6977710941478,0.657367007399521,-11.9087599664144,64.4756430893915,-68.9016134933975,6,MICT02,6_MICT02,MICT,327,111.0,183.0
1.19630028175187,-2.67308950245941,-1.22677080845687,25.8585390468633,11.6584882963101,-37.8483784319068,16,MICT01,16_MICT01,MICT,215,145.0,207.5
4.23145907344448,6.71271606342616,1.41702892931255,-11.6890067606472,-93.3458401626986,108.049027508612,16,MICT05,16_MICT05,MICT,108,145.0,207.5
-1.11026384381242,8.09275265975358,0.628803766727639,-15.6752417236509,-37.0781671860588,111.816068341611,16,HIIT03,16_HIIT03,HIIT,65,145.0,207.5
5.45930274532087,0.148940692339541,-3.11771744676973,-10.0908517601148,-35.6823099649956,44.591486884514,16,HIIT04,16_HIIT04,HIIT,181,145.0,207.5
-2.4187384512309,-7.31700205027631,1.19970499946582,9.94179181385884,63.1975431974484,-177.843572351439,16,HIIT04,16_HIIT04,HIIT,291,145.0,207.5
2.4089808782549,-2.95407739070986,-1.88923743358027,496.831152903867,0.408745117227875,456.582817318417,6,HIIT06,6_HIIT06,HIIT,194,111.0,183.0
8.43854267657748,-1.23709248115507,58.1936322443622,663.720405079883,117.526382021361,96.2791805707317,16,HIIT01,16_HIIT01,HIIT,296,145.0,207.5
-0.33780408785421,-4.04901975707116,0.803029608972661,-14.3547272451078,76.9029196958879,-104.683360014666,6,MICT06,6_MICT06,MICT,285,111.0,183.0
-2.71081365366173,-5.62658960644209,1.50665233817613,90.269540135759,131.297643688494,109.502170133613,16,HIIT02,16_HIIT02,HIIT,311,145.0,207.5
1.18253274029558,-1.76627019154417,-1.48043640174005,53.3273823593051,45.6161474735701,41.5416604381751,6,MICT03,6_MICT03,MICT,193,111.0,183.0
-2.03228977241572,3.5220461159942,0.162950366390581,-149.893863685462,-106.235244348866,-5.94389880907404,6,HIIT01,6_HIIT01,HIIT,42,111.0,183.0
1.02133720091489,-1.25903261070033,-1.11040119701376,36.1485579296873,39.434911781253,35.0411382611031,6,MICT02,6_MICT02,MICT,195,111.0,183.0
-0.214308456134034,5.31983973482673,0.116068610171968,12.717506532447,-32.3048497877261,88.132031213619,16,MICT01,16_MICT01,MICT,76,145.0,207.5
0.559888280552709,-3.70030811118802,0.268001791180371,-19.1375339194967,81.4408058516596,-123.515275485856,6,MICT04,6_MICT04,MICT,246,111.0,183.0
1.71836036206597,-3.60806026925017,-1.87598392774293,20.8767142924425,17.6443085170867,-40.3484901291317,16,MICT06,16_MICT06,MICT,212,145.0,207.5
-2.96212787608743,3.1357459732041,-0.62009051335236,36.1150557025708,11.9809881326777,84.7931351815632,16,MICT03,16_MICT03,MICT,35,145.0,207.5
5.50794738887922,11.6164080535379,1.81140139035585,-50.1920380341243,-100.996687480987,153.381797469386,16,HIIT03,16_HIIT03,HIIT,102,145.0,207.5
2.7554073697317,6.11641855843199,-1.81453692960398,-165.956744749212,-153.317732808169,-84.3577361266643,6,HIIT04,6_HIIT04,HIIT,100,111.0,183.0
-5.34509474698882,4.17509432746243,-0.25365831966935,41.7760249425788,48.2356336418743,67.7620601776169,16,MICT05,16_MICT05,MICT,18,145.0,207.5
-2.5333988413543,1.79812982926218,-0.31521190741743,-25.3496313002595,-1.34366716224604,40.2885745763156,6,MICT01,6_MICT01,MICT,30,111.0,183.0
-4.89311943020337,-12.8077468376264,3.02368598524081,18.3852552338685,75.3601424970571,-96.2432236920753,16,HIIT06,16_HIIT06,HIIT,335,145.0,207.5
0.988821737037587,-3.96669306805579,-0.0946809581107524,-9.86480101506022,107.374555494909,-114.163281704961,6,MICT03,6_MICT03,MICT,236,111.0,183.0
-0.889640235005412,4.71813269357379,-0.0046228069155013,28.3478306175634,-26.8470070843164,83.2926268300106,16,MICT02,16_MICT02,MICT,66,145.0,207.5
-2.9413342214958,-11.9585627626383,0.625954043389525,88.5272716546372,100.870597619134,18.4954896860635,6,HIIT03,6_HIIT03,HIIT,336,111.0,183.0
-1.28578279120138,8.01358228945327,0.238601651852779,-7.30566812927965,-30.126172188681,121.51449010804,16,HIIT06,16_HIIT06,HIIT,65,145.0,207.5
1.52161660003973,-4.20800517114858,-0.575835011025179,488.125984249689,117.147991572428,385.593505789845,6,HIIT04,6_HIIT04,HIIT,213,111.0,183.0
5.1967820289834,4.80536516874759,0.483216871233814,-30.0890190127821,-131.33887735247,104.232261486386,16,MICT02,16_MICT02,MICT,145,145.0,207.5
-2.83429689287208,-8.98371348746694,0.690587600617997,36.9313013449811,90.4388966908861,-14.3681173509791,6,HIIT02,6_HIIT02,HIIT,338,111.0,183.0
3.43385948698088,3.4238726179835,-0.267039429203377,-228.472391627225,-102.591599121669,-195.696285898668,6,HIIT01,6_HIIT01,HIIT,153,111.0,183.0
0.827300563050987,-5.60993449694044,1.26510886396141,65.0512224047374,172.381588106485,-64.5812897869362,6,HIIT01,6_HIIT01,HIIT,251,111.0,183.0
-2.08691350287219,-5.4587450486141,1.30619779962363,6.98317259597859,60.086663892294,-143.621919670514,16,HIIT05,16_HIIT05,HIIT,308,145.0,207.5
3.68088372511593,2.34230712443333,-1.04345824574972,-192.552050432477,-78.8522156655455,-177.871567320843,6,HIIT06,6_HIIT06,HIIT,155,111.0,183.0
-2.01989362368175,3.05652675007029,-0.503186315675071,34.9979200175577,3.54528707426436,88.5900675265459,16,MICT03,16_MICT03,MICT,42,145.0,207.5
1.87258145178204,2.67921773529431,-0.241089444026557,7.13651035200332,-148.993844255377,71.4408669733621,6,MICT05,6_MICT05,MICT,151,111.0,183.0
-2.79846750092597,4.36379597609657,0.0878159514862211,-125.992652436967,-72.7043559564806,22.7180893633024,6,HIIT06,6_HIIT06,HIIT,36,111.0,183.0
4.53190958768389,-0.391889217844498,-2.25474827885818,28.4707871295893,-65.0159544229865,10.7568789349955,6,HIIT04,6_HIIT04,HIIT,171,111.0,183.0
-6.06497254574372,4.58457536951521,-0.557648882676786,156.692738999172,137.820423747353,-81.9158731631964,16,HIIT01,16_HIIT01,HIIT,33,145.0,207.5
-5.33110968574223,2.99980071480243,1.09858779449467,-97.0769549169005,-50.1484627392262,31.2036979522133,6,HIIT03,6_HIIT03,HIIT,26,111.0,183.0
-2.59145374733981,-6.63474164114488,1.21304754583315,123.981141283039,138.060513193327,126.745181828155,16,HIIT02,16_HIIT02,HIIT,294,145.0,207.5
-7.17949548675379,-22.1516618786341,2.48453332115771,-1.00851304443927,24.2184276675403,33.490917943213,6,MICT04,6_MICT04,MICT,12,111.0,183.0
5.35651278321621,3.51363302377028,-0.740414522849409,-11.9554862713688,-124.707879562383,95.9225011103069,16,MICT01,16_MICT01,MICT,153,145.0,207.5
-5.60267705429299,-10.4036181554146,2.78822791126557,17.1394718152891,80.9936382078544,-87.5448522853756,16,HIIT05,16_HIIT05,HIIT,339,145.0,207.5
-1.20088036474341,4.76770774964684,0.402091986810286,-193.165241935011,-129.143873985313,-39.1805654716613,6,HIIT06,6_HIIT06,HIIT,54,111.0,183.0
1.06760017287918,-3.37703729215435,-0.22123974487273,-13.8367370199367,100.787718695762,-99.6938896185068,6,MICT05,6_MICT05,MICT,228,111.0,183.0
2.25228086709935,-3.2644996916593,-1.46876122351697,472.849411986831,36.1417921028141,398.894698652133,6,HIIT04,6_HIIT04,HIIT,201,111.0,183.0
3.71500483517062,1.92443242327547,-1.28012190813306,-4.60103926928979,-92.8503622977482,79.5751162171044,16,MICT02,16_MICT02,MICT,169,145.0,207.5
3.10203451356905,-1.01482221466054,-2.15396325138783,216.376619669455,-61.0373857994488,213.296519350254,6,HIIT03,6_HIIT03,HIIT,178,111.0,183.0
-0.903757353895862,2.72438190088651,-0.584984064005064,3.77787758421676,-25.6916550786631,52.6832800299858,6,MICT02,6_MICT02,MICT,54,111.0,183.0
0.598733725055638,-3.63247887855622,0.383441692503391,-31.7585936851718,79.5313883083431,-140.278184845842,6,MICT02,6_MICT02,MICT,256,111.0,183.0
2.03136696924963,10.4779850280897,1.39453331852691,-38.7166279238947,-74.9512688283497,136.901454326714,16,HIIT05,16_HIIT05,HIIT,87,145.0,207.5
-3.05404933938125,-6.46001270076134,1.82270880284941,13.0348226948756,62.511811016276,-137.064276210483,16,HIIT06,16_HIIT06,HIIT,316,145.0,207.5
-1.44031295134033,-3.50037812791967,0.641259850554612,-21.5368527320189,72.779269740541,-134.357023897897,16,MICT02,16_MICT02,MICT,299,145.0,207.5
-4.06391678325737,-3.92696081205566,0.476092499122946,25.6927076642538,37.5515355832704,30.6688968170882,16,HIIT04,16_HIIT04,HIIT,6,145.0,207.5
-1.08039905595815,-5.71302582025798,0.573254989019377,-3.06900045419357,65.2116151821692,-52.3146889551426,6,MICT01,6_MICT01,MICT,334,111.0,183.0
-4.38166524059471,1.74260547905649,-0.0788350989351217,23.3306911114158,29.5702380161549,69.2147648691379,16,MICT06,16_MICT06,MICT,28,145.0,207.5
-0.230596386015979,-7.96439852755013,0.601892011097079,-14.3725878696455,34.1733308640421,-26.9333007393714,16,MICT01,16_MICT01,MICT,354,145.0,207.5
1.00981152414969,-3.92753183382237,-0.108851261868301,-7.83316622351411,109.047557251258,-110.519775587936,6,MICT03,6_MICT03,MICT,235,111.0,183.0
5.47617804456662,6.45139912819021,1.39337911007118,-44.9782542200081,-134.92071313462,99.6712399582481,16,MICT05,16_MICT05,MICT,124,145.0,207.5
-5.83645818163262,4.57177160602516,-0.596064843829698,155.533384828181,138.118187330626,-80.5463656105044,16,HIIT01,16_HIIT01,HIIT,34,145.0,207.5
4.22656093111206,6.76111181663551,0.287095980890939,-304.900523725533,-156.643762682033,-236.123087736484,6,HIIT04,6_HIIT04,HIIT,126,111.0,183.0
2.11398555321502,5.66979140469832,-2.37830608070611,-272.756881851818,-167.937590392762,-178.99073693972,6,HIIT05,6_HIIT05,HIIT,91,111.0,183.0
-2.56359436559839,-3.51336922450579,0.792876150449999,22.6733996517019,75.0088367734864,-26.5989653708868,6,MICT02,6_MICT02,MICT,340,111.0,183.0
-1.6748141357767,-4.72194174201206,0.653846244659639,-6.28952884783194,76.5589682733972,-131.788365789337,16,MICT05,16_MICT05,MICT,289,145.0,207.5
-8.84208650629426,-19.566645645869,3.40924105952543,-25.3960005539242,11.7218968175491,47.7290314585693,6,HIIT05,6_HIIT05,HIIT,14,111.0,183.0
-1.6435167313194,-8.32969816454594,-3.76807067582551,239.853154454492,129.998130565258,186.316295306735,16,HIIT01,16_HIIT01,HIIT,254,145.0,207.5
-1.12119158244111,4.55342015283452,0.976495339968533,-188.313466394001,-123.376522952651,-37.1492669901238,6,HIIT05,6_HIIT05,HIIT,53,111.0,183.0
1.40252538461918,-0.497990444323544,-1.48435685210563,57.2968806599642,-17.1009772598118,73.3744541781599,6,MICT03,6_MICT03,MICT,180,111.0,183.0
2.30635448129961,-0.82517661838443,-1.56420370278147,238.905688771245,-51.9953877530323,223.780096953651,6,HIIT02,6_HIIT02,HIIT,178,111.0,183.0
-7.37435169440946,26.0863091060359,0.830406848999523,71.1591907249173,62.569923199517,29.1795685911899,6,HIIT03,6_HIIT03,HIIT,348,111.0,183.0
1.60997736431577,10.308411006076,1.39345725369128,-34.6132274484764,-68.8244902581621,136.260988148553,16,HIIT05,16_HIIT05,HIIT,85,145.0,207.5
2.26565106303044,5.02258557905333,0.459816772814065,-0.799467991651209,-123.580967013239,82.2123973728677,6,MICT05,6_MICT05,MICT,104,111.0,183.0
-13.0546368409434,-37.5512731965261,3.25083062973039,27.9932669228412,41.4574510920531,37.1463908432292,16,HIIT04,16_HIIT04,HIIT,9,145.0,207.5
-4.81786200335019,14.686056123584,1.29445371219691,-15.5625123065422,65.7016829486207,-63.8313917637152,16,MICT04,16_MICT04,MICT,343,145.0,207.5
-5.2880872691437,3.57180186634401,-0.101696022453615,22.9716957247811,44.1837763042878,59.6158593105084,16,MICT01,16_MICT01,MICT,18,145.0,207.5
-0.254934808089957,-9.07832944781398,-0.415836841617315,24.3970647575781,59.0239502172953,-181.504670635248,16,HIIT06,16_HIIT06,HIIT,256,145.0,207.5
1.33617787920639,-7.99032540219337,-1.95802108759497,12.6168161292553,37.4419428069845,-155.510572560244,16,HIIT04,16_HIIT04,HIIT,234,145.0,207.5
6.04080561264278,2.32653985714052,-2.68703173441792,-18.02097509485,-56.5166103454645,72.8828999998436,16,HIIT06,16_HIIT06,HIIT,172,145.0,207.5
-0.351697109046127,3.20038437830388,-0.217261282253977,3.29810122762977,-31.4572780483339,47.0267651007818,6,MICT01,6_MICT01,MICT,68,111.0,183.0
-6.15277923291662,-16.3194550704712,2.77207764236286,25.6420644680482,84.54433827452,-97.547203043291,16,HIIT03,16_HIIT03,HIIT,336,145.0,207.5
0.636319415947578,-6.26670907233922,-0.123157952343083,36.5290001022012,166.055305086451,-100.103742783133,6,HIIT03,6_HIIT03,HIIT,258,111.0,183.0
4.98696189545788,3.71953519721967,-1.35908792922023,-265.878709234454,-103.830924172924,-234.108734390139,6,HIIT04,6_HIIT04,HIIT,146,111.0,183.0
-0.146206076859904,-5.6427374343546,1.61224660576312,-19.91090821167,97.1690521173144,-109.092668643937,6,HIIT05,6_HIIT05,HIIT,281,111.0,183.0
2.2135368208566,-3.15247534941961,-2.09582145548586,561.933471816223,1.17971985646864,518.026746932788,6,HIIT05,6_HIIT05,HIIT,193,111.0,183.0
1.79544093382537,5.55712977014078,-0.445292429892181,-16.0531559422819,-111.664124887916,68.0672838898909,6,MICT03,6_MICT03,MICT,93,111.0,183.0
-0.740257776854016,-3.08940613885318,0.373585405883163,-21.6797497389614,61.1999037355198,-81.1109024952871,6,MICT02,6_MICT02,MICT,322,111.0,183.0
-1.90777838110497,6.97376134713053,-0.187500344338715,106.676156237507,135.011124464887,-43.5808360070899,16,HIIT01,16_HIIT01,HIIT,64,145.0,207.5
0.181781366241506,-8.63433328291161,-0.970949490523867,15.5741910963939,54.5733719315392,-186.005146260348,16,HIIT04,16_HIIT04,HIIT,251,145.0,207.5
2.22164206825223,-6.89897579095086,-2.4096079672392,9.14665091243487,20.394155379321,-118.283427436099,16,HIIT04,16_HIIT04,HIIT,221,145.0,207.5
-1.54927181261446,2.38137443034667,-0.816950767436164,-14.1219722728133,-24.0160260133771,59.178213237575,6,MICT03,6_MICT03,MICT,38,111.0,183.0
-11.1368719169564,-23.3579031422262,3.60543166054418,76.5398114841904,58.3229120319939,-48.1392932811261,16,HIIT02,16_HIIT02,HIIT,8,145.0,207.5
1.00860523463417,-3.61351330676943,0.316626110611266,-11.3475744450243,103.120407251506,-114.212800109473,6,MICT05,6_MICT05,MICT,240,111.0,183.0
0.610535084324035,-3.90579506815773,0.148395479653963,-15.0717537581289,88.0186592149024,-121.911166956273,6,MICT04,6_MICT04,MICT,244,111.0,183.0
-10.9652968239801,-19.8539625160312,1.55169097516897,28.486176336068,40.311046130262,45.7362955294029,16,MICT04,16_MICT04,MICT,14,145.0,207.5
-1.2401261120166,-3.36108181814597,0.426953495001761,-12.8159936687243,31.1549675028867,-27.1682636018376,16,MICT02,16_MICT02,MICT,352,145.0,207.5
-2.53769923060265,2.35861901996357,-0.193393999962368,-9.60165376566251,-7.13261622302083,53.7330733366347,6,MICT02,6_MICT02,MICT,31,111.0,183.0
-5.46277878289001,3.50031717210624,0.855284259572589,95.4393807963028,99.0600599831528,36.2217076363101,6,HIIT06,6_HIIT06,HIIT,341,111.0,183.0
-1.97730786752958,2.74419983324907,-0.45184443291797,28.5784277573295,1.91961090893573,81.7911626003348,16,MICT04,16_MICT04,MICT,41,145.0,207.5
2.42216090055408,-6.82916391251979,-2.50925479986125,13.8189794028844,16.8795281025434,-106.682677737044,16,HIIT03,16_HIIT03,HIIT,220,145.0,207.5
-0.802719428377145,3.70763852618773,-0.336320676603684,-7.0022195299829,14.9878069776193,15.8036558126253,6,MICT06,6_MICT06,MICT,3,111.0,183.0
-3.06092952550034,-7.94627539356784,0.91502181214977,57.5960740937229,93.1091084257905,2.52644836550344,6,HIIT06,6_HIIT06,HIIT,334,111.0,183.0
-0.483232037382912,-2.23272002094907,0.355061190773671,-33.7764613423654,65.4576931953574,-86.4142159462789,6,MICT05,6_MICT05,MICT,311,111.0,183.0
1.14978160293921,9.81516438765582,1.18167795616603,-30.5617223813808,-65.661095027533,126.308015107252,16,HIIT03,16_HIIT03,HIIT,81,145.0,207.5
-0.643620062429094,-3.40503767827706,0.331288846677525,-21.3908415159293,58.0568051543754,-74.2564108379817,6,MICT01,6_MICT01,MICT,326,111.0,183.0
4.39857225828376,-2.22790649996385,-3.13948642956919,-2.52403957250163,-12.1039377106143,-10.9210741356203,16,HIIT06,16_HIIT06,HIIT,193,145.0,207.5
1.72118068069087,5.06024245149071,0.0153834883033054,-11.9648695540154,-95.7343653036389,60.1156144293365,6,MICT04,6_MICT04,MICT,88,111.0,183.0
7.19850067598057,5.27783368497225,-1.92131196063733,-29.064994523849,-83.2809600616031,125.433752861102,16,HIIT04,16_HIIT04,HIIT,158,145.0,207.5
-0.257571988795132,-4.88645401065866,0.745524073877191,-1.26298397437477,96.8375520145636,-85.037025089658,6,HIIT03,6_HIIT03,HIIT,294,111.0,183.0
-0.601575299990085,-4.75815072326825,-0.249980208937964,4.7047784080294,70.5266675867231,-127.986510561909,16,MICT01,16_MICT01,MICT,252,145.0,207.5
-4.64371275437427,-8.16717763927474,2.74092199566862,13.7540699809218,69.9006244507916,-117.181898641775,16,HIIT06,16_HIIT06,HIIT,327,145.0,207.5
-2.95516355144767,-5.81689575920402,1.65595886301697,86.0039012672233,128.097451145463,107.825494921552,16,HIIT02,16_HIIT02,HIIT,314,145.0,207.5
2.44639113588052,4.80088491275597,0.3052037005885,-11.5125893929376,-173.686962243714,82.9138115763605,6,MICT05,6_MICT05,MICT,123,111.0,183.0
-0.392869422731145,-3.98059714643196,0.318027723321135,-10.8973571150544,85.5654572692234,-72.5569772281136,6,HIIT05,6_HIIT05,HIIT,303,111.0,183.0
3.77875577003041,2.05485849789595,-1.22270399813929,-5.62176893235921,-95.2859159434165,81.3933123241163,16,MICT02,16_MICT02,MICT,168,145.0,207.5
3.19995026915539,2.05318790837504,-0.991187730064582,-169.495372519082,-104.441814160733,-161.782899556011,6,HIIT02,6_HIIT02,HIIT,156,111.0,183.0
-3.05943477415414,4.03068324181569,-0.567936130475014,-23.7244316908245,6.84629148835967,41.9001074384221,6,MICT06,6_MICT06,MICT,23,111.0,183.0
-3.84159638903397,-8.25290084375869,1.40653833531746,-6.95124567993451,7.51942611455144,28.9798947979273,6,HIIT06,6_HIIT06,HIIT,7,111.0,183.0
0.439212185330631,-4.57940207248586,0.702108348069267,74.7199648991456,172.088412221814,-45.8547486069066,6,HIIT02,6_HIIT02,HIIT,248,111.0,183.0
-7.84888241366541,29.4864192424933,-0.0936656967986905,49.397548720292,64.3765458883805,14.952623645797,6,HIIT04,6_HIIT04,HIIT,347,111.0,183.0
4.40255759690977,-0.704474614896532,-2.35056627648333,83.1924422621625,-62.3523894844978,59.3172489443702,6,HIIT04,6_HIIT04,HIIT,174,111.0,183.0
-2.69010061203087,5.48300347821442,-0.657484483549046,121.706897347414,142.954383041028,-45.2912213164391,16,HIIT02,16_HIIT02,HIIT,53,145.0,207.5
-0.833927772225795,7.89327724290412,-0.550057711504182,27.9180885729726,41.5705083780045,28.1099919791856,16,HIIT03,16_HIIT03,HIIT,3,145.0,207.5
0.445168000571982,-3.95350116571515,-0.460295425777634,-21.486333610632,90.6119224744203,-137.056812873216,6,MICT05,6_MICT05,MICT,252,111.0,183.0
-0.599667203132931,7.2252531527554,0.892414434887647,-315.959473099157,-179.43108572175,-160.741346035629,6,HIIT06,6_HIIT06,HIIT,71,111.0,183.0
-10.0935919668608,-27.7393964493146,4.23116389156749,-22.6087393958256,12.4076538193813,45.8430959664688,6,HIIT05,6_HIIT05,HIIT,13,111.0,183.0
-1.44805758967217,-6.169668851914,0.756969922984949,10.9345432124312,72.3290554515725,-35.5977824289913,6,MICT01,6_MICT01,MICT,339,111.0,183.0
2.49511422546902,4.95889405200479,0.765928274737452,0.629814169625924,-132.555875547112,86.4586252011258,6,MICT05,6_MICT05,MICT,109,111.0,183.0
4.03111023624254,1.79688044949404,-1.41670586026032,-1.71844241726718,-93.4416104228023,71.0546254616198,16,MICT05,16_MICT05,MICT,169,145.0,207.5
-10.4731173355257,-20.0871446809673,1.79389615861231,35.2500991986704,45.0465056806461,52.386863007667,16,MICT05,16_MICT05,MICT,14,145.0,207.5
0.483377861284382,-7.78213277933413,-1.05602644578884,184.819363814188,96.0927164890608,152.296686842945,16,HIIT02,16_HIIT02,HIIT,245,145.0,207.5
-0.746780060314251,-5.05585793244149,1.4657988049258,-18.1828831215384,96.1593861590184,-97.1599957871342,6,HIIT06,6_HIIT06,HIIT,288,111.0,183.0
1.75708701142104,5.41391723025859,-2.5792957335576,-206.472876496892,-169.650397561913,-114.614505135807,6,HIIT02,6_HIIT02,HIIT,89,111.0,183.0
2.94117582751314,6.12644048832625,0.715080395803557,-13.5061324436616,-72.6218886601147,100.079488508823,16,MICT06,16_MICT06,MICT,99,145.0,207.5
-0.194047871655745,-4.68820921813296,0.160423885110016,-21.6241950019478,98.8444166508861,-125.165569145273,6,HIIT02,6_HIIT02,HIIT,273,111.0,183.0
-1.50434760228061,2.57728421685682,-0.816334719344884,-13.1918551931363,-6.98628771317775,50.805710767516,6,MICT04,6_MICT04,MICT,36,111.0,183.0
0.675029405289329,-4.60035950543055,0.107692354130324,257.281330828123,199.761296279576,140.003214837405,6,HIIT05,6_HIIT05,HIIT,229,111.0,183.0
-1.10892437615414,-5.15265985567929,0.415393374694237,23.0150337784949,89.1065970626538,-44.133518510379,6,HIIT03,6_HIIT03,HIIT,320,111.0,183.0
2.15123938727094,3.43861284856113,0.0398287698047366,-15.1738608018135,-167.023391331462,67.8351371477092,6,MICT01,6_MICT01,MICT,145,111.0,183.0
-5.04947188112824,3.11029905632994,0.763953685847525,-96.8075287714783,-34.8991321025545,34.9106658493525,6,HIIT05,6_HIIT05,HIIT,26,111.0,183.0
2.69638661508238,4.35396540100503,0.545724302151915,-8.48882740216666,-159.180157086113,82.7078508093542,6,MICT02,6_MICT02,MICT,132,111.0,183.0
-2.11967064494339,-4.66200234818618,0.98122666317407,-19.3843254364168,73.3259227477918,-109.281295052713,16,MICT02,16_MICT02,MICT,323,145.0,207.5
-0.992535760388176,-4.53051253616021,0.289708371401187,1.28643530882931,76.4374668307883,-134.113407493845,16,MICT01,16_MICT01,MICT,264,145.0,207.5
0.190181596713096,-5.27751422075302,0.987893341182285,-5.95570011589699,107.184892764587,-112.38104848355,6,HIIT05,6_HIIT05,HIIT,269,111.0,183.0
1.04957646770408,-0.773615520436957,-1.19179550804486,45.2616678654386,17.8147410273833,56.862377999574,6,MICT02,6_MICT02,MICT,189,111.0,183.0
-6.05915781019628,4.62144594066011,-0.741980139133491,151.87839123314,146.398211865079,-69.8771868364677,16,HIIT02,16_HIIT02,HIIT,34,145.0,207.5
-0.675785625166579,4.1118574758052,-0.279360243214932,25.9010814657029,42.8399680670272,27.7741623150466,16,HIIT05,16_HIIT05,HIIT,1,145.0,207.5
-3.92221823151267,6.24125672446517,-0.0238832881249706,4.97904323957953,2.44151187033536,109.294133536309,16,HIIT03,16_HIIT03,HIIT,44,145.0,207.5
-1.7751633935444,-4.52711015999113,0.942614121397517,-9.22440859929763,78.127057401441,-130.140384086455,16,MICT05,16_MICT05,MICT,296,145.0,207.5
-5.36472875987569,5.62186932511602,-0.457391918268374,26.4908164253677,25.7785623940673,109.251409436515,16,HIIT04,16_HIIT04,HIIT,36,145.0,207.5
-0.861092146785719,-3.91956166834415,0.529146194577161,-36.2236893519683,64.5459750022615,-126.734709831642,6,MICT03,6_MICT03,MICT,290,111.0,183.0
-0.419934516018927,-4.35286504068452,-0.430141357998388,6.79559148511995,64.4300660290811,-117.07070495407,16,MICT01,16_MICT01,MICT,248,145.0,207.5
0.360695229064946,-4.64073576773694,-1.07162441293829,13.2454615332547,60.3326370839352,-95.8736072115519,16,MICT03,16_MICT03,MICT,235,145.0,207.5
0.655373915930249,-3.65074624636635,0.0768573901136641,-7.3992155664893,106.307798440241,-112.229296861753,6,MICT02,6_MICT02,MICT,247,111.0,183.0
2.85101348026598,4.34948082412197,0.223949680651832,-23.1256375966933,-185.461807884533,70.0834840314759,6,MICT03,6_MICT03,MICT,137,111.0,183.0
-0.155678623126372,-8.79570093292361,-0.505886929751845,25.0771268324223,59.6885216166222,-182.361928927158,16,HIIT05,16_HIIT05,HIIT,258,145.0,207.5
-2.61609972409052,-8.57988602086851,1.19741805640339,16.6243922195281,60.9743869735508,-182.470432349031,16,HIIT03,16_HIIT03,HIIT,287,145.0,207.5
1.17845923710805,-4.22219495802389,-0.631900138994335,494.682265331707,152.190608085785,409.38415731744,6,HIIT06,6_HIIT06,HIIT,215,111.0,183.0
-1.61698164471626,3.72178272942392,-0.256063863144151,-156.11018598109,-113.037896577202,-13.2204821065411,6,HIIT01,6_HIIT01,HIIT,45,111.0,183.0
-3.94949819270674,2.66608114932518,-0.488001931122137,38.4170351396174,20.155269246909,81.856738264826,16,MICT03,16_MICT03,MICT,30,145.0,207.5
-0.616242523461541,4.62676946147086,-0.39907269686057,27.4340608309132,45.3720235456909,28.8376872860709,16,HIIT06,16_HIIT06,HIIT,1,145.0,207.5
-3.75958590748397,2.44371007141898,0.31140804651495,-97.061612044156,-44.9134104397947,33.4924028830207,6,HIIT02,6_HIIT02,HIIT,28,111.0,183.0
1.9416932308018,-3.83381777270449,-2.22912103632691,640.185753877844,57.5869853700891,582.109513422964,6,HIIT05,6_HIIT05,HIIT,200,111.0,183.0
1.32052797061709,-7.02596340152368,-1.6242477223624,179.889536242432,68.7943955596726,133.218358879746,16,HIIT01,16_HIIT01,HIIT,231,145.0,207.5
3.03195550557198,-5.99095498630769,-2.57333172061476,15.5598789573357,10.5540418455037,-95.3144016762666,16,HIIT05,16_HIIT05,HIIT,215,145.0,207.5
-2.1206292662944,3.61028401753544,-0.211979146300653,-129.411954807011,-73.8299729802478,24.8220247816632,6,HIIT04,6_HIIT04,HIIT,42,111.0,183.0
-4.53275514473167,0.688953444469163,0.123970964572688,-17.147556277416,21.569645290397,40.5821706770745,6,MICT06,6_MICT06,MICT,17,111.0,183.0
7.44057447291559,4.75859873007843,-2.29898003811126,-31.5623759905555,-95.0388687775779,108.265054176228,16,HIIT05,16_HIIT05,HIIT,159,145.0,207.5
-2.83139878122451,4.02836278615925,0.116585967449012,-127.917158331056,-66.9882532452824,31.2894893750126,6,HIIT04,6_HIIT04,HIIT,38,111.0,183.0
0.575264998260359,-5.12571594017367,1.660057415159,114.100741388953,167.692386768208,-18.245985600205,6,HIIT06,6_HIIT06,HIIT,251,111.0,183.0
-2.77001374992959,-5.87091891702157,1.7079209440543,8.65727463452913,63.8436379608221,-129.464300213937,16,HIIT05,16_HIIT05,HIIT,317,145.0,207.5
-1.20065240446294,-4.57976232908171,0.51259411359801,-6.07291588846991,73.9436931640812,-140.245065954399,16,MICT01,16_MICT01,MICT,268,145.0,207.5
-1.32209810037148,-5.88939058621144,0.466082809857957,27.2391011019926,93.1100033046191,-42.4918536697598,6,HIIT03,6_HIIT03,HIIT,321,111.0,183.0
5.31783903104895,4.60163356766987,0.117279939570288,-35.2805074262484,-123.945350277476,93.7169071535342,16,MICT06,16_MICT06,MICT,145,145.0,207.5
5.2424002133439,4.92632024976571,0.427928827078731,-30.5563482369816,-131.196613997933,105.33530036435,16,MICT02,16_MICT02,MICT,143,145.0,207.5
-5.63175889569299,-18.066846525623,2.16602546110951,-4.65929526608733,13.9285758244698,27.1278906071023,6,MICT03,6_MICT03,MICT,9,111.0,183.0
-1.52174533319614,3.20866849880858,-0.935247413190329,-127.663160270041,-91.3082548390924,14.6700646966551,6,HIIT02,6_HIIT02,HIIT,45,111.0,183.0
-0.0506207537795333,-4.33090936990955,0.292517435807893,6.21374895648428,87.3960429275605,-53.0967053461212,6,HIIT01,6_HIIT01,HIIT,312,111.0,183.0
3.76866082399901,5.71359958044293,-0.108821077640529,-257.042819421084,-155.57120038196,-209.333608114726,6,HIIT05,6_HIIT05,HIIT,125,111.0,183.0
0.918156842386927,-3.78689144794575,-0.0682392600629342,-22.0069304977451,100.799206951678,-125.032194235355,6,MICT06,6_MICT06,MICT,238,111.0,183.0
2.95474367251558,6.18375929617323,0.943205221897418,-4.36197399766614,-74.4496093441548,101.204361643389,16,MICT03,16_MICT03,MICT,99,145.0,207.5
3.14177845321142,0.134940729590345,-1.77888629090754,10.0780559175134,-53.4924836829143,48.5434772972927,16,MICT03,16_MICT03,MICT,182,145.0,207.5
-1.45219229937011,8.54144585594129,0.720796063224074,-12.3332517186269,-30.7631094564027,122.708785283225,16,HIIT05,16_HIIT05,HIIT,67,145.0,207.5
2.35853021604743,4.82478785998359,0.291065903510241,-9.628870959147,-174.415859908828,91.7338915808657,6,MICT06,6_MICT06,MICT,123,111.0,183.0
2.87531051700639,5.17864865625471,1.1087874720754,-7.08564641972351,-151.78973137773,85.4532110796648,6,MICT05,6_MICT05,MICT,113,111.0,183.0
0.82275278089265,-6.91267136337722,10.8212194145273,200.207033738526,120.972237062445,167.747753495945,16,HIIT01,16_HIIT01,HIIT,259,145.0,207.5
-1.77705315274957,-1.42160816045647,0.247964646607696,12.0105323223918,16.8956518806909,29.9654442072495,6,MICT05,6_MICT05,MICT,6,111.0,183.0
-0.604897317332101,-2.80665874523409,0.426544050710178,-38.6041317929984,64.0333070260513,-98.3533064794748,6,MICT05,6_MICT05,MICT,301,111.0,183.0
7.6074247368578,3.28061826186866,-2.27454550447584,-264.098074055954,14.710193845162,-234.336193955124,16,HIIT02,16_HIIT02,HIIT,165,145.0,207.5
1.59135076294066,-3.56682269313879,-1.92376374685628,663.081924038456,85.294002116371,626.34127199042,6,HIIT03,6_HIIT03,HIIT,201,111.0,183.0
-3.01733450646906,-5.16434092081042,0.718381943125174,62.8008179994627,93.6714068775911,-3.19995514482716,6,HIIT03,6_HIIT03,HIIT,331,111.0,183.0
2.25954265648319,4.18096122631289,0.10126568773406,-0.489944316528015,-143.702856203278,88.8829040065072,6,MICT01,6_MICT01,MICT,130,111.0,183.0
-4.81697949636509,-7.05491280523623,2.50035583474895,12.5480160304631,72.6802404656029,-110.518563237054,16,HIIT05,16_HIIT05,HIIT,329,145.0,207.5
2.22504988675556,10.5478650140176,1.34692778769685,-40.5376123475287,-77.7980658754787,137.31024198979,16,HIIT05,16_HIIT05,HIIT,88,145.0,207.5
2.70839216484273,6.09415345871702,0.712658775461444,-11.8986642820087,-69.4177828144387,99.0808796563711,16,MICT06,16_MICT06,MICT,97,145.0,207.5
7.00519328403248,4.68481560710314,-2.01650257167464,-28.6539785019003,-83.0346526283518,107.863010522893,16,HIIT06,16_HIIT06,HIIT,161,145.0,207.5
-0.031211954571077,-4.0115474583157,0.67748239678679,-50.0549939207514,60.2425301884056,-139.652898796501,6,MICT05,6_MICT05,MICT,278,111.0,183.0
-1.62320908261261,-4.90104054311437,0.482839420328329,-4.47756630255542,76.2033848722388,-137.926223079893,16,MICT03,16_MICT03,MICT,284,145.0,207.5
4.71756625271268,11.5556405129481,1.72081925894907,-45.7945361840614,-94.1738234069877,150.469323559505,16,HIIT03,16_HIIT03,HIIT,98,145.0,207.5
-2.51118648417399,-5.92046582441962,1.41691348891941,-0.19764270758247,61.8727649766617,-156.343316098883,16,HIIT04,16_HIIT04,HIIT,310,145.0,207.5
4.63630146593925,3.20713359634898,-0.860277438068368,-19.3093151932506,-119.199896031016,83.0784677225286,16,MICT05,16_MICT05,MICT,158,145.0,207.5
5.3184942520278,10.8611806278906,1.43397984857031,-36.6827632878228,-99.7914089643841,157.486230527975,16,HIIT04,16_HIIT04,HIIT,103,145.0,207.5
3.89418008953107,1.34019446888073,-1.65207846182021,-135.150728786587,-86.8215863877499,-120.245874129958,6,HIIT03,6_HIIT03,HIIT,163,111.0,183.0
-9.82365778754151,-18.2752867238102,2.08540017073133,15.7013884966771,41.2306325821661,43.8701336348529,16,MICT01,16_MICT01,MICT,14,145.0,207.5
0.417624925057115,-3.9787639050528,0.0456084534920911,-49.7157799431504,65.0033679317307,-159.994012768432,6,MICT06,6_MICT06,MICT,259,111.0,183.0
-0.980890804136453,2.51098132572937,-0.837640156897087,-8.06068891949851,-28.1978795027484,58.3656301173178,6,MICT03,6_MICT03,MICT,44,111.0,183.0
-0.266150077207003,-4.00531996279548,0.325844525584051,-50.1218731687858,59.8922468006637,-136.862223040366,6,MICT05,6_MICT05,MICT,280,111.0,183.0
0.832761212934443,-4.63293948762092,-1.34477554309071,423.89536594877,177.833640168972,359.875563406063,6,HIIT01,6_HIIT01,HIIT,212,111.0,183.0
0.787884081613554,4.48228299810186,-0.0443130703084349,-9.5139585281567,-76.6120454530759,49.5885553375695,6,MICT06,6_MICT06,MICT,74,111.0,183.0
-3.54886070505411,-4.61324436620068,1.70148965323989,-9.94165017993209,74.7957904355152,-94.5202268991253,16,MICT04,16_MICT04,MICT,330,145.0,207.5
-1.76777825967915,7.32569339124492,0.0455172169041423,-2.40096179513251,-19.5290626302374,118.234470156898,16,HIIT06,16_HIIT06,HIIT,60,145.0,207.5
-2.70257977306935,-4.98587479992606,1.31065013231277,-8.92241332688911,72.82814171361,-98.2173770356757,16,MICT04,16_MICT04,MICT,326,145.0,207.5
-0.4923542024231,4.81749123313716,0.0538709977137214,13.8867545295935,-26.7232998727628,83.3369941869705,16,MICT01,16_MICT01,MICT,73,145.0,207.5
0.465823674046586,-3.11777384732689,-0.349425179557305,0.243662391083373,96.2248508675725,-87.4686038135147,6,MICT01,6_MICT01,MICT,238,111.0,183.0
-2.64848427570857,10.8506198726858,0.376446101034568,-17.1582360198904,38.4993156937909,-34.6476919566257,16,MICT01,16_MICT01,MICT,349,145.0,207.5
-3.62757413153502,4.87874626788675,-0.110970012459077,-121.461118540846,-78.1673092883081,23.594873533969,6,HIIT03,6_HIIT03,HIIT,33,111.0,183.0
7.88259925549342,6.93359482309936,-1.12469939203402,-37.4598639013841,-101.448887027519,144.996249886978,16,HIIT04,16_HIIT04,HIIT,149,145.0,207.5
-1.68772524490991,2.73730014970211,-0.274908868692263,25.4128939319021,4.70946774627589,81.1198522624451,16,MICT01,16_MICT01,MICT,46,145.0,207.5
0.592055756552028,-3.41100984230001,-0.0512463196763127,-6.39375968719909,104.32976516726,-106.870646225748,6,MICT02,6_MICT02,MICT,246,111.0,183.0
2.99889683469031,-2.23570280188241,-2.46019053970039,321.449224801116,-49.3226449181215,295.067161484207,6,HIIT05,6_HIIT05,HIIT,183,111.0,183.0
-1.07255895097191,5.40774227760997,1.15547555861184,-181.00569420167,-145.870379795331,-35.059366654707,6,HIIT03,6_HIIT03,HIIT,55,111.0,183.0
0.943212037016212,-1.13934787285862,-1.15819755745017,45.8769888960367,27.5687851875449,40.6909952081032,6,MICT01,6_MICT01,MICT,195,111.0,183.0
-2.1440255700683,-4.25455530801958,1.04493302830327,-19.2541388531399,74.9869148830311,-107.610358793777,16,MICT05,16_MICT05,MICT,321,145.0,207.5
-10.6590336831432,-24.8860434168539,1.69649299565905,30.6346177039047,36.8736700118665,43.883196534826,16,MICT02,16_MICT02,MICT,13,145.0,207.5
-0.46780047930217,2.18213161530024,-0.202236605188115,-6.90854531567865,16.0276086408619,15.7609682870066,6,MICT06,6_MICT06,MICT,1,111.0,183.0
-0.617040769172558,-8.96217113846728,0.0548856606674047,13.5485204819357,56.2331101312768,-194.205910042702,16,HIIT04,16_HIIT04,HIIT,259,145.0,207.5
2.60542199690938,4.57139247372982,0.512388448743702,-10.615827915862,-155.713901545157,81.7377512428546,6,MICT02,6_MICT02,MICT,127,111.0,183.0
1.89399493882627,-4.0804072349874,-1.53802556582143,520.867618107624,95.3812319782578,425.83298340992,6,HIIT04,6_HIIT04,HIIT,209,111.0,183.0
-0.555858444264799,-4.48688182270878,0.500772776123346,-24.1995862326619,86.2718862157483,-109.286376893715,6,HIIT02,6_HIIT02,HIIT,287,111.0,183.0
-0.701126067646959,4.00468923639216,0.641211277604744,-115.394725277288,-98.0940324817517,8.45957650423201,6,HIIT02,6_HIIT02,HIIT,53,111.0,183.0
4.35391588973331,1.5976616020198,-1.4327119991758,13.0095889659538,-95.8467552598649,77.6814835813609,16,MICT01,16_MICT01,MICT,171,145.0,207.5
4.53064420374071,4.37605074057101,-0.913208547164144,-283.492714365169,-131.162041738072,-242.317117460038,6,HIIT01,6_HIIT01,HIIT,145,111.0,183.0
-5.23750447178331,-12.3345660618325,2.70519940705611,68.0464173476968,-68.5292422634342,-126.785944543387,16,HIIT01,16_HIIT01,HIIT,336,145.0,207.5
-2.80508403993619,6.20528554636995,-0.567303964178411,-21.46376939976,13.5336961167854,39.8453999501314,6,MICT06,6_MICT06,MICT,20,111.0,183.0
-0.971007191490136,3.28261418192162,-0.151185446366914,14.9776643843647,19.4603978239688,31.1449042498069,6,MICT05,6_MICT05,MICT,4,111.0,183.0
-6.21357220705183,-6.80123650864722,2.72511925925011,68.6432361640324,-87.7778939204883,-133.34980336442,16,HIIT01,16_HIIT01,HIIT,331,145.0,207.5
-0.354753022775094,3.47605449879364,-0.605546519673931,8.56644089448506,-30.4255423799019,54.565160484415,6,MICT06,6_MICT06,MICT,58,111.0,183.0
2.44138106700582,5.96202189193518,-2.4221363805668,-202.591913036439,-158.578232903785,-107.131035376521,6,HIIT04,6_HIIT04,HIIT,97,111.0,183.0
4.5143538147804,2.55213879303872,-1.24258645985812,-19.1547407274572,-107.084658052053,75.5466407311721,16,MICT06,16_MICT06,MICT,162,145.0,207.5
0.454561867889717,4.20475291734685,0.133403027871661,0.177731810469271,-55.2500721594962,52.6492488370516,6,MICT06,6_MICT06,MICT,67,111.0,183.0
1.80479409958221,-1.70137535381013,-1.66829272472115,433.779339061034,-7.14745809390946,408.646511916418,6,HIIT02,6_HIIT02,HIIT,187,111.0,183.0
3.1895169906105,1.71608381273531,-1.22092248653805,-150.133326241255,-99.6286875234642,-144.328030722771,6,HIIT02,6_HIIT02,HIIT,158,111.0,183.0
-0.859453150940973,-3.75953333453321,0.878511485273885,-5.08938120306095,89.4612938377212,-71.3250149177001,6,HIIT04,6_HIIT04,HIIT,307,111.0,183.0
4.37634003535802,2.77075551384786,-1.32900772277011,-277.675139237163,-106.056737097114,-251.664356513296,6,HIIT03,6_HIIT03,HIIT,153,111.0,183.0
1.49134088967458,0.0054694269044364,-1.5600258236264,52.0179990589421,-45.326653849956,78.7757711553874,6,MICT03,6_MICT03,MICT,175,111.0,183.0
-1.04336222498467,4.32398564430258,1.04769496211438,-139.999487073353,-118.487866063439,-4.57830367256385,6,HIIT03,6_HIIT03,HIIT,50,111.0,183.0
0.754623700339211,-4.73048336529086,0.904761503406447,240.409107307005,192.089101583452,120.368601241795,6,HIIT06,6_HIIT06,HIIT,234,111.0,183.0
2.23932258516775,3.37457098510383,0.125501490049198,-9.59436977302644,-158.824502261249,70.0883020340925,6,MICT02,6_MICT02,MICT,146,111.0,183.0
4.8085835860101,5.11896841915104,-0.967607018305115,-323.256685383637,-135.309294005309,-267.477214726247,6,HIIT04,6_HIIT04,HIIT,135,111.0,183.0
8.01224046120171,6.96234321850306,-1.3149726890138,-43.7073806729908,-111.947547647356,135.428891482663,16,HIIT05,16_HIIT05,HIIT,147,145.0,207.5
1.20687397803704,-3.37077389335634,-1.74252836101864,3.75824062046396,25.8072862332522,-51.2068161004326,16,MICT04,16_MICT04,MICT,214,145.0,207.5
-6.08713998563083,1.35622406649203,1.3319832704113,-41.8462020186802,5.00412100528108,50.620531351863,6,HIIT05,6_HIIT05,HIIT,17,111.0,183.0
9.48076248851526,9.2880422254254,6.85477328240305,188.584202461831,322.590192049795,144.336139569883,16,HIIT01,16_HIIT01,HIIT,105,145.0,207.5
-3.41477208196303,3.87228383550129,-0.0269943726437362,-18.3728590137378,12.6662036756453,38.4849344989413,6,MICT01,6_MICT01,MICT,22,111.0,183.0
-0.944635685243407,-4.68686377015381,1.22541889407777,8.57302340208434,94.617503194956,-75.6502218393571,6,HIIT04,6_HIIT04,HIIT,291,111.0,183.0
-2.4852919320983,3.57439952157112,-0.482768396799058,-131.175098280694,-77.014928373174,17.9988667329394,6,HIIT05,6_HIIT05,HIIT,39,111.0,183.0
-0.276591284405837,-5.07279412071974,0.955885216796287,-11.3420702458467,101.44579095533,-114.906978536954,6,HIIT02,6_HIIT02,HIIT,279,111.0,183.0
2.72537198773644,6.20894621770503,-0.998376258383896,-162.995667394753,-154.627414723119,-104.571690442684,6,HIIT05,6_HIIT05,HIIT,99,111.0,183.0
-6.94805664924291,4.07797034458915,-0.59949241524611,154.156995885834,144.548113146813,-73.8923398217427,16,HIIT02,16_HIIT02,HIIT,31,145.0,207.5
4.93787134801082,4.17393201673554,-1.23048331151842,-286.889973782143,-113.946255648511,-247.409901239172,6,HIIT04,6_HIIT04,HIIT,142,111.0,183.0
-31.1949299808955,8.95601222552163,-63.5943816293481,-3075.80922150572,-1752.15631758372,-761.694796319577,16,HIIT01,16_HIIT01,HIIT,134,145.0,207.5
-2.24420371487286,6.68979538495701,-0.110999614350105,0.310831640832582,-12.0044773110686,115.834959916113,16,HIIT06,16_HIIT06,HIIT,56,145.0,207.5
-0.521236340064994,-2.62153053299021,0.4038240155091,-19.7763018554952,63.4095586761884,-86.7715110822517,6,MICT06,6_MICT06,MICT,303,111.0,183.0
2.95868616839106,5.69614657383895,0.934744967638776,-9.83953360909121,-131.641882454538,82.9870896332493,6,MICT03,6_MICT03,MICT,106,111.0,183.0
-0.461336390486895,-2.25795968528892,0.36385687705,-36.6586890626778,56.0927286835939,-104.129798045225,6,MICT02,6_MICT02,MICT,305,111.0,183.0
5.31175202621772,0.0258697989697377,-2.92161209484923,-2.47796813399958,-40.0378597991809,33.1445018409423,16,HIIT05,16_HIIT05,HIIT,182,145.0,207.5
-1.85852319594079,-3.41589036143825,0.617104610907987,23.2389988624945,77.3582627158643,-40.5599884921075,6,MICT06,6_MICT06,MICT,329,111.0,183.0
2.37068249847604,-4.00677526423813,-2.13103426665926,498.034306446169,58.2377567171205,414.817098800924,6,HIIT04,6_HIIT04,HIIT,204,111.0,183.0
0.104642305320361,-4.90792991177804,-0.863357139704623,12.2288790833094,69.4561040565771,-110.975305117765,16,MICT03,16_MICT03,MICT,243,145.0,207.5
1.03287914296171,-0.747691745013321,-1.31428366986513,43.5430159615112,-6.43242312997654,65.4706523004824,6,MICT06,6_MICT06,MICT,179,111.0,183.0
0.993518539902662,-7.25113432613286,-1.43343669412221,187.064129204922,73.0918861933227,141.243108034339,16,HIIT01,16_HIIT01,HIIT,234,145.0,207.5
0.211070845461044,-9.30812704189306,0.51375380774019,-15.7699884939503,37.2127336437579,-28.6276586175221,16,MICT01,16_MICT01,MICT,355,145.0,207.5
1.88753450422277,10.0908900440622,1.23588742872815,-33.6647558176088,-71.9922203570417,130.629191272344,16,HIIT03,16_HIIT03,HIIT,85,145.0,207.5
4.00870457687365,5.56251145068966,0.231192479164868,-289.057042558153,-133.553858464595,-251.476647366014,6,HIIT06,6_HIIT06,HIIT,134,111.0,183.0
2.55636534389701,5.59799041825282,-2.75170917237232,-239.465649527852,-160.000380747859,-161.135632887963,6,HIIT06,6_HIIT06,HIIT,94,111.0,183.0
2.85426742751772,6.56693266194715,0.726007683146569,-4.1605146348572,-76.4692713892913,101.159920133032,16,MICT05,16_MICT05,MICT,96,145.0,207.5
5.64430335141671,6.11279150279088,0.882268757057586,-51.6683609519044,-144.792409132267,96.2179244605715,16,MICT05,16_MICT05,MICT,129,145.0,207.5
-0.110368881638401,7.47710301126857,-1.1604127542153,-318.995454747215,-213.537143379587,-175.026103958595,6,HIIT03,6_HIIT03,HIIT,76,111.0,183.0
1.85115610373013,4.44580646981342,0.147687722106925,1.96661996315327,-82.1272404488942,68.7664896085069,6,MICT01,6_MICT01,MICT,97,111.0,183.0
-2.18185111205488,-3.95753429962032,0.83393295189923,28.733856843535,78.1307206385375,-32.441488982644,6,MICT06,6_MICT06,MICT,332,111.0,183.0
2.63447931736836,4.49110932417473,0.915278434494318,-16.0351764703488,-143.85501873168,73.4222400021205,6,MICT02,6_MICT02,MICT,119,111.0,183.0
-1.61443219272795,7.46493865397005,0.547565108510909,-11.6281158084031,-29.5763713859715,109.334454949531,16,HIIT03,16_HIIT03,HIIT,61,145.0,207.5
-0.643959216000965,-3.10791002946257,0.376553600602627,-23.5973865143948,63.2984605012781,-94.5791571271665,6,MICT06,6_MICT06,MICT,298,111.0,183.0
-21.2923231626512,-41.7865225615217,6.53517815981446,128.916437938608,100.285290220314,-80.1699364828662,16,HIIT02,16_HIIT02,HIIT,13,145.0,207.5
1.47076148680981,1.3954935412095,-0.760267584246394,34.5355101981039,-88.3998210807897,80.8983249659484,6,MICT01,6_MICT01,MICT,168,111.0,183.0
1.87939475264454,-3.93113693110257,-2.27475328131792,649.937035269289,66.00005144136,589.718305120784,6,HIIT05,6_HIIT05,HIIT,201,111.0,183.0
1.03149345997554,-1.12885208581649,-1.22622581146647,30.1486000714937,18.3481635565247,31.9136988002535,6,MICT05,6_MICT05,MICT,186,111.0,183.0
1.79716173091094,6.85189657296018,-1.24735610185618,-295.342977674874,-196.002403326549,-191.510272109187,6,HIIT03,6_HIIT03,HIIT,89,111.0,183.0
-1.18320231445189,-5.04817646960172,0.306440370122325,-4.551339112486,82.8980618611438,-144.183727700434,16,MICT02,16_MICT02,MICT,273,145.0,207.5
2.62745238156399,5.35679278958208,1.09960000043402,8.02538647926399,-119.109003440942,91.583967635025,6,MICT06,6_MICT06,MICT,102,111.0,183.0
0.891326790819489,-9.40927312093486,-1.76552982185385,18.3785817089994,47.9640034329014,-171.653602301312,16,HIIT06,16_HIIT06,HIIT,240,145.0,207.5
-0.343953387083656,4.21376474972016,-0.270762977168844,10.1587716676133,-41.9815633807125,63.6005969252337,6,MICT03,6_MICT03,MICT,63,111.0,183.0
5.92382522499606,-1.74073084395243,-3.21302376489839,-86.8963101938075,32.209430482771,-107.052845749526,16,HIIT01,16_HIIT01,HIIT,190,145.0,207.5
-0.6924138956006,4.70826813069264,0.0117502096488128,14.9137344379684,-23.6901582748714,82.3567384354338,16,MICT01,16_MICT01,MICT,71,145.0,207.5
-2.08145350854843,-4.52888060718772,1.00106143421475,-18.1985261779284,70.9390811455706,-103.707913664907,16,MICT02,16_MICT02,MICT,324,145.0,207.5
-4.18777705945007,5.45583348011623,-0.394711261533854,20.7574033371436,12.7770598268177,113.189004951794,16,HIIT04,16_HIIT04,HIIT,42,145.0,207.5
-4.19754301577291,-8.60617764240633,2.66441877721957,13.2410724208873,67.7350823076307,-123.653486580976,16,HIIT06,16_HIIT06,HIIT,324,145.0,207.5
6.70454379627858,0.503792682214899,-3.0492939853405,-168.801397325266,37.9100746351299,-155.243365471419,16,HIIT02,16_HIIT02,HIIT,178,145.0,207.5
-3.87068701032875,-3.5400194335695,1.4735153354686,-21.5616812206208,75.4507992633354,-74.4927359150064,16,MICT02,16_MICT02,MICT,340,145.0,207.5
1.25512133778037,-2.29749723276525,-1.22233783513494,28.4774674855887,64.8730808862195,-2.15857254836062,6,MICT04,6_MICT04,MICT,201,111.0,183.0
-0.0515680680661455,-4.13798669808954,-0.7956343223006,6.64437748242789,51.834529488376,-105.647245285241,16,MICT01,16_MICT01,MICT,240,145.0,207.5
2.79551830304158,-0.808438388670551,-1.92597924142355,14.0228045121908,-33.0815540838025,27.1979128144002,16,MICT03,16_MICT03,MICT,190,145.0,207.5
-1.610972245142,2.80987706857808,-0.267828817818456,24.4385545986324,3.06660863871925,80.3036877404041,16,MICT01,16_MICT01,MICT,48,145.0,207.5
1.64822231548175,5.48109816893858,-2.41235862554287,-219.259983466232,-172.215629729135,-122.362644709971,6,HIIT02,6_HIIT02,HIIT,88,111.0,183.0
-1.54520255302559,-3.96914647340001,0.711877980135139,-18.193145424612,74.8013664970938,-136.320513258371,16,MICT02,16_MICT02,MICT,295,145.0,207.5
-4.7058998089336,17.0945088241998,0.83705797975405,-29.5556312124451,66.1917558835433,-61.940976803371,16,MICT01,16_MICT01,MICT,344,145.0,207.5
0.0292266333977104,-5.286614643382,2.67951628954528,25.2024893650031,123.936966737035,-87.7926947676549,6,HIIT06,6_HIIT06,HIIT,270,111.0,183.0
0.299074525443676,-3.3414415013886,0.46933293171652,-41.2288995767724,54.7637142265347,-140.590666043484,6,MICT01,6_MICT01,MICT,265,111.0,183.0
-1.28824383757278,-2.97748755049316,0.550963354805393,-14.3923827168567,72.6885156590941,-121.405918279087,16,MICT03,16_MICT03,MICT,310,145.0,207.5
0.185911208810095,6.01711752749037,0.267441278532989,6.58542970787383,-46.9099677587304,88.7061550702204,16,MICT05,16_MICT05,MICT,77,145.0,207.5
-1.19368868439509,4.7841747755138,1.13957045502814,-187.207544940588,-123.540523539575,-31.6933833226327,6,HIIT05,6_HIIT05,HIIT,52,111.0,183.0
2.93236192054775,5.91542842562811,-0.538864707787264,-143.196302628461,-162.006534473534,-86.8898481083762,6,HIIT02,6_HIIT02,HIIT,102,111.0,183.0
3.50797378557954,7.09530867282579,1.38593476856864,-218.136656450003,-154.876018507287,-177.457898868547,6,HIIT06,6_HIIT06,HIIT,123,111.0,183.0
-6.4917402217149,-21.1562388380634,2.65243764793118,-20.1664582307193,6.97699831149101,23.9342316849294,6,HIIT02,6_HIIT02,HIIT,9,111.0,183.0
1.68662609564661,-16.5211507248207,0.293281815210413,9.54806152753313,40.4398608417842,-31.2748208059638,16,HIIT05,16_HIIT05,HIIT,355,145.0,207.5
-1.45669205138254,4.70388750510641,0.345712734350911,-144.71793883857,-97.7336647451771,10.2443596224759,6,HIIT04,6_HIIT04,HIIT,52,111.0,183.0
1.41537021267461,-2.34272329966994,-1.73172738514515,8.05833038329124,1.76314164759517,-20.673425246321,16,MICT02,16_MICT02,MICT,205,145.0,207.5
3.30597565003219,-0.137486065460283,-1.98236788446211,9.08046386542668,-66.9647639457698,4.82028113793956,6,HIIT05,6_HIIT05,HIIT,169,111.0,183.0
2.99915764270378,-6.78823714926351,-2.52477296259239,130.524467389515,65.0430486836588,99.1414594395803,16,HIIT02,16_HIIT02,HIIT,220,145.0,207.5
-0.658968698854145,6.19248943935135,0.840639622140769,-266.9569698376,-168.56189685273,-112.43289275017,6,HIIT05,6_HIIT05,HIIT,66,111.0,183.0
4.54892967428732,-0.219032789390283,-2.20176262991422,11.8359555908,-66.0790157904855,-3.86037310869369,6,HIIT04,6_HIIT04,HIIT,170,111.0,183.0
-1.92212518125831,-3.41736542173382,0.909347684545521,-8.18043361819286,69.2301363836901,-108.265338337607,16,MICT06,16_MICT06,MICT,317,145.0,207.5
-1.71190237098322,-4.16205640913621,0.515649701679361,-19.9136698434676,72.7331851058438,-138.852686351497,16,MICT01,16_MICT01,MICT,290,145.0,207.5
1.29089350172386,5.68001220798107,0.29233450740148,10.1340208242857,-54.5342047904993,91.4227625175266,16,MICT04,16_MICT04,MICT,83,145.0,207.5
0.735894927954593,-4.83319759718902,-0.514550966457272,387.310776223958,238.079004050388,298.099971533072,6,HIIT03,6_HIIT03,HIIT,222,111.0,183.0
2.18668512011447,3.58639963014503,-0.0355810967404786,-8.88885936735882,-183.555836645132,78.9370044807606,6,MICT06,6_MICT06,MICT,141,111.0,183.0
-1.00400757278388,-2.61119682096806,0.435394096079091,-26.914653798664,66.9724108024383,-88.950265221347,6,MICT03,6_MICT03,MICT,318,111.0,183.0
-2.7895634723935,3.92610155292384,-0.0707009299071001,-122.658351575751,-64.7626983254064,21.2473277389205,6,HIIT05,6_HIIT05,HIIT,35,111.0,183.0
-1.26194556460573,-2.96050255372149,0.605238341147303,-7.18201984179555,74.2943169047156,-117.15909269465,16,MICT04,16_MICT04,MICT,308,145.0,207.5
2.02931695075555,-2.62395469593167,-1.96805956708143,17.5255236496088,3.70882885105529,-21.3235214381054,16,MICT05,16_MICT05,MICT,205,145.0,207.5
1.95878470086595,2.59633452175983,0.245035512103861,-0.299830669982943,-142.22874490145,66.4667679036901,6,MICT01,6_MICT01,MICT,155,111.0,183.0
-0.556444602127155,7.21100822634887,-0.274747173877645,-326.350963067427,-190.08490835068,-167.043928213343,6,HIIT05,6_HIIT05,HIIT,72,111.0,183.0
11.5112460686518,12.5223775045554,5.98320039994313,-3503.59968442039,-1938.21241602002,-679.017466728016,16,HIIT01,16_HIIT01,HIIT,124,145.0,207.5
2.48844666617575,-3.40044192769153,-1.561317341583,490.712705575804,31.2152854617927,415.722166320188,6,HIIT04,6_HIIT04,HIIT,200,111.0,183.0
2.16146446538362,4.90761915570626,0.46337847255019,7.62292178156146,-100.47235317781,81.1852643124058,6,MICT05,6_MICT05,MICT,96,111.0,183.0
-3.66562862026911,-7.1611207414146,1.56033368500587,-22.0415646667844,75.137975076106,-76.9873266293249,16,MICT02,16_MICT02,MICT,339,145.0,207.5
0.792285961342026,-10.612960655985,0.296716899990814,53.0015606242785,45.0376025115524,25.6303351680291,6,HIIT05,6_HIIT05,HIIT,354,111.0,183.0
6.49829725109602,10.7665678163773,1.97965228902317,-45.1460568801753,-111.545506230794,159.707406696266,16,HIIT04,16_HIIT04,HIIT,109,145.0,207.5
4.20180459156137,1.21972577624097,-1.79348951105409,-2.0042830152028,-83.7131865018327,62.3998952411964,16,MICT06,16_MICT06,MICT,173,145.0,207.5
0.289297015548014,-4.99427020890584,-1.00254342402095,23.1133824199316,60.7092777736084,-97.7965169030026,16,MICT06,16_MICT06,MICT,238,145.0,207.5
-1.39352211623269,0.604586624919565,0.206936490767508,15.8032189010655,34.2272637713305,-4.04737427713619,6,MICT02,6_MICT02,MICT,351,111.0,183.0
-0.467882077943551,-2.11258308215405,0.314551894486886,-32.0090436503342,63.7378929037745,-82.5315811150112,6,MICT05,6_MICT05,MICT,312,111.0,183.0
1.22515898798391,-2.69074192087952,-1.66424838613724,6.61203370991534,8.34219997983599,-31.018464851055,16,MICT02,16_MICT02,MICT,208,145.0,207.5
-3.551418142576,-6.71408093659471,1.74181633625697,-12.4568006307077,70.0086569818373,-83.2021727071216,16,MICT04,16_MICT04,MICT,334,145.0,207.5
-1.67802479076001,3.51070457461678,-0.252564074752471,21.0520845488338,-6.55731399700388,78.1914323882587,16,MICT05,16_MICT05,MICT,53,145.0,207.5
-1.08846660934583,4.29197791530035,-0.0515538134815827,20.1706453005233,-20.843549414244,80.7467155348952,16,MICT03,16_MICT03,MICT,62,145.0,207.5
-4.10473752176034,7.52032373054951,0.574867390631015,37.537569492128,78.872165434469,-5.93017850953714,6,MICT06,6_MICT06,MICT,342,111.0,183.0
-4.62838607911885,7.92518398652837,0.615369205165126,-66.3282283188213,-20.4220206642307,47.7755169148255,6,HIIT06,6_HIIT06,HIIT,22,111.0,183.0
-10.3121442825535,-33.801395628699,2.46007629487705,-5.94850581729171,1.19331236239153,38.0036784378008,6,HIIT01,6_HIIT01,HIIT,11,111.0,183.0
-13.450837317905,-36.2279970399317,3.52016748236218,25.4580166170963,41.9730314097059,35.0981526545878,16,HIIT06,16_HIIT06,HIIT,9,145.0,207.5
-3.88722458224365,5.10866330965749,0.381876734743879,25.2918838888545,71.5054157160368,-19.5557838785438,6,MICT02,6_MICT02,MICT,342,111.0,183.0
-0.0009259831878344,-8.70754760078713,-0.699687437819649,16.3052602915772,56.4232208745405,-187.68958652539,16,HIIT04,16_HIIT04,HIIT,253,145.0,207.5
-1.41384132650735,-5.12396733963515,0.555253983715369,-8.72586483716834,75.6321336087089,-140.626643282124,16,MICT04,16_MICT04,MICT,280,145.0,207.5
4.09912006150592,-1.05684710494824,-2.36561425089654,159.813435423439,-58.7350338257607,128.073688954771,6,HIIT04,6_HIIT04,HIIT,178,111.0,183.0
-4.68175464078068,3.89984860633685,0.571981940673537,-93.6652884617046,-35.813808537798,46.4111814474307,6,HIIT04,6_HIIT04,HIIT,29,111.0,183.0
2.4910304254148,3.37548219207475,-0.269094446774747,-18.5359365167047,-177.802360883303,61.3559855012131,6,MICT03,6_MICT03,MICT,147,111.0,183.0
-0.88612222786541,-5.12574267635298,0.12566529546111,-0.862213549290989,76.0353615309447,-141.425680317867,16,MICT03,16_MICT03,MICT,266,145.0,207.5
-1.00901269845575,5.19957392691534,0.955437730657827,-188.176694849835,-148.648968343034,-46.3769213677306,6,HIIT03,6_HIIT03,HIIT,57,111.0,183.0
3.38648229546696,2.58633770433384,-0.81815559463347,-199.978129118515,-117.134047707851,-187.52994014113,6,HIIT02,6_HIIT02,HIIT,151,111.0,183.0
-1.66511561333873,-4.70753569325264,0.828323766085902,-13.338549989833,77.5954805577278,-140.959366688597,16,MICT02,16_MICT02,MICT,287,145.0,207.5
-0.463887331187171,8.77624496816169,0.433266201978439,-13.8102445432306,-43.7373865391156,125.98895759432,16,HIIT06,16_HIIT06,HIIT,71,145.0,207.5
3.73834042195816,-1.13174533681204,-2.196062814084,171.751703221224,-55.1685159285117,139.416446921626,6,HIIT04,6_HIIT04,HIIT,179,111.0,183.0
2.47614720711029,4.55227228930977,0.630756999860201,-7.04130376045486,-128.664405160627,81.0583199379637,6,MICT01,6_MICT01,MICT,118,111.0,183.0
1.15475912904969,-4.8304139035028,22.5968506848752,59.4228028318385,-174.294316014918,-194.202239177026,16,HIIT01,16_HIIT01,HIIT,298,145.0,207.5
-3.22462205453425,-6.96992782224736,1.02833000473711,-17.2128182329523,6.95228898460711,19.5531719346219,6,HIIT02,6_HIIT02,HIIT,7,111.0,183.0
2.1704455535872,-3.36698006900416,-1.6717329977424,546.583049652853,32.9652046929532,496.607202431535,6,HIIT06,6_HIIT06,HIIT,199,111.0,183.0
-2.87312851431389,2.61946623998878,-0.324036695048297,-6.2183239652523,-4.14673503255223,64.0685536930457,6,MICT05,6_MICT05,MICT,29,111.0,183.0
4.63924128216057,3.28029504256501,-1.31855183874432,-249.105495578148,-97.6196940529924,-220.401977642348,6,HIIT04,6_HIIT04,HIIT,147,111.0,183.0
-0.59010928283211,6.7339248919546,0.0917957625854912,-308.111418412992,-182.035987883664,-153.286943920555,6,HIIT05,6_HIIT05,HIIT,71,111.0,183.0
0.558895914064524,-6.36440529240693,0.485526842490791,-40.0679204538582,112.661589964896,-143.798227615505,6,HIIT01,6_HIIT01,HIIT,271,111.0,183.0
1.24719760144344,-2.17333789575149,-1.05002792356713,44.8676107056004,69.2088886033772,19.6088718479975,6,MICT03,6_MICT03,MICT,199,111.0,183.0
1.56743611275219,-7.65906495539446,-2.33788542540059,8.92829618151111,28.9277806509764,-140.285646165016,16,HIIT06,16_HIIT06,HIIT,228,145.0,207.5
-1.59723103190824,-7.94033557872808,0.958306887788036,17.2938306555887,72.9666253822615,-33.3744565019835,6,MICT02,6_MICT02,MICT,338,111.0,183.0
-2.68513510940522,3.54197578058461,0.105119215663378,-113.274336048159,-62.2146813433083,27.0940069801258,6,HIIT02,6_HIIT02,HIIT,33,111.0,183.0
3.5192487790316,6.22978708097276,1.07898273881348,-3.01831339027974,-80.7483414555778,103.331584965122,16,MICT02,16_MICT02,MICT,102,145.0,207.5
4.39056544330323,-4.63638414019374,-3.40340040178021,7.02186817204974,-0.756678153281953,-46.8574530571075,16,HIIT03,16_HIIT03,HIIT,203,145.0,207.5
-3.734948205032,5.69755403018945,-0.0745517290002999,10.5433834785832,11.5662792950156,113.82012322118,16,HIIT05,16_HIIT05,HIIT,45,145.0,207.5
-2.6441745684958,2.77257175727692,-0.298738637188533,19.3600695527725,16.7604791718576,75.7543182538656,16,MICT06,16_MICT06,MICT,37,145.0,207.5
-0.126006522293918,-5.43678293587105,-0.637375280669076,14.1090683251111,79.7695178784955,-121.112777881313,16,MICT05,16_MICT05,MICT,247,145.0,207.5
-3.89655199218874,22.0392288704011,0.769978546156285,-11.1509170506377,45.0875248991711,-42.6016149499751,16,MICT04,16_MICT04,MICT,347,145.0,207.5
0.571191528066562,-4.65290787309781,0.840182076258758,111.820399595968,170.589979591089,-17.8008899290361,6,HIIT05,6_HIIT05,HIIT,246,111.0,183.0
-1.57239034966889,1.7317459651901,0.0145738559309367,15.5114862293188,23.8853127728948,20.4017820156005,16,MICT04,16_MICT04,MICT,5,145.0,207.5
5.51410978773694,5.81704162364918,0.254306162986804,-42.0772989941177,-143.879782161259,105.499444573039,16,MICT04,16_MICT04,MICT,133,145.0,207.5
-0.757721272102998,2.00592000766964,-0.626994159234428,-11.8018536412056,-15.4814454608797,40.4202089241367,6,MICT01,6_MICT01,MICT,49,111.0,183.0
-4.35288371622944,1.44264860677928,-0.474867428528408,41.667012730067,21.3093507984482,75.3637721284635,16,MICT02,16_MICT02,MICT,27,145.0,207.5
-1.39584973637568,-3.4696678876834,0.674541684965972,-19.1090254137446,71.20266025774,-130.444120226388,16,MICT02,16_MICT02,MICT,297,145.0,207.5
10.5303849181054,0.309469842985221,66.5048510630572,1064.51277533941,323.072112507969,302.331702215593,16,HIIT01,16_HIIT01,HIIT,295,145.0,207.5
0.629520922035381,-4.18974649651137,0.230865476499725,262.861753372499,192.73111032641,151.504241780495,6,HIIT05,6_HIIT05,HIIT,228,111.0,183.0
3.7671917926138,6.35045942312439,-1.0485766840863,-171.648622267793,-165.975088803412,-118.147888742714,6,HIIT05,6_HIIT05,HIIT,108,111.0,183.0
-0.429706911337157,3.07171171730281,-0.497252170945519,6.64467098234256,-29.2922615773067,61.1648900497456,6,MICT05,6_MICT05,MICT,54,111.0,183.0
-1.17218416954537,3.26236954387876,-0.270238618373421,32.976314015312,-11.1131589308631,78.8345322179701,16,MICT02,16_MICT02,MICT,54,145.0,207.5
0.0097496393304887,-12.2664963741272,0.660008451633697,36.580181744914,-16.1236431256781,-58.20937373854,16,HIIT01,16_HIIT01,HIIT,354,145.0,207.5
0.740636935209244,-4.9245567397153,0.973918044214352,153.592876195272,174.409640477487,32.2768115217618,6,HIIT06,6_HIIT06,HIIT,239,111.0,183.0
-0.412092830565371,2.69475789175696,-0.552272129373737,5.37130474225987,-19.7616291467003,51.085075712982,6,MICT04,6_MICT04,MICT,53,111.0,183.0
-0.992612896516841,-3.18260555675525,0.270583008750792,4.53878878394936,70.1851674245941,-60.5504153289893,6,MICT06,6_MICT06,MICT,321,111.0,183.0
0.63079942996518,6.16063058538141,0.279608081108287,4.73139271254408,-52.1847759275507,90.5512650464887,16,MICT05,16_MICT05,MICT,80,145.0,207.5
1.54979550640468,-12.6629903423797,0.233714881553745,58.6050475359625,49.3717896531753,28.7086870381977,6,HIIT05,6_HIIT05,HIIT,355,111.0,183.0
3.76403996491098,6.28046470845359,1.23000227717578,-4.93676215477554,-83.6020189753782,104.557895436668,16,MICT02,16_MICT02,MICT,104,145.0,207.5
0.0117546336590212,-5.75536386880605,0.523068805979157,-43.4777844617904,92.8959301197871,-120.506333065627,6,HIIT01,6_HIIT01,HIIT,285,111.0,183.0
-5.23950242497411,6.26746905739279,0.843969521264761,-80.7184643784158,-35.6801091411222,36.0606682164759,6,HIIT03,6_HIIT03,HIIT,23,111.0,183.0
7.7539603944297,4.86413704529414,-1.9610852101712,-310.803604740683,-11.0358764918131,-267.138997701807,16,HIIT02,16_HIIT02,HIIT,158,145.0,207.5
2.201499111026,3.42293708048931,0.0404208269699597,0.665107320278524,-167.371181181801,74.9047986965707,6,MICT05,6_MICT05,MICT,144,111.0,183.0
-4.06097063328818,-8.10072941812092,2.05076207298257,15.6913910663582,69.7652699191938,-127.345804193743,16,HIIT03,16_HIIT03,HIIT,322,145.0,207.5
5.71694759593,1.03391588879149,-2.99298360619183,-13.1818043409518,-43.5188002646444,60.7108834336283,16,HIIT04,16_HIIT04,HIIT,177,145.0,207.5
1.19768587839872,-1.60124246536335,-1.14550113172279,25.3049672983711,39.6304733241559,16.2426427412434,6,MICT05,6_MICT05,MICT,191,111.0,183.0
-0.0797110519947518,1.3571625089364,-0.135482525146695,-6.89385812975271,16.2637947795838,15.8194239444269,6,MICT06,6_MICT06,MICT,0,111.0,183.0
0.749610025457621,-5.22420341654924,1.09423592068505,52.1480240586573,160.983174901936,-72.1761271873488,6,HIIT01,6_HIIT01,HIIT,252,111.0,183.0
1.23421296493397,-2.61113729865405,-0.87722498476109,10.6444680571991,90.209407727031,-32.1473338906418,6,MICT05,6_MICT05,MICT,206,111.0,183.0
-1.16224921006547,-3.68412786634375,0.614423611739311,-9.16187119159724,71.6233286528025,-57.0275848638941,6,MICT05,6_MICT05,MICT,325,111.0,183.0
2.50777253638388,-7.36998369889396,-2.28377280129363,147.156938685981,69.4727807067628,114.309986009274,16,HIIT02,16_HIIT02,HIIT,224,145.0,207.5
0.830305283578278,-5.18818458552249,0.981484116875989,86.5473662200676,194.987347342943,-46.6070222726584,6,HIIT03,6_HIIT03,HIIT,248,111.0,183.0
-23.0063883513803,11.2731286030745,-51.3703133903885,-3465.36583958994,-1992.8471532293,-942.230737680737,16,HIIT02,16_HIIT02,HIIT,129,145.0,207.5
-0.296250159810016,-5.57354668414178,0.545776754304941,-17.2485491165489,105.112187583455,-116.82662523251,6,HIIT06,6_HIIT06,HIIT,275,111.0,183.0
-0.950376745492099,-5.08156747230347,0.436421743286155,17.8869410947012,91.8776044128912,-52.1141850194299,6,HIIT03,6_HIIT03,HIIT,318,111.0,183.0
-0.0462860560796701,-3.85050311879798,0.310102683097327,-13.2554083028715,78.7832547124659,-115.044065825493,6,MICT04,6_MICT04,MICT,272,111.0,183.0
1.86540235757858,-1.94375240016181,-1.88263382335939,8.6476261988352,-3.92502024222144,-5.29623488313179,16,MICT04,16_MICT04,MICT,200,145.0,207.5
-3.68418118761174,21.2786965784347,0.648871939215233,-14.9135322233086,52.422026349264,-46.1512402504194,16,MICT02,16_MICT02,MICT,346,145.0,207.5
1.51264336881088,4.57478721952292,-0.120319940186009,3.59875749554472,-87.194506818144,69.2230961871216,6,MICT02,6_MICT02,MICT,95,111.0,183.0
-1.78101179235698,-4.94758188668531,0.732143847286003,5.5633741563809,69.3887318205979,-130.19946613544,16,MICT06,16_MICT06,MICT,285,145.0,207.5
-1.59106372954154,6.56526717258009,-0.116584856277691,97.3061136654685,129.552456781855,-38.4919904556468,16,HIIT01,16_HIIT01,HIIT,66,145.0,207.5
4.6767326264474,5.33104900135805,-0.512490662449848,-335.738122732891,-151.745873557824,-293.152099790487,6,HIIT03,6_HIIT03,HIIT,137,111.0,183.0
-1.27335297039096,2.9468536513294,-0.145298239396076,12.3850179527341,18.6448790344656,24.7051854278379,6,MICT02,6_MICT02,MICT,4,111.0,183.0
-1.51872874567526,-5.01108867022924,0.5521857366186,-8.12828820105419,75.0800977707915,-139.368135686525,16,MICT05,16_MICT05,MICT,282,145.0,207.5
-1.58781908325085,-5.30316916337948,0.952725284388874,5.31876850338631,90.5696614320353,-53.4170288675125,6,HIIT04,6_HIIT04,HIIT,321,111.0,183.0
2.1800126682648,2.94132810719451,0.386954171228151,-20.8557532151322,-159.355738328289,53.9918888994432,6,MICT04,6_MICT04,MICT,148,111.0,183.0
-9.70377709082412,29.1621898351611,1.08029538057335,106.380575360483,95.8002271639201,41.5067818029295,6,HIIT03,6_HIIT03,HIIT,344,111.0,183.0
-2.55029520854481,7.52568083051013,0.528052108515348,-12.7865274508877,33.5592667277664,-32.0250644050868,16,MICT06,16_MICT06,MICT,350,145.0,207.5
3.14566360592556,5.77456558552149,-0.6809500013393,-133.89113231661,-163.70599312546,-81.4325750221185,6,HIIT02,6_HIIT02,HIIT,105,111.0,183.0
2.39461322968303,3.86405082475537,0.666460249881447,7.41703838200867,-136.460874556771,91.9790742953177,6,MICT01,6_MICT01,MICT,134,111.0,183.0
-0.512643953312613,-5.13170290486808,-0.0187403262546951,8.50053146584267,81.7889501595667,-132.004798578789,16,MICT05,16_MICT05,MICT,259,145.0,207.5
4.61510319008654,-4.1120576043087,-3.10138264540751,20.6708874647651,38.3486980841143,-15.4869720112503,16,HIIT01,16_HIIT01,HIIT,203,145.0,207.5
-0.867617053790274,-3.90789303089573,0.856779797597832,-4.35456944941289,90.3315543218132,-74.5803290828279,6,HIIT04,6_HIIT04,HIIT,303,111.0,183.0
4.62314209115221,-2.10354385246348,-3.2797685082411,-2.87911581955213,-16.9546747925535,-3.02894989959312,16,HIIT04,16_HIIT04,HIIT,192,145.0,207.5
0.916730425075481,-2.47781967616167,-0.456246990381803,27.5150915256579,93.704510509408,-20.1805392889515,6,MICT01,6_MICT01,MICT,216,111.0,183.0
-1.70169821626088,-3.48909246564241,0.450069150372894,10.0531121960105,70.6339917117938,-40.0706137489298,6,MICT04,6_MICT04,MICT,330,111.0,183.0
-1.38300218670355,-4.91215459153806,0.282166039489574,-14.0473206372279,74.5021921720421,-150.541200860379,16,MICT01,16_MICT01,MICT,274,145.0,207.5
2.30573527892413,-6.77270240474258,-2.46751593092418,8.75204266161441,19.1533569086812,-115.034155324648,16,HIIT04,16_HIIT04,HIIT,220,145.0,207.5
2.48962660358095,5.92143907812811,0.771796578559799,4.27109224037074,-68.9280446749347,98.6985676983796,16,MICT04,16_MICT04,MICT,93,145.0,207.5
5.98523386476854,0.440667098581609,-3.21431725715802,-5.00822023550118,-47.17770231268,41.8461431923016,16,HIIT05,16_HIIT05,HIIT,180,145.0,207.5
-6.34733977452171,-14.3567199026994,1.18041766931884,15.9458072197635,23.3259354526946,23.5791600899896,16,MICT04,16_MICT04,MICT,8,145.0,207.5
-1.62030721309494,-4.4830906342655,0.623751758086094,-16.394191962464,75.6874674670332,-140.156105632181,16,MICT02,16_MICT02,MICT,290,145.0,207.5
-1.32140046863753,9.24132485954635,-8.56470042230695,-66.8115258866321,158.180066503283,82.1763775420888,16,HIIT02,16_HIIT02,HIIT,97,145.0,207.5
3.39431060315117,-5.39611640416533,-2.7176508713113,14.5499359946757,5.32359722865094,-80.7759748922455,16,HIIT05,16_HIIT05,HIIT,211,145.0,207.5
1.83208206822304,-3.44384859526243,-1.98381160703844,607.088328717532,47.507779934921,553.192321586733,6,HIIT05,6_HIIT05,HIIT,199,111.0,183.0
2.50167312323059,5.37171146488547,0.849813581812472,2.8499491650845,-134.29018303764,93.4174523537711,6,MICT06,6_MICT06,MICT,107,111.0,183.0
3.1956722577993,-0.682233688413402,-2.01826662921683,98.6127161983596,-68.3857347839381,88.2649754431081,6,HIIT05,6_HIIT05,HIIT,173,111.0,183.0
-6.1328232990882,-0.461214173832182,0.0350084131170683,41.6417704267278,45.8368901741934,63.0318544935001,16,MICT03,16_MICT03,MICT,17,145.0,207.5
-0.653684313339679,-8.99180081386307,-0.138362801337216,21.0083656754161,53.0386177149351,-182.903694293434,16,HIIT03,16_HIIT03,HIIT,261,145.0,207.5
-4.77484930986719,2.69293720876922,-0.551808435798858,42.5400284546149,27.2864812223018,73.3807366112154,16,MICT02,16_MICT02,MICT,24,145.0,207.5
-0.604833511955441,-5.18765863266083,-0.0325592820423209,1.07911911333264,80.1374250899487,-136.503676620014,16,MICT04,16_MICT04,MICT,261,145.0,207.5
-2.00669226653304,3.53570744058467,-0.456544709745841,-121.216110573456,-95.8057679076546,16.2916135958277,6,HIIT03,6_HIIT03,HIIT,42,111.0,183.0
-1.63501167959541,7.322564275124,-0.0817703309069993,99.4484789198769,136.073787387153,-38.6909779746283,16,HIIT01,16_HIIT01,HIIT,67,145.0,207.5
2.54668074857712,5.40063347266017,0.97966957113961,3.41464917020335,-129.566933514503,91.7508306516311,6,MICT06,6_MICT06,MICT,105,111.0,183.0
-34.377403041243,9.78515286781814,-70.5372304873319,-2538.38635670507,-1442.23881212266,-757.502589712754,16,HIIT02,16_HIIT02,HIIT,131,145.0,207.5
-1.49465002367733,6.3199198441102,-0.407673715999668,24.4765720791679,39.6610100056331,28.3368062726704,16,HIIT05,16_HIIT05,HIIT,4,145.0,207.5
5.01160407711291,5.85800779661402,0.724200715240007,-50.6386248397183,-123.977702062372,96.6607696099772,16,MICT06,16_MICT06,MICT,124,145.0,207.5
4.45144834200911,-3.36982429391793,-3.19602361342288,5.20941536547546,-4.41764385828052,-23.2517784629664,16,HIIT03,16_HIIT03,HIIT,198,145.0,207.5
-4.74269097878772,-14.5944294304066,3.05121530254007,18.9796735565651,76.5944618732671,-94.2549120863883,16,HIIT06,16_HIIT06,HIIT,336,145.0,207.5
7.53423703928876,10.0440585200359,1.1971904865545,-63.2519078585235,-122.536550735624,152.366436357265,16,HIIT03,16_HIIT03,HIIT,121,145.0,207.5
2.43103116884388,4.33868477011557,0.711191921516234,4.68146363749694,-161.716031503936,98.0022259549862,6,MICT06,6_MICT06,MICT,128,111.0,183.0
4.65389226300664,5.6022532248455,0.997745158552222,-31.9514112976191,-114.850459293639,101.558415868811,16,MICT02,16_MICT02,MICT,121,145.0,207.5
1.44723384462071,1.74791187967981,-1.17804436296752,16.6103399251681,-117.616801870467,72.771764763791,6,MICT01,6_MICT01,MICT,163,111.0,183.0
-2.01448395840617,-7.19367723196251,1.08221250771596,11.8879949926664,58.2081439070028,-170.02452623309,16,HIIT06,16_HIIT06,HIIT,293,145.0,207.5
5.58604058391866,0.983348728910652,-2.88302343774573,-12.7349374903253,-41.8404431405914,51.260298995241,16,HIIT06,16_HIIT06,HIIT,178,145.0,207.5
-8.77214891885595,31.8924744779764,0.980956690481659,80.0363528685192,70.6624225005127,32.4875637716324,6,HIIT03,6_HIIT03,HIIT,347,111.0,183.0
-0.119496934546859,-5.00121352404895,-0.624101132524938,11.588795267562,73.3473976989129,-117.234527090834,16,MICT03,16_MICT03,MICT,247,145.0,207.5
0.107358279186294,-4.94966023234703,-0.825240120744086,13.6138863874244,72.5110783375893,-111.112436267132,16,MICT05,16_MICT05,MICT,243,145.0,207.5
3.95077182491102,1.72905835675345,-1.6320240723275,-200.988702059962,-77.0668303076013,-187.593347158207,6,HIIT05,6_HIIT05,HIIT,157,111.0,183.0
7.92401536394681,6.91356662736897,-1.08618774585664,-40.3224824428607,-108.723834033892,135.469771074032,16,HIIT06,16_HIIT06,HIIT,149,145.0,207.5
0.133843968768149,-5.95295576579694,0.14206983473209,124.591930585365,153.522931463526,-21.334375593077,6,HIIT04,6_HIIT04,HIIT,256,111.0,183.0
-0.755057130952307,5.53175862107784,0.084997440619381,14.1965059229021,-32.8604268844676,86.5023698647717,16,MICT05,16_MICT05,MICT,70,145.0,207.5
4.49496465934626,1.17328862443667,-1.9521410795556,-117.406217086035,-71.8749353464173,-115.478038003223,6,HIIT04,6_HIIT04,HIIT,161,111.0,183.0
-3.01985170359275,8.80824819963743,-0.0538308533398227,16.5211444305937,38.4480144496904,-6.074315881801,6,MICT02,6_MICT02,MICT,349,111.0,183.0
2.83128230201684,11.2964838346226,1.45855127524352,-37.9487720801847,-81.1449561082282,141.827806498849,16,HIIT03,16_HIIT03,HIIT,89,145.0,207.5
0.488343490798181,-9.59255589765525,-1.67139144195693,19.5915363904184,52.8553390019546,-184.157226940442,16,HIIT06,16_HIIT06,HIIT,247,145.0,207.5
-8.53923337757717,-12.0125357133726,1.45517355971136,17.5396314069788,43.2060151093566,47.9475114265578,16,MICT01,16_MICT01,MICT,15,145.0,207.5
-32.1503958310961,7.42660869699076,-63.968367392891,-2440.0332567056,-1380.8403482698,-643.938292817672,16,HIIT01,16_HIIT01,HIIT,135,145.0,207.5
-4.46285205267271,1.85535727400461,-0.371123973291927,39.4088571618719,23.6019761322504,79.8421205644373,16,MICT03,16_MICT03,MICT,28,145.0,207.5
0.27547392282371,12.8516785407585,-10.9727975507756,-3658.92819996098,-2022.51540047757,-778.345430022293,16,HIIT02,16_HIIT02,HIIT,116,145.0,207.5
0.976754069108034,-3.1753230929245,-0.765636058218279,-4.33122059226941,104.739034775645,-64.6176699862303,6,MICT06,6_MICT06,MICT,215,111.0,183.0
3.33449006775676,1.358240132866,-1.48377751200357,-60.3745927011971,-77.4160510207764,-38.6401852262508,6,HIIT01,6_HIIT01,HIIT,165,111.0,183.0
-0.60028857662713,-2.87331040980858,0.116649280293195,-23.8310953194783,77.5388437863546,-82.4959602522991,6,HIIT02,6_HIIT02,HIIT,312,111.0,183.0
0.209529472753977,-5.2306886450262,-1.04590875345812,12.4124610698835,69.4614138561441,-112.192858538393,16,MICT03,16_MICT03,MICT,241,145.0,207.5
0.577316435803962,-8.69502177510622,-1.24936212742188,13.809958228895,46.4073295954809,-174.283169974219,16,HIIT04,16_HIIT04,HIIT,243,145.0,207.5
1.07110533757682,5.8424848554091,0.546896472103745,16.7337409096356,-52.2268558665387,92.768852668546,16,MICT02,16_MICT02,MICT,83,145.0,207.5
-0.347496467408082,-3.85859209371103,0.30742654726152,0.20300201641659,86.101353598507,-60.4795646285182,6,HIIT05,6_HIIT05,HIIT,309,111.0,183.0
-0.02942201549457,5.2039872999645,0.17479709855286,14.0584130069645,-40.9381136741413,84.9561778026038,16,MICT04,16_MICT04,MICT,74,145.0,207.5
2.52682668084127,4.00958135568107,0.591070052982685,-8.41689544472495,-156.973001973776,78.8485723415293,6,MICT02,6_MICT02,MICT,135,111.0,183.0
0.414634589426025,-3.10752186929465,0.29477643700644,-22.1837052036039,71.6748333653496,-121.198193191366,6,MICT01,6_MICT01,MICT,254,111.0,183.0
4.57730350035223,5.23811782697997,0.64764320216968,-25.1974634580266,-103.817910794733,99.2730777105819,16,MICT01,16_MICT01,MICT,120,145.0,207.5
1.69404240128899,5.97027678637307,0.541479967174374,0.456505635849033,-63.4491744969913,93.2816090342906,16,MICT05,16_MICT05,MICT,89,145.0,207.5
-2.93831872584196,-3.95972041162978,1.38546770913841,-32.9425329204747,72.3618140587596,-100.132762911876,16,MICT01,16_MICT01,MICT,330,145.0,207.5
-19.2075205981412,-37.4693541853147,2.91478485323071,47.1513237805076,68.3739721528155,62.2344851635858,16,HIIT03,16_HIIT03,HIIT,14,145.0,207.5
-0.642886123288867,5.09842569238952,0.931658974535589,-163.631921177103,-131.253347784268,-33.5873979812566,6,HIIT02,6_HIIT02,HIIT,62,111.0,183.0
0.31541297323168,5.59162318062709,0.281873227578585,24.1580321650484,-41.9403002842412,90.5937037030615,16,MICT02,16_MICT02,MICT,77,145.0,207.5
-0.077358255528252,-4.41365332685892,0.955158252458492,-22.513782432268,86.6002962621322,-81.2424459706647,6,HIIT01,6_HIIT01,HIIT,301,111.0,183.0
-0.892127546952641,-5.23230001824972,0.208151016709438,-2.58165507459529,79.0652229999837,-140.251028692234,16,MICT04,16_MICT04,MICT,267,145.0,207.5
-8.16382682787701,29.7270522696788,0.424742136470629,75.6647267917409,71.2994196267748,32.9054782748505,6,HIIT05,6_HIIT05,HIIT,346,111.0,183.0
0.660069582387126,-4.51270366392497,-0.444790246892401,355.174189979104,231.517924514912,266.787776838772,6,HIIT03,6_HIIT03,HIIT,223,111.0,183.0
4.61222762015328,2.46199043803471,-1.37841587291292,-8.11113066100346,-107.419474045219,79.2527405321886,16,MICT05,16_MICT05,MICT,165,145.0,207.5
-0.0926635964151008,-4.60244354471222,1.1568143774095,-18.7546932955399,88.7061658647177,-80.7218597245318,6,HIIT01,6_HIIT01,HIIT,299,111.0,183.0
-5.56984930229342,12.6900228802484,-0.563577527666691,41.1972550122167,60.9929647290671,76.0787965923032,16,HIIT03,16_HIIT03,HIIT,20,145.0,207.5
-0.692775079683198,-3.69310648910841,0.415635641934566,-29.7736607787789,62.1861168405784,-105.351531764945,6,MICT04,6_MICT04,MICT,290,111.0,183.0
-0.0959838961303862,-8.56110288768027,-0.731983360923533,195.107163554825,112.581632258249,163.257850651564,16,HIIT02,16_HIIT02,HIIT,253,145.0,207.5
-0.651528757598148,-3.36654492607993,0.643850584906326,-22.8027324367708,65.5853420884418,-93.274763311309,6,MICT04,6_MICT04,MICT,295,111.0,183.0
5.51143642861841,0.765925053733055,-2.93989834288397,-12.0268693938286,-39.7733594958794,47.3184770298679,16,HIIT06,16_HIIT06,HIIT,179,145.0,207.5
-2.28484578928521,2.5206142843295,-0.301071222966155,67.8475400229418,47.8294343285945,-49.3365224099577,16,HIIT01,16_HIIT01,HIIT,5,145.0,207.5
0.46874128662844,-3.99708155143327,0.265140634015909,224.490193774954,207.470101097192,130.82256357612,6,HIIT02,6_HIIT02,HIIT,227,111.0,183.0
-0.683008028101864,7.24383813785968,1.14307990923633,-304.801130155183,-177.104079573356,-150.045176727569,6,HIIT06,6_HIIT06,HIIT,70,111.0,183.0
-1.47220121659316,-3.36389949427958,0.734208596701554,-13.0394788055735,73.6812674642596,-118.110292143194,16,MICT05,16_MICT05,MICT,305,145.0,207.5
5.3603529047785,5.89567629840992,1.27901378292739,-36.60041036794,-127.162044935092,106.358184291596,16,MICT02,16_MICT02,MICT,128,145.0,207.5
7.54620897948278,3.35666815948556,-3.03628906571373,-23.2721437478762,-66.1001586907827,97.1363824657629,16,HIIT03,16_HIIT03,HIIT,167,145.0,207.5
1.7049863975265,5.14598422842952,-0.172745464770426,-10.4054594398341,-97.8563328820678,62.8653676997716,6,MICT04,6_MICT04,MICT,90,111.0,183.0
-1.23061488699249,5.09717589580865,-0.163937685648819,16.4202731218693,-24.6643915396566,83.9923070748422,16,MICT05,16_MICT05,MICT,65,145.0,207.5
-0.0277466444696984,1.44143770596584,-0.141635835854477,14.4050884498219,26.2413465320816,19.511946883904,16,MICT02,16_MICT02,MICT,0,145.0,207.5
-4.45928483580866,-8.51875940560668,2.71861224169998,13.4403041323781,69.1788428119057,-119.505708434186,16,HIIT06,16_HIIT06,HIIT,326,145.0,207.5
0.773043028388159,-4.14504738437319,-0.144150556109008,-16.7771599854802,101.80281711715,-128.043241356768,6,MICT03,6_MICT03,MICT,241,111.0,183.0
2.66164413001088,5.14896110953962,0.980301180102949,6.4957242566212,-142.535061829711,101.127176509069,6,MICT06,6_MICT06,MICT,113,111.0,183.0
0.673050389082348,-4.60973347222401,-0.285985272340576,199.208094711902,193.196203554724,77.3591279392647,6,HIIT05,6_HIIT05,HIIT,235,111.0,183.0
-6.24816156333961,5.90268748660308,-0.296230292462632,21.6182318106476,37.7260196487772,100.327943288806,16,HIIT06,16_HIIT06,HIIT,32,145.0,207.5
7.92606060413812,5.09299272314869,-1.67849982865925,-314.299958541717,-13.9917777727729,-270.244717676061,16,HIIT02,16_HIIT02,HIIT,157,145.0,207.5
2.21604461452905,4.66184011373198,0.699218450693638,2.71645399939346,-103.252234543614,76.0347430830997,6,MICT02,6_MICT02,MICT,104,111.0,183.0
-0.857693014400185,9.15762021169426,0.874887932294609,-18.5663895353116,-40.4724742677623,124.915608893052,16,HIIT05,16_HIIT05,HIIT,71,145.0,207.5
4.45502917855973,6.2594105745674,1.64118929204262,-17.6702378796302,-99.2598907838725,105.579808590757,16,MICT02,16_MICT02,MICT,111,145.0,207.5
-0.522398557989815,-3.11269283819619,0.443200281096967,-42.1902389465601,51.2771618944695,-117.530260219444,6,MICT02,6_MICT02,MICT,294,111.0,183.0
2.0099621685322,5.71062038660698,0.649650402202307,8.97783591316689,-61.3620761920515,93.0935859522474,16,MICT02,16_MICT02,MICT,90,145.0,207.5
2.46478962735897,-0.657842676817126,-1.82750766559033,9.29759992677123,-31.7204347230977,29.8851960746801,16,MICT04,16_MICT04,MICT,189,145.0,207.5
3.01006795415822,-2.39560707470321,-2.30188831180784,369.166999252408,-37.2096548739321,341.5184770128,6,HIIT06,6_HIIT06,HIIT,187,111.0,183.0
-1.6090470754034,-3.70836765330099,0.775225041836091,-13.0311290791785,76.7089305576329,-123.424067380192,16,MICT05,16_MICT05,MICT,304,145.0,207.5
5.61238536181702,4.97704918399346,0.172860642626599,-34.487388682698,-131.511050599575,99.5827275690964,16,MICT01,16_MICT01,MICT,135,145.0,207.5
-2.60258074944039,-2.27381530287027,0.264392329931623,19.5855009921865,24.8782318817395,24.5876170038042,16,MICT03,16_MICT03,MICT,6,145.0,207.5
-0.599279694370334,3.36851827077248,-0.500338981597921,3.19999894747151,-36.0637183655801,59.1679955898053,6,MICT03,6_MICT03,MICT,56,111.0,183.0
2.06950003949909,3.32558954012991,-0.128895152332745,-1.18520344295413,-173.380783695735,82.2048443746973,6,MICT06,6_MICT06,MICT,144,111.0,183.0
-0.18035863578992,-3.69034141771035,0.268877777817115,-24.6839979848458,73.311221870047,-123.853525469467,6,MICT02,6_MICT02,MICT,279,111.0,183.0
0.246080337519642,-3.87993056348781,-0.27529713343629,-30.2246729855373,74.1487120859863,-139.654924519077,6,MICT04,6_MICT04,MICT,252,111.0,183.0
-2.36242226302904,6.53164289515655,-0.144964082146674,0.960731263730739,-10.1265735330987,115.353560632008,16,HIIT06,16_HIIT06,HIIT,55,145.0,207.5
0.204592050390958,-9.41387329883028,0.209726255438318,28.544114643913,42.6845903797214,7.67006285991651,6,HIIT02,6_HIIT02,HIIT,354,111.0,183.0
3.03049952783376,4.77698039287445,0.633106981216978,-26.6795700883785,-186.238688128559,70.4870995236982,6,MICT03,6_MICT03,MICT,132,111.0,183.0
-1.99512806404317,7.91522985202005,0.561789520167609,-9.18428131681991,-26.450212138785,114.223289300188,16,HIIT03,16_HIIT03,HIIT,59,145.0,207.5
1.51610460078572,4.93054288166599,-0.0377535588986157,-9.30913689065071,-94.3608071804438,58.5685935632718,6,MICT06,6_MICT06,MICT,82,111.0,183.0
3.92683537410846,6.16333221611808,1.55453133890799,-4.28681606288068,-86.7678839755261,107.301053007046,16,MICT04,16_MICT04,MICT,106,145.0,207.5
-2.08340231890698,3.03460680943996,-0.456822798257938,-8.36389737766231,-9.70285994638055,61.2676756843024,6,MICT05,6_MICT05,MICT,32,111.0,183.0
-3.03227165634925,-12.8038021190142,0.139103849399197,154.669953599737,105.44464258922,66.5452473418654,6,HIIT01,6_HIIT01,HIIT,338,111.0,183.0
-1.75722157098663,2.95081723143024,-0.519975098270604,38.3199209315802,-1.64890446618657,84.8387139245238,16,MICT02,16_MICT02,MICT,44,145.0,207.5
1.21186678541819,-3.53236877780259,-1.58156180539526,13.1384073179252,27.9729270017188,-54.2238573522551,16,MICT03,16_MICT03,MICT,217,145.0,207.5
-1.53949651349824,-4.84282681658242,0.402876256924704,-9.1010434103614,75.3968224021855,-136.809589069843,16,MICT04,16_MICT04,MICT,286,145.0,207.5
0.659939488655697,-2.79363242965749,-0.200738814968828,11.1589492008702,100.542020452724,-61.0733880867508,6,MICT01,6_MICT01,MICT,230,111.0,183.0
-6.38951454860758,-11.9811068323901,2.86805578929294,23.0532911678409,81.5317995643378,-102.960619809924,16,HIIT03,16_HIIT03,HIIT,334,145.0,207.5
-1.38512092315802,-4.55263817370106,0.276551830840389,-13.3202258028714,72.858298489465,-144.154581253264,16,MICT01,16_MICT01,MICT,277,145.0,207.5
-1.31230822353658,-4.56196674548266,0.241530108562232,-13.6542249685472,72.090317752514,-145.014308939979,16,MICT01,16_MICT01,MICT,275,145.0,207.5
-1.55746999259509,-3.09414963324298,0.8081710292373,-7.02003435834419,66.5852429674713,-108.064111309917,16,MICT06,16_MICT06,MICT,313,145.0,207.5
0.40443315405653,-4.59335188709837,1.32170312520513,35.838766658269,143.520363250453,-86.5566472160056,6,HIIT02,6_HIIT02,HIIT,258,111.0,183.0
1.83175118503706,5.50223682755758,-0.114440477532671,-21.3308301121348,-112.309048812164,62.9532829586819,6,MICT03,6_MICT03,MICT,91,111.0,183.0
5.73761102111785,5.76030336590159,0.186856893042041,-56.7430419675262,-139.690565977994,96.1503822451488,16,MICT06,16_MICT06,MICT,134,145.0,207.5
5.47703777977267,-2.54960462867374,-3.21056649553937,-44.8637020835871,48.5675967801434,-52.4791559763024,16,HIIT02,16_HIIT02,HIIT,193,145.0,207.5
3.30310094897125,6.58620269922652,0.757759606672913,-5.03031997780569,-81.436970325813,104.501262379172,16,MICT05,16_MICT05,MICT,100,145.0,207.5
-1.81633591280378,-3.46371053248539,0.862862581562568,-30.5512988514686,72.2329524182497,-117.065972772388,16,MICT01,16_MICT01,MICT,320,145.0,207.5
4.89515974625986,1.91589129628466,-1.88156930750693,-175.704358870087,-78.9417346857788,-165.260718894785,6,HIIT04,6_HIIT04,HIIT,157,111.0,183.0
3.1891799225798,-0.315204991087167,-1.67673830369651,30.7379730877345,-50.3895836051494,41.0635015641742,16,MICT01,16_MICT01,MICT,189,145.0,207.5
-3.24112796355684,15.5362729179227,0.338483913000039,-19.3386079469778,43.0227633093977,-39.0267736006877,16,MICT01,16_MICT01,MICT,348,145.0,207.5
0.571344623830979,-5.43086512412683,-1.17565231571945,128.011627965148,169.950617227626,3.44884573302942,6,HIIT06,6_HIIT06,HIIT,243,111.0,183.0
-3.98025403822383,-6.92009985804604,1.66777628444056,-27.3262540294996,76.0942013637068,-76.2361596288887,16,MICT05,16_MICT05,MICT,339,145.0,207.5
-3.80935162254527,-8.13741739032607,1.46369691753227,-10.6103829600594,9.62466592101991,25.5565361122287,6,HIIT05,6_HIIT05,HIIT,7,111.0,183.0
5.17467803277207,5.77122338425083,0.840823790200307,-51.7828002533816,-127.397294592511,96.2529005406463,16,MICT06,16_MICT06,MICT,127,145.0,207.5
5.81426764205929,-1.90357207271197,-3.19926826172449,-78.3908981387752,32.8776840445179,-99.9339828258422,16,HIIT01,16_HIIT01,HIIT,191,145.0,207.5
-4.00010601786501,4.55490950630946,-0.538321705113708,144.168117652734,137.25561049691,-69.734969833118,16,HIIT01,16_HIIT01,HIIT,44,145.0,207.5
5.63105774799676,-0.489979656838587,-3.28729281500436,-4.15359185995415,-25.4579937748495,33.3100855424979,16,HIIT03,16_HIIT03,HIIT,184,145.0,207.5
-2.24768525215122,-4.49981104814699,1.1736891577137,-19.1291423282054,75.1020735752852,-106.098540219072,16,MICT05,16_MICT05,MICT,322,145.0,207.5
-1.55060248884162,-3.16733823742064,0.769482465727669,-19.7780300202797,71.5538249563562,-111.664369280502,16,MICT05,16_MICT05,MICT,315,145.0,207.5
1.42453614888112,0.698339304957513,-1.02603197571298,16.9128642726702,-79.2549922091416,57.3716754588359,6,MICT04,6_MICT04,MICT,168,111.0,183.0
-1.24877487995189,2.04570663855972,-0.559008764635952,-9.69679377150532,-20.1332828143344,51.8757694594395,6,MICT02,6_MICT02,MICT,42,111.0,183.0
3.59796396635081,-2.31826814178881,-2.24341144007489,325.269160098463,-35.5756291095147,276.181200169071,6,HIIT04,6_HIIT04,HIIT,187,111.0,183.0
0.0134136672861311,-5.57667481475046,-0.89275772083135,22.5690457492033,69.6208831529174,-114.696037512388,16,MICT06,16_MICT06,MICT,245,145.0,207.5
1.4934695054432,4.85634557741285,-0.22317055638926,0.773699824973,-90.5374273130288,68.5541698212559,6,MICT02,6_MICT02,MICT,94,111.0,183.0
-6.20969325062536,22.3637992728215,0.321586903418299,60.2510735141545,56.0384799537975,26.6164327387877,6,HIIT05,6_HIIT05,HIIT,348,111.0,183.0
5.09913111193628,5.26878664172545,0.0874611570105432,-35.7183178549037,-135.059187517236,103.496972413491,16,MICT04,16_MICT04,MICT,135,145.0,207.5
0.773241509185076,-4.73752439820146,1.1569394545361,223.281245837149,189.653362405457,102.471850195352,6,HIIT06,6_HIIT06,HIIT,235,111.0,183.0
0.475226952605902,9.92813010870829,0.745671958948838,-15.7591965223248,-59.5603907836899,131.249034390277,16,HIIT04,16_HIIT04,HIIT,77,145.0,207.5
2.93172943313213,5.3907595529998,0.445464592141106,-6.66097571766621,-70.8725638630933,96.9895267074851,16,MICT01,16_MICT01,MICT,102,145.0,207.5
-2.48969624897078,-4.88869976231047,1.44044241058296,-19.8385312858941,75.1214456285514,-103.318228221269,16,MICT05,16_MICT05,MICT,324,145.0,207.5
-0.281968205394119,-4.71453953957016,1.02697962973112,-12.8348277189894,95.946885806941,-110.997883177729,6,HIIT02,6_HIIT02,HIIT,280,111.0,183.0
8.34977012155185,5.53180135503029,-1.9305508127495,-296.870356273211,-32.8657573725115,-282.06950964026,16,HIIT01,16_HIIT01,HIIT,154,145.0,207.5
5.18308404603295,5.67506991406089,0.933958074504234,-43.2760262918001,-139.398363369985,100.559635316668,16,MICT04,16_MICT04,MICT,130,145.0,207.5
-0.432293492945288,-4.96666796087065,0.754761325089757,-30.9686367204661,84.3369458311737,-104.415241904109,6,HIIT05,6_HIIT05,HIIT,287,111.0,183.0
0.306256761635062,-3.6742204343647,-0.0891122846249502,-29.6623620086402,72.1033669947539,-135.158242263468,6,MICT04,6_MICT04,MICT,251,111.0,183.0
7.53568112295745,7.86005778428579,-0.309226407416227,-51.0756358502838,-117.063895727496,141.018182412568,16,HIIT05,16_HIIT05,HIIT,137,145.0,207.5
4.70939832814107,4.22758539172503,0.292669329594671,-29.5160067039694,-127.639685884492,97.8755835991449,16,MICT02,16_MICT02,MICT,148,145.0,207.5
-2.0082689100027,-3.9493369031535,1.01397872265545,-31.1384705486259,72.3096931329081,-114.432484901895,16,MICT01,16_MICT01,MICT,322,145.0,207.5
2.90924329265225,6.55483698607168,-0.173542935090241,-165.811437200214,-155.662677699661,-110.229009448771,6,HIIT05,6_HIIT05,HIIT,102,111.0,183.0
-6.91001367488106,-22.6970635043049,2.7268712180876,-4.18852463649699,15.7312166408214,30.7029476024543,6,MICT03,6_MICT03,MICT,10,111.0,183.0
-0.501620354393718,2.78911587819119,-0.65308956366976,4.46548599400568,-26.5972884589764,61.0831740065651,6,MICT05,6_MICT05,MICT,51,111.0,183.0
5.17759472005095,4.47814464672997,-0.0921468579373798,-32.2821307813087,-127.985255897231,95.6171707612331,16,MICT01,16_MICT01,MICT,137,145.0,207.5
-0.668101023298507,-5.29126268190042,1.55829890412355,0.413000755741596,105.138303192114,-89.2772046994298,6,HIIT06,6_HIIT06,HIIT,284,111.0,183.0
0.661528807083563,4.97145795408382,0.108340512807972,-15.1447872299476,-81.6585764063013,54.1391516508322,6,MICT03,6_MICT03,MICT,75,111.0,183.0
0.244542662316554,-3.79804666939401,0.0568221238647493,-8.44897761163064,85.5007702259302,-122.329327942367,6,MICT04,6_MICT04,MICT,259,111.0,183.0
0.776708497164741,4.74212453930149,0.0114891691258478,-9.41511631081298,-76.4708783231105,50.6862004772738,6,MICT06,6_MICT06,MICT,73,111.0,183.0
-4.90946863355241,4.4753675411176,0.508154037996673,-71.8583759987913,-17.032758889975,47.2844190025292,6,HIIT04,6_HIIT04,HIIT,24,111.0,183.0
-6.25298656227067,7.1195157181684,-0.740263756847392,150.111474317181,118.840642629467,-90.3902945620287,16,HIIT01,16_HIIT01,HIIT,22,145.0,207.5
-1.46088825154751,-6.03315204990364,0.484102125488657,33.0300376611834,90.4769806930067,-33.8333324577719,6,HIIT03,6_HIIT03,HIIT,323,111.0,183.0
3.5966023029265,4.99321358992977,0.315552212038873,-296.831481552294,-120.770758351469,-261.644502203405,6,HIIT06,6_HIIT06,HIIT,137,111.0,183.0
-2.76934701191463,6.02876551799862,-0.24921674263194,3.86397453579114,-2.33910350235651,113.762514545451,16,HIIT06,16_HIIT06,HIIT,51,145.0,207.5
-0.651042461811209,5.7696300621155,-0.748945126396402,-160.757721570052,-141.438637269184,-40.638463959658,6,HIIT01,6_HIIT01,HIIT,63,111.0,183.0
2.44466027404426,-2.97613847356687,-2.31915008677265,504.605969813745,-19.580186091315,466.279109623823,6,HIIT05,6_HIIT05,HIIT,190,111.0,183.0
0.286692071289457,3.74532482443737,-0.0092053947568379,-5.46819263736863,-50.7588098737108,45.799841144317,6,MICT01,6_MICT01,MICT,75,111.0,183.0
-1.97430184173776,-5.21991105109855,0.8413509223799,4.56263901639078,71.667279229495,-133.971500498533,16,MICT06,16_MICT06,MICT,287,145.0,207.5
3.02636986663662,6.67543755932697,-3.8532792755852,-270.366042815195,-193.820429042741,-172.862346352596,6,HIIT01,6_HIIT01,HIIT,93,111.0,183.0
-2.69932321414677,1.94287399339396,-0.556250514622781,-20.6343566567568,0.064204292405909,46.2109627782554,6,MICT06,6_MICT06,MICT,28,111.0,183.0
-0.793339744227872,2.46609339496563,-0.757394738180034,-3.79180643224251,-23.1208089920162,60.5241042224536,6,MICT05,6_MICT05,MICT,44,111.0,183.0
-1.47608859263367,-5.05457829650511,0.506693869699783,-9.60845790514853,75.0684344885345,-139.933057550035,16,MICT04,16_MICT04,MICT,282,145.0,207.5
2.33246010061351,3.67629938679275,0.396261843937875,-11.7727869810266,-162.365806813121,71.7314708081605,6,MICT02,6_MICT02,MICT,142,111.0,183.0
0.780954549090804,-3.99540723571027,-1.25718371181045,358.528144236058,193.904080548372,284.24233521726,6,HIIT02,6_HIIT02,HIIT,217,111.0,183.0
-0.299079989209437,4.90561170643501,0.090343483537457,12.8284437788333,-29.6863566931112,84.4347471033252,16,MICT01,16_MICT01,MICT,75,145.0,207.5
3.88797824607991,7.05709863658948,0.0467472147776551,-167.287139116679,-172.937181635018,-109.816627917729,6,HIIT01,6_HIIT01,HIIT,106,111.0,183.0
0.440123567161083,-3.31778196085402,0.569102508527443,-34.9391470677257,60.7913212942088,-136.185290243953,6,MICT01,6_MICT01,MICT,262,111.0,183.0
1.67483815430766,5.71905892400162,0.33917623315193,1.49895285614077,-55.3264417168122,94.4288052413389,16,MICT01,16_MICT01,MICT,90,145.0,207.5
1.154911195212,5.15851778465204,-0.0894225057766915,-15.2376547945832,-91.4070145298684,58.4782954540396,6,MICT03,6_MICT03,MICT,81,111.0,183.0
3.46494305437721,2.35044541650321,-1.05518576326438,-205.59603855204,-90.1691433540959,-175.970390907094,6,HIIT01,6_HIIT01,HIIT,157,111.0,183.0
4.6369171102708,2.97133772724576,-1.09411308202714,-23.9175566199899,-112.882151852157,78.731310461783,16,MICT06,16_MICT06,MICT,159,145.0,207.5
4.20195571203599,2.97275943520745,-1.39756436783788,-282.350740864885,-95.9005915464745,-255.962920454056,6,HIIT06,6_HIIT06,HIIT,146,111.0,183.0
-4.8384683704418,3.03632454835044,1.74410362271006,-20.5653922076621,72.9153872101448,-71.9600964446631,16,MICT06,16_MICT06,MICT,341,145.0,207.5
-5.56454643615977,-9.0680420385047,2.77115017532913,19.0764891271247,76.9790244251451,-122.795391818975,16,HIIT03,16_HIIT03,HIIT,327,145.0,207.5
2.57062198384272,-3.30711457338659,-1.64059543338083,488.205260556853,24.9854118785146,415.117238883328,6,HIIT04,6_HIIT04,HIIT,199,111.0,183.0
7.99465003210099,10.1054982048257,1.4553143659556,-52.4910107760558,-127.21908569164,158.818218751143,16,HIIT06,16_HIIT06,HIIT,121,145.0,207.5
0.675204972006638,-4.01464249757266,0.0775097659890385,-37.5232938579626,81.1153925611894,-149.405535736594,6,MICT06,6_MICT06,MICT,249,111.0,183.0
2.65996532542882,5.26297068593192,1.12233562448919,3.89454228350097,-109.091262028575,84.4993985568471,6,MICT04,6_MICT04,MICT,103,111.0,183.0
-1.91033096199985,9.18763410201884,-9.84718979780149,2.06862574650979,204.571218261159,105.679308024006,16,HIIT02,16_HIIT02,HIIT,98,145.0,207.5
-1.68805106341152,-4.48095257554237,0.694909486069556,-16.2219797778981,73.2320037842379,-141.560973796715,16,MICT01,16_MICT01,MICT,284,145.0,207.5
1.15152102109576,0.342454197967562,-1.01743441541801,33.7622395624828,-53.5630418830771,63.3796119130329,6,MICT05,6_MICT05,MICT,171,111.0,183.0
-0.449186008809862,-2.24311544255577,0.261276918119503,-47.2508891689151,46.6719424487436,-110.793494273615,6,MICT01,6_MICT01,MICT,303,111.0,183.0
2.10053217484875,-1.90999946433408,-1.81551948674412,15.524274330254,-8.67836116349248,-2.59097638072949,16,MICT03,16_MICT03,MICT,200,145.0,207.5
-2.34409374834417,3.82527370860199,0.259777449453093,-131.806814466142,-81.031307532411,17.9498085658599,6,HIIT06,6_HIIT06,HIIT,39,111.0,183.0
4.06772466114877,6.30132701503621,0.565570736233463,-270.73707849996,-163.052967919494,-225.451313479925,6,HIIT03,6_HIIT03,HIIT,129,111.0,183.0
3.63076687502936,6.13542748703244,0.808808087476109,-16.7303108163087,-81.62882696192,104.224327670599,16,MICT06,16_MICT06,MICT,106,145.0,207.5
-0.714908906635622,-4.5904005519975,1.00588366407776,-23.0290522261116,89.5601411256046,-94.7298725690392,6,HIIT06,6_HIIT06,HIIT,290,111.0,183.0
0.0593122844026317,-5.2783724730256,-0.968135490546123,-0.194477281161804,69.7487461428421,-119.872045452636,16,MICT04,16_MICT04,MICT,241,145.0,207.5
2.66815552880648,4.51801579810786,1.00575831117682,-4.29753461132431,-127.685128669719,80.0812621179012,6,MICT02,6_MICT02,MICT,115,111.0,183.0
3.1915917656068,5.34708005672481,0.819112704183073,-15.0859455681716,-159.974691640839,85.6098269263061,6,MICT03,6_MICT03,MICT,119,111.0,183.0
0.172970935216287,-3.79173466714851,0.57781787797399,-21.4317180364977,76.7576207714487,-123.47813028729,6,MICT06,6_MICT06,MICT,272,111.0,183.0
1.12440564769886,-3.90098194575991,0.605891624021388,-20.4044668951642,97.6942968818546,-127.802882519746,6,MICT05,6_MICT05,MICT,242,111.0,183.0
-1.30424032125093,5.01273351641297,-0.185071407681227,16.5776947793169,-23.1839438136337,83.4394968021187,16,MICT05,16_MICT05,MICT,64,145.0,207.5
3.25537081327042,6.16437278653547,0.994962721448689,-0.977827349266583,-77.9611846819115,102.279835937196,16,MICT02,16_MICT02,MICT,100,145.0,207.5
-4.87753295596921,5.15965062976809,-0.108139140902175,15.977933503205,22.9190418612927,110.689307823465,16,HIIT05,16_HIIT05,HIIT,39,145.0,207.5
0.76786601885954,-3.72597165824419,0.642501497458936,-22.8912310723618,84.2352918511285,-134.451493847877,6,MICT05,6_MICT05,MICT,256,111.0,183.0
-3.64214521450883,1.95667505566539,0.8428273077777,38.0133333149764,80.8297149675235,-8.10313493942283,6,MICT06,6_MICT06,MICT,341,111.0,183.0
-3.57443795206274,-7.25840719544142,1.73036379259861,13.8272455704147,69.0001909612698,-146.394801709274,16,HIIT03,16_HIIT03,HIIT,316,145.0,207.5
-1.26516506965297,2.52484696100992,-0.735113444639565,-16.532047848238,-10.9310327609169,48.4760439455624,6,MICT06,6_MICT06,MICT,36,111.0,183.0
0.779266298218671,7.24843287589037,-0.713318116281057,-306.269113205627,-196.266667466862,-167.677085980006,6,HIIT01,6_HIIT01,HIIT,77,111.0,183.0
1.47396797593322,-3.17448812435789,-1.65961201238014,17.0341453504848,20.4389503349092,-40.2253711197039,16,MICT05,16_MICT05,MICT,212,145.0,207.5
1.4649629914975,-12.7008566591305,0.321414033415109,44.1442812108893,47.702918459473,18.1346172349858,6,HIIT04,6_HIIT04,HIIT,355,111.0,183.0
-2.77301222032413,-8.0622451086616,1.02928876078147,70.4946398892694,93.4920887526111,10.7360514428454,6,HIIT05,6_HIIT05,HIIT,334,111.0,183.0
3.16837403700445,5.10640438705942,0.865933636974414,-21.5966686853193,-178.241982025793,77.8233573670992,6,MICT03,6_MICT03,MICT,128,111.0,183.0
4.04180016296615,2.25111926909971,-1.45725952163323,-238.888534183194,-82.0801623344502,-220.939842111192,6,HIIT05,6_HIIT05,HIIT,154,111.0,183.0
-1.37779189213135,-4.61927909914483,0.853975460128028,4.14449501555764,86.8804563775391,-53.0903252590875,6,HIIT04,6_HIIT04,HIIT,320,111.0,183.0
-0.416933305434975,-4.24386499492654,0.539477924899102,-21.8022629870419,81.3508956424938,-84.2113444617798,6,HIIT05,6_HIIT05,HIIT,297,111.0,183.0
-0.960974032494193,-7.25420842112851,-0.0960729651022063,261.311107600008,143.650673410975,193.917629209734,16,HIIT01,16_HIIT01,HIIT,256,145.0,207.5
-2.59137491585475,-4.62987138291587,0.619037927303183,17.9861144262055,84.733736744866,-35.668456954469,6,HIIT02,6_HIIT02,HIIT,332,111.0,183.0
1.49850809486838,6.18019527608761,-1.94195191190012,-288.350782233061,-168.405784221061,-184.272565188062,6,HIIT06,6_HIIT06,HIIT,87,111.0,183.0
1.18674908125406,-1.86079991422103,-1.43521163579555,53.0038604630765,50.6781283699891,39.0866060501054,6,MICT03,6_MICT03,MICT,194,111.0,183.0
-0.816890902087504,2.26479477963904,-0.7064227605766,-4.69857409933548,-21.8343277769941,58.6683118613605,6,MICT05,6_MICT05,MICT,43,111.0,183.0
4.2149685916613,10.652915103944,1.34212612405721,-46.3161514936131,-92.3449326967608,147.41332440014,16,HIIT05,16_HIIT05,HIIT,99,145.0,207.5
-1.93634620345806,-7.49348018592021,0.961394186161657,9.23360994545524,56.8768913146023,-182.001492013389,16,HIIT04,16_HIIT04,HIIT,281,145.0,207.5
-1.55436376695499,4.0493935707001,0.543854817278875,-151.567913102038,-101.553551652485,-0.948548638970248,6,HIIT06,6_HIIT06,HIIT,46,111.0,183.0
-1.56792264870747,-4.53073091082667,0.482630957200493,-7.14163061585189,76.5113173786242,-132.130430751354,16,MICT04,16_MICT04,MICT,290,145.0,207.5
-7.68688247167349,-17.0298592840778,2.12244017590754,-3.44059996124931,23.5634585777334,49.0454358827133,6,MICT03,6_MICT03,MICT,14,111.0,183.0
-9.7137848782746,-21.2340017763277,3.67691781000958,-14.5989669021158,18.3265975872574,54.7251920249783,6,HIIT04,6_HIIT04,HIIT,14,111.0,183.0
-2.33932229501395,3.53138306584862,0.237089562389301,-144.191437536927,-100.86579779933,-0.580010978891413,6,HIIT01,6_HIIT01,HIIT,40,111.0,183.0
0.540226969716248,5.98382791710184,-1.95328421996546,-298.432896617223,-175.723155831461,-171.850783762826,6,HIIT05,6_HIIT05,HIIT,79,111.0,183.0
8.02528992409614,9.83947591613276,0.649347278152281,-58.3447418142434,-124.145232899496,153.850721337061,16,HIIT05,16_HIIT05,HIIT,126,145.0,207.5
3.60684073410731,-4.14823908602475,-3.14460315185802,1.88019470566502,2.22340626498418,-53.1891242614034,16,HIIT06,16_HIIT06,HIIT,203,145.0,207.5
3.89150102108777,4.15269562570249,-0.570735718562361,-265.842295498312,-155.282069647275,-237.305724480102,6,HIIT02,6_HIIT02,HIIT,139,111.0,183.0
3.65551952037315,5.33951363220486,0.467482025601895,-315.91914825252,-131.15339290838,-274.787166784882,6,HIIT05,6_HIIT05,HIIT,135,111.0,183.0
4.76031075689066,5.75914942690312,0.901514281043877,-21.5291899773956,-100.292060509063,103.740150002176,16,MICT01,16_MICT01,MICT,117,145.0,207.5
4.46791031263354,5.71156456576467,1.28770912679392,-28.4584752023398,-109.294830217697,100.781308464251,16,MICT02,16_MICT02,MICT,117,145.0,207.5
-1.75628305021694,4.10963783498029,-0.174313214158809,11.6788279699083,-6.37514710947215,79.9018474205147,16,MICT06,16_MICT06,MICT,56,145.0,207.5
-4.25892620463502,6.52820391015838,-0.402727484404695,33.125304292292,38.8695897672977,60.3156899690436,16,MICT04,16_MICT04,MICT,19,145.0,207.5
-1.84482254540147,-3.73206458683254,0.902704335568815,-7.16149807312106,73.4291907091058,-107.192742591715,16,MICT04,16_MICT04,MICT,319,145.0,207.5
2.06418392566114,-1.11278311476655,-1.82739671072364,9.74694715045796,-25.5802836258025,15.6091551474602,16,MICT02,16_MICT02,MICT,194,145.0,207.5
-7.62979527141411,-4.88306139070189,2.5503509238967,-22.36422166521,-7.21744488556485,53.4381220858102,6,HIIT01,6_HIIT01,HIIT,16,111.0,183.0
-11.2225675049584,-29.5379005042494,2.42578483151811,26.8071763351804,33.2264904160025,37.2782331239774,16,MICT03,16_MICT03,MICT,11,145.0,207.5
-16.1685469880137,-46.2897228369453,4.00755816453304,30.5843363495468,49.2944346540949,43.2323483537609,16,HIIT05,16_HIIT05,HIIT,11,145.0,207.5
-0.01497420652916,-5.84664969956865,0.557864778320246,-23.8727748452902,102.586620178341,-124.849342206856,6,HIIT03,6_HIIT03,HIIT,280,111.0,183.0
-0.338904083987173,-1.87438972871464,0.248399541008733,-41.4019088583064,51.3235123771506,-102.255352768956,6,MICT01,6_MICT01,MICT,309,111.0,183.0
0.380787947924526,-6.41090669750404,0.80501681596349,-42.4587941317478,110.324645398331,-157.515770478006,6,HIIT03,6_HIIT03,HIIT,271,111.0,183.0
-2.41390031149538,3.87819273275362,-0.146172251289657,-133.67783781541,-74.6773849820098,26.9073999879909,6,HIIT04,6_HIIT04,HIIT,41,111.0,183.0
4.49549579122418,-3.3419045048375,-3.09133361925864,10.1172271721933,-10.739233369389,-33.6794814456489,16,HIIT05,16_HIIT05,HIIT,199,145.0,207.5
-0.14668232743733,-8.71041214699955,0.344330468078297,-11.2282128601852,32.8968156732022,-24.4842528282213,16,MICT05,16_MICT05,MICT,354,145.0,207.5
0.125576864693239,-3.53650637843874,-0.430709353409615,-17.1560180129894,77.9574095376528,-126.42938691339,6,MICT04,6_MICT04,MICT,256,111.0,183.0
-0.430409285460499,-8.87991871723701,0.44729003551618,-10.3672804184209,30.1243183225348,-26.6899838729675,16,MICT04,16_MICT04,MICT,354,145.0,207.5
3.52511866977905,6.28319560265093,1.16963692173934,-10.4713778391386,-83.1403990541255,103.321819244629,16,MICT03,16_MICT03,MICT,105,145.0,207.5
6.31758822440615,2.60467918241185,-2.76958488208152,-18.6841664557572,-58.3267545692168,87.1929764143547,16,HIIT04,16_HIIT04,HIIT,170,145.0,207.5
5.28064116245722,0.107395082161813,-3.09427207482201,-9.78831629066634,-33.618997861366,35.2304438539104,16,HIIT06,16_HIIT06,HIIT,182,145.0,207.5
0.660787209869843,4.62583046091937,0.107248222702972,-7.61310963307053,-70.3751885364088,50.3634414972118,6,MICT06,6_MICT06,MICT,71,111.0,183.0
3.62508821397951,0.844273667945738,-1.44902307822668,19.884386398339,-78.7089873336916,65.0746694862591,16,MICT01,16_MICT01,MICT,177,145.0,207.5
-0.503955368651638,-2.36072052055062,0.235123133490406,-16.5131395726425,63.786985534586,-81.7871416313621,6,MICT06,6_MICT06,MICT,307,111.0,183.0
-0.76939260604618,2.8581717129299,-0.420779251789773,-3.75274169651145,-24.734474832454,41.8416926183836,6,MICT01,6_MICT01,MICT,60,111.0,183.0
-1.80758632032776,2.81643854964777,-0.677504151485653,-18.4169693030933,-5.23555115107704,48.1643322304803,6,MICT06,6_MICT06,MICT,32,111.0,183.0
2.87717191283108,-6.23073147574384,-2.53638351240296,16.0612902176994,13.2678889695718,-102.266083064881,16,HIIT05,16_HIIT05,HIIT,217,145.0,207.5
-3.6179335214872,1.71196176870155,0.930526232382511,6.30988966586656,84.0526732341974,-29.6066103796579,6,MICT03,6_MICT03,MICT,341,111.0,183.0
8.50588380827209,8.96733597667985,0.35409297352391,-52.0397837315827,-129.39076406847,153.111910247341,16,HIIT06,16_HIIT06,HIIT,135,145.0,207.5
1.0558901467749,-3.63662191084892,-0.376894348381793,-16.3129427297354,102.363865599963,-106.645394133771,6,MICT05,6_MICT05,MICT,229,111.0,183.0
-4.10056625715551,-0.0526030980764783,0.42251096197738,-9.19381104167606,24.5511164179503,35.7222649324385,6,MICT01,6_MICT01,MICT,17,111.0,183.0
-10.8412110554523,-23.6135782903823,3.00765373244971,-10.976124729234,-0.97507625956048,53.4214572976338,6,HIIT01,6_HIIT01,HIIT,14,111.0,183.0
2.55271913993744,5.29388257343416,0.960430710172834,-1.86800563621286,-119.498313272949,83.6364263113546,6,MICT04,6_MICT04,MICT,106,111.0,183.0
0.348963431026862,3.80375814488258,-0.0512028849989703,-6.60908883367271,-53.295604251237,45.7076850233849,6,MICT01,6_MICT01,MICT,76,111.0,183.0
-0.61347556623864,-4.42402370791456,-0.307794661002964,1.97871941080363,71.6835652054493,-129.847350619378,16,MICT01,16_MICT01,MICT,257,145.0,207.5
4.16013419194569,4.36786774428017,-0.553313065385369,-329.119123993866,-113.211891524348,-294.378924598837,6,HIIT06,6_HIIT06,HIIT,141,111.0,183.0
3.74014958192713,1.25458920171595,-1.59328397524642,0.0924272692962527,-78.2104859922928,65.5576485537612,16,MICT03,16_MICT03,MICT,173,145.0,207.5
5.2641934416684,4.97639715573735,-0.331437708394188,-42.0887462938743,-127.281364025569,95.4850677789093,16,MICT06,16_MICT06,MICT,139,145.0,207.5
-2.05814110446712,2.86186525077054,-0.37294749231404,25.4319386810217,4.97098494643646,79.9489644138559,16,MICT05,16_MICT05,MICT,43,145.0,207.5
-2.80164400531467,4.68100371816023,-0.514997582744726,128.70830432368,129.214269942908,-60.0722917053755,16,HIIT01,16_HIIT01,HIIT,50,145.0,207.5
-1.86373436533204,2.91099507413015,-0.531605772868081,38.6697976707744,-0.675744784027804,85.0476801393748,16,MICT02,16_MICT02,MICT,43,145.0,207.5
4.53298543806157,6.00558603666589,0.0496570673202966,-327.746900874641,-159.458610167498,-282.492935156594,6,HIIT03,6_HIIT03,HIIT,134,111.0,183.0
-2.72747281631259,2.95597743547755,-0.418331916370841,28.9908102809623,11.4007989342533,83.4724484712321,16,MICT05,16_MICT05,MICT,38,145.0,207.5
-3.90478621438883,-7.53130481350574,2.22819100720815,5.41811358316259,67.1383530502546,-119.085856563583,16,HIIT04,16_HIIT04,HIIT,326,145.0,207.5
0.754471678501322,-5.99456391175227,0.484059179415318,38.7274112275045,171.711933766273,-98.6463146335772,6,HIIT03,6_HIIT03,HIIT,254,111.0,183.0
-11.2785989621278,-34.189764209247,4.74706814638458,-9.25347754033083,17.8580940051272,47.7440642929821,6,HIIT04,6_HIIT04,HIIT,12,111.0,183.0
-2.3135425037816,-6.01179430102947,1.42121747039161,7.22347804406744,63.1760002214214,-149.074119605948,16,HIIT05,16_HIIT05,HIIT,309,145.0,207.5
0.708266197509346,-4.96342284358741,0.592871093392448,130.020298472226,193.994733116889,18.15897831084,6,HIIT01,6_HIIT01,HIIT,236,111.0,183.0
-3.56965722530062,4.4836124308204,-0.03305571992986,-115.598170459279,-72.2884315585857,23.1975745508105,6,HIIT03,6_HIIT03,HIIT,32,111.0,183.0
-4.10975376123907,10.229305869645,0.457960876421046,59.0867191909366,51.1677170196979,24.9550529584985,6,HIIT03,6_HIIT03,HIIT,350,111.0,183.0
-0.0428459397694443,-5.69334475991747,2.2054365455305,112.477892271761,146.599089858352,-27.4674945259966,6,HIIT04,6_HIIT04,HIIT,263,111.0,183.0
3.57949047784487,3.22355254590145,-0.738620615499299,-231.493700123341,-133.094330219581,-212.099358796833,6,HIIT02,6_HIIT02,HIIT,145,111.0,183.0
-1.66242240578802,-8.42782261282513,0.329563568158856,175.418145635217,132.927000097021,154.73983991544,16,HIIT02,16_HIIT02,HIIT,270,145.0,207.5
1.22949629432326,-3.92184503903601,-1.5816293931434,16.030196871967,33.5889656287052,-59.862493958352,16,MICT05,16_MICT05,MICT,218,145.0,207.5
-0.579695506847422,2.39303536511057,-0.807006010063345,1.40267420219044,-14.4456978647531,52.9802180610789,6,MICT04,6_MICT04,MICT,47,111.0,183.0
0.38847688674537,-4.66616868901828,-1.02106327123748,14.1113079941726,62.1312616257012,-97.3043299115214,16,MICT05,16_MICT05,MICT,235,145.0,207.5
0.0661791248435035,4.1109767522242,0.049561380401466,4.0764632863851,-41.4394169875096,53.4170591097832,6,MICT04,6_MICT04,MICT,65,111.0,183.0
-2.65803544613922,2.90345056326744,-0.596959146304994,35.4431235736982,9.24561849757966,85.2871794799544,16,MICT03,16_MICT03,MICT,37,145.0,207.5
-0.295151953701746,-1.76577390023633,0.233200148143342,-39.543221029277,50.2823139116996,-97.5956043647612,6,MICT01,6_MICT01,MICT,311,111.0,183.0
1.0341017842539,-0.0096320847383726,-1.08485915385596,47.2368160956727,-26.3953778672518,67.1096578808842,6,MICT01,6_MICT01,MICT,182,111.0,183.0
-6.08221527577692,23.2878450384662,0.235870272048363,62.2880086021835,57.1932886754977,28.4660249873587,6,HIIT06,6_HIIT06,HIIT,348,111.0,183.0
-0.0592742011885998,-3.36276204083387,0.298884305337129,-16.3135091212823,73.3259887563308,-114.933697023168,6,MICT01,6_MICT01,MICT,276,111.0,183.0
0.149665284580725,-4.09986193117118,-0.423754527529357,-26.568669321738,88.3898153701032,-148.803140822172,6,MICT03,6_MICT03,MICT,257,111.0,183.0
4.702602182578,5.1477242810538,-0.613772097652897,-334.616768383154,-148.952102641098,-293.190697650934,6,HIIT03,6_HIIT03,HIIT,138,111.0,183.0
-2.7882579203088,3.23177751417668,-0.615740138879262,29.6794114978671,9.35015919075798,80.5258706357416,16,MICT04,16_MICT04,MICT,35,145.0,207.5
-7.1411758431999,-5.77094413703589,0.826335143430556,19.2764432723498,44.0543253575981,51.6089468829989,16,MICT01,16_MICT01,MICT,16,145.0,207.5
-8.08347952119622,-20.5978480259762,2.28235194721645,8.85530428048462,26.0712893407255,25.6297675452306,16,MICT01,16_MICT01,MICT,9,145.0,207.5
-2.44290209778383,-7.84154026496957,0.990520377573903,151.407909984138,138.156518112846,141.960673455133,16,HIIT02,16_HIIT02,HIIT,282,145.0,207.5
0.82679494829025,-8.51145098253761,-1.3922975203464,14.359036188357,44.3728128081871,-167.809337230559,16,HIIT04,16_HIIT04,HIIT,240,145.0,207.5
4.52984988614509,1.59453941606781,-1.83390083491397,-157.622744789439,-74.5681949717361,-149.56052085189,6,HIIT04,6_HIIT04,HIIT,158,111.0,183.0
-4.75901199574942,-7.5051108764225,2.54389131429133,7.28426749417858,71.724606148686,-119.782592972791,16,HIIT04,16_HIIT04,HIIT,328,145.0,207.5
0.164735495719769,-4.80016622224233,-0.999760998237584,0.775232689542984,64.742646451573,-109.354818640008,16,MICT04,16_MICT04,MICT,238,145.0,207.5
-1.70102547475923,1.10151192946822,0.592583330812423,-14.9026446798669,34.5740862925627,-29.9669048729391,16,MICT01,16_MICT01,MICT,351,145.0,207.5
4.061005534286,7.36642517900064,-0.447867551276459,-182.005962298819,-180.338342651215,-125.531632914291,6,HIIT03,6_HIIT03,HIIT,109,111.0,183.0
2.6302172012775,5.29089486665892,1.03594685935711,13.0548002954253,-110.609144780945,92.6416563579035,6,MICT06,6_MICT06,MICT,100,111.0,183.0
-7.21192421468863,32.517128193162,1.82743027272611,18.8152504715469,50.9239485336228,-42.4772265768884,16,HIIT03,16_HIIT03,HIIT,348,145.0,207.5
0.792589411684656,-2.6051794761632,-0.556513685736382,17.6362415847886,93.0888790152538,-38.2754965296744,6,MICT01,6_MICT01,MICT,220,111.0,183.0
-9.37163301255208,31.2917422171081,1.56243622141526,18.3796371436837,70.2776577366412,-69.7513697402198,16,HIIT04,16_HIIT04,HIIT,344,145.0,207.5
-2.98304293782755,3.14197079841623,-0.457266958797991,30.0303429213431,14.1234893985795,83.3014358473822,16,MICT05,16_MICT05,MICT,36,145.0,207.5
4.2377071661271,6.94040386784781,0.206560776192378,-173.496083046643,-176.389588312395,-119.748065235741,6,HIIT01,6_HIIT01,HIIT,114,111.0,183.0
1.35705622071691,1.08904866427319,-1.01731765790831,36.0892607196497,-71.9088936820194,80.8242366217243,6,MICT02,6_MICT02,MICT,171,111.0,183.0
-4.56696447256208,4.99517932247897,-0.310887122454611,26.5176939676942,35.243249312147,68.0409370714083,16,MICT01,16_MICT01,MICT,22,145.0,207.5
6.9011793807275,6.85570709305045,-3.10798841540755,-341.146952486267,-49.7953540155008,-287.694444485203,16,HIIT02,16_HIIT02,HIIT,148,145.0,207.5
-2.72739497108459,7.03568138632481,-0.19205910503639,1.72338586528831,-8.63055612231733,120.66459185954,16,HIIT06,16_HIIT06,HIIT,54,145.0,207.5
-1.64336020607986,-4.81883296496292,0.560649803202321,-6.80208667404907,76.1665710438231,-134.238657132137,16,MICT05,16_MICT05,MICT,287,145.0,207.5
3.02297642225779,-1.48634643692247,-2.38288147714982,322.906964970389,-53.1364934343088,316.443545383154,6,HIIT03,6_HIIT03,HIIT,181,111.0,183.0
0.712105296137297,-3.25543545981998,-0.38093818442994,-12.3917235304643,97.7536987039693,-99.2794729724975,6,MICT02,6_MICT02,MICT,236,111.0,183.0
-0.446054850945019,-2.21079299935232,0.367462069588032,-35.8020545220931,54.3557024028524,-102.06028407741,6,MICT02,6_MICT02,MICT,304,111.0,183.0
-2.79733635224119,12.6477094605789,0.649415276690885,-9.07090062089888,35.5341495664678,-33.3448584644822,16,MICT04,16_MICT04,MICT,349,145.0,207.5
-2.45252674825547,-6.38923330133599,0.370142589600758,93.6130318000785,98.3799792282687,15.993590058687,6,HIIT01,6_HIIT01,HIIT,329,111.0,183.0
-1.04219063093583,-5.09929223790942,0.240633196054742,-2.54418668129284,77.8908217324797,-141.834107462474,16,MICT05,16_MICT05,MICT,271,145.0,207.5
2.7043014220296,4.19173009309679,1.36997964975927,-10.6797955311798,-159.073565862545,79.7540537849475,6,MICT04,6_MICT04,MICT,132,111.0,183.0
7.5742638854986,4.39992174114702,-2.24155406568106,-298.843923583806,-2.96150938808977,-259.120421971696,16,HIIT02,16_HIIT02,HIIT,160,145.0,207.5
-1.77313737534488,4.23888262673472,-0.143469646056713,-135.589796159208,-85.8304137914105,20.9860839195896,6,HIIT04,6_HIIT04,HIIT,47,111.0,183.0
-0.514093935463177,-5.57630127736587,0.232906999423057,-2.75111165265418,107.516593687445,-99.4175009633723,6,HIIT06,6_HIIT06,HIIT,279,111.0,183.0
-1.4461403720232,-5.20345653537306,0.544573935541943,8.09184420807061,70.0822170857983,-135.203577937107,16,MICT06,16_MICT06,MICT,277,145.0,207.5
1.37241598519247,7.54749203948817,-1.03750655934045,-308.460162282583,-204.728448357354,-192.130271889908,6,HIIT03,6_HIIT03,HIIT,85,111.0,183.0
-1.62272145267156,-8.90401923216896,0.79521612945349,17.4418294229471,57.8033366226442,-186.819119190339,16,HIIT06,16_HIIT06,HIIT,274,145.0,207.5
-4.80007887241921,1.56894266557346,-0.300525316749121,40.2781934848595,27.0408660863629,77.3923238595682,16,MICT03,16_MICT03,MICT,26,145.0,207.5
2.7387401351309,6.10737313205327,0.925886221350324,4.24679278573718,-71.8102622972125,100.845811960912,16,MICT02,16_MICT02,MICT,96,145.0,207.5
4.56738928231897,3.20990646662637,-0.938037857418723,-22.0700696573832,-114.744936055094,86.8462869258617,16,MICT03,16_MICT03,MICT,157,145.0,207.5
3.39625800700682,7.91209802691427,0.668739577012188,-193.749633346326,-166.577392547295,-116.563451528532,6,HIIT04,6_HIIT04,HIIT,110,111.0,183.0
-5.09713532574448,8.09507887589372,0.641390631175293,-76.0762888422829,-31.0871448872791,37.4521359718726,6,HIIT03,6_HIIT03,HIIT,22,111.0,183.0
1.44146017054966,4.85415684934715,0.0070296706281524,-2.72430711431128,-91.0760223063706,65.3993785333977,6,MICT05,6_MICT05,MICT,86,111.0,183.0
3.77295260599018,2.25952744361905,-1.28027923143387,-240.638144705069,-80.9364649235799,-221.961289260053,6,HIIT05,6_HIIT05,HIIT,153,111.0,183.0
2.10487507080117,3.30189430611546,0.0821921054328978,-0.144604339936683,-163.973192561463,73.1145629558232,6,MICT05,6_MICT05,MICT,143,111.0,183.0
-0.78532870322992,-7.66707251171489,4.68371572371645,-16.5915055142123,24.1789055954117,64.514862891602,16,HIIT01,16_HIIT01,HIIT,262,145.0,207.5
1.50804509219448,1.81190309607326,-0.707754307423137,16.2721380522824,-118.202274070884,67.8272069149836,6,MICT05,6_MICT05,MICT,158,111.0,183.0
-0.631513567867022,-4.42542279056515,-0.307378348532331,2.1330079009285,72.6865135246418,-130.475188666283,16,MICT01,16_MICT01,MICT,258,145.0,207.5
-16.7997861398345,-35.6441812350606,3.09983536564284,46.2836484577234,68.2043509455429,65.3606434867066,16,HIIT04,16_HIIT04,HIIT,14,145.0,207.5
1.55752624202789,-2.20190611479008,-1.34982604269197,29.5893185912934,-0.640159706374474,-18.3766592673656,16,MICT01,16_MICT01,MICT,209,145.0,207.5
3.50376559339512,6.61868150455659,0.986988209321993,-178.855756951507,-180.45213864743,-130.314966107298,6,HIIT02,6_HIIT02,HIIT,117,111.0,183.0
-5.04544811047894,6.04213851925321,0.595774430471773,-81.4181025779023,-22.2296447731593,39.7868003633909,6,HIIT05,6_HIIT05,HIIT,23,111.0,183.0
-0.419857481675252,-4.37346285349012,0.452417792726004,-19.2716498397321,84.6481906686603,-82.6906165903181,6,HIIT05,6_HIIT05,HIIT,299,111.0,183.0
0.648286925883061,5.69049200761852,0.421234712756278,21.1342056195977,-46.7433072356042,92.1104298815848,16,MICT02,16_MICT02,MICT,80,145.0,207.5
1.33429678753416,-2.90908500421464,-0.447006886535358,-1.87010338109647,92.3225935720693,-56.3044954118379,6,MICT05,6_MICT05,MICT,211,111.0,183.0
-0.262577030599949,3.4316297849835,-0.15567195013924,3.2278366568804,-34.2266061759551,48.6473015646348,6,MICT01,6_MICT01,MICT,69,111.0,183.0
2.40978895631906,-7.46374684896392,-2.21503399309815,150.966537728606,70.7954734397277,117.875823705584,16,HIIT02,16_HIIT02,HIIT,225,145.0,207.5
-18.1240242596432,-44.5808993156207,3.97734883765762,39.0247051856328,63.4603833739019,57.2545628879137,16,HIIT05,16_HIIT05,HIIT,13,145.0,207.5
-1.02245528167939,-5.24608067317005,0.246631142684257,15.4388446591696,73.3078315594902,-132.998692978325,16,MICT06,16_MICT06,MICT,268,145.0,207.5
2.32316905083248,4.30092533671595,0.606059639445507,-7.13286522610108,-126.797336996942,79.1953232910121,6,MICT01,6_MICT01,MICT,119,111.0,183.0
0.456252196576479,-4.54766951023764,0.640037002634669,84.7392474660812,178.140024354266,-35.1815455400227,6,HIIT02,6_HIIT02,HIIT,246,111.0,183.0
-0.872545751955437,-9.04231984979342,0.210012064063138,22.7223473671925,60.4309773602884,-185.621227243501,16,HIIT05,16_HIIT05,HIIT,265,145.0,207.5
-5.09442067934303,-10.7082765505871,2.98703884083914,17.7860329510726,74.3635486687007,-98.498106345607,16,HIIT06,16_HIIT06,HIIT,334,145.0,207.5
4.8452748682575,-2.39322192405078,-3.35404285759783,2.87098791181523,-9.61225587781644,-1.97965488922592,16,HIIT03,16_HIIT03,HIIT,193,145.0,207.5
2.39179591443584,-3.85681611106396,-1.92162537050669,494.45647831605,51.0421843307088,413.46100221211,6,HIIT04,6_HIIT04,HIIT,203,111.0,183.0
-1.13655122672584,6.37085853678608,0.745102726149581,-195.000995015189,-130.566915190882,-32.885915461344,6,HIIT04,6_HIIT04,HIIT,62,111.0,183.0
-0.037728860452691,-5.30863993893958,0.681670596474703,-10.4779284380429,101.826315962375,-109.276105226348,6,HIIT05,6_HIIT05,HIIT,274,111.0,183.0
3.04960406556307,-2.08717669306413,-2.42592108498714,293.364261929483,-51.6985876055141,268.632819489232,6,HIIT05,6_HIIT05,HIIT,182,111.0,183.0
-0.75419177338668,-5.66032343972702,0.836017560876847,-8.03682885415088,98.107125449578,-106.92349139847,6,HIIT04,6_HIIT04,HIIT,281,111.0,183.0
-4.25552364423838,-12.3108240826793,1.4797707077833,-4.96686290937139,12.8443140112691,24.5309733719854,6,MICT03,6_MICT03,MICT,8,111.0,183.0
4.62270677105259,3.70354264313358,-0.676380474247853,-26.6680311830979,-127.799758848643,96.2122744674076,16,MICT02,16_MICT02,MICT,154,145.0,207.5
-4.71694400578237,7.42493796139066,1.38138938788004,-34.1083605316863,76.3064553605246,-74.4046728677891,16,MICT01,16_MICT01,MICT,342,145.0,207.5
5.0282106717836,3.99006524570249,-0.499568134558399,-26.6968991160309,-128.033158247707,89.5026078236465,16,MICT05,16_MICT05,MICT,151,145.0,207.5
-0.890379807330276,3.44726950821269,-0.0259063495641471,-11.5848145319841,13.1011747640145,20.2830505606271,6,HIIT02,6_HIIT02,HIIT,2,111.0,183.0
-4.42137918745284,18.8736925908733,0.919501837839209,-17.7024171965349,66.0165920215258,-58.6766948152755,16,MICT02,16_MICT02,MICT,344,145.0,207.5
-0.1707189597317,-5.06055568140018,-0.528507714196709,13.1432015606998,77.4849037196017,-118.243639587043,16,MICT05,16_MICT05,MICT,248,145.0,207.5
1.05583198003026,-1.98843983200022,-1.28610073062461,22.8220381523128,56.9046761626812,11.6288413798041,6,MICT06,6_MICT06,MICT,194,111.0,183.0
3.08941007293075,10.6686054691988,1.04359754407056,-44.5770547039243,-86.415245581485,141.47586547594,16,HIIT05,16_HIIT05,HIIT,93,145.0,207.5
-4.23038861540999,-7.38965114156999,2.40328873020583,77.708524008599,-110.697526967803,-135.491648097921,16,HIIT01,16_HIIT01,HIIT,321,145.0,207.5
2.41231347673732,3.6367414509771,0.891239828343048,-10.8521980644242,-157.222544554477,72.9323929087815,6,MICT01,6_MICT01,MICT,140,111.0,183.0
1.88294532808488,11.0613119632296,1.34877323451636,-34.6678783242766,-74.081407663978,135.968933996756,16,HIIT03,16_HIIT03,HIIT,84,145.0,207.5
8.48118130635326,8.65506709582395,0.0109713670625206,-49.9361552505953,-126.315276465648,150.657684664817,16,HIIT06,16_HIIT06,HIIT,138,145.0,207.5
1.53587237507162,-3.08905139150453,-1.92202668446326,511.571996493839,70.4517930318877,470.095602680707,6,HIIT02,6_HIIT02,HIIT,198,111.0,183.0
5.07813536305474,3.46414232792858,-0.536629746428708,-13.9593077714636,-121.700448744139,93.5690741798358,16,MICT01,16_MICT01,MICT,151,145.0,207.5
-1.39566412908532,-4.98495226304765,0.459672799988319,8.82133372278199,91.2193373044577,-46.3699143272972,6,HIIT06,6_HIIT06,HIIT,321,111.0,183.0
-2.36722739545481,-6.61644875667028,1.11328839931142,13.7644502125361,59.7960284411738,-163.520175067835,16,HIIT03,16_HIIT03,HIIT,297,145.0,207.5
-0.797171155879973,-5.56224793056907,0.236859687690153,4.41925831730555,83.5978111238241,-141.674657877492,16,MICT05,16_MICT05,MICT,263,145.0,207.5
0.570624051841774,-3.83811453356087,-0.160789544518947,330.841001654262,209.303676541203,248.374078464782,6,HIIT02,6_HIIT02,HIIT,221,111.0,183.0
5.67326812134875,-0.372417863962126,-3.1990906679949,-0.428275731233762,-37.1292570530619,27.3286151712326,16,HIIT05,16_HIIT05,HIIT,184,145.0,207.5
1.06468125996371,-0.493050556428553,-1.16600129883381,34.1070328068396,-14.8493807315865,49.4022945281894,6,MICT05,6_MICT05,MICT,179,111.0,183.0
-1.73118998781703,-6.74755319242688,0.562972203361791,38.1150635996712,94.6424494952096,-31.3425302247573,6,HIIT03,6_HIIT03,HIIT,324,111.0,183.0
2.82220622286086,3.99820702566401,0.219450139523254,-18.7516743287948,-181.722341020309,69.5025703910943,6,MICT03,6_MICT03,MICT,141,111.0,183.0
1.90756449826123,6.09331896252161,0.652288015987762,10.5192559287125,-60.917760697844,94.8013147832338,16,MICT02,16_MICT02,MICT,88,145.0,207.5
1.62544459554146,5.42583866327886,-0.413586201833762,2.85485036189834,-102.104736012575,75.6818329803689,6,MICT06,6_MICT06,MICT,91,111.0,183.0
2.61837521211525,-7.25047830475643,-2.35314879809019,143.193354719728,68.2209035441231,110.631448965882,16,HIIT02,16_HIIT02,HIIT,223,145.0,207.5
7.12583870229915,10.6393968559434,1.16735773300305,-52.8801290163019,-123.609400250701,161.037575497777,16,HIIT04,16_HIIT04,HIIT,116,145.0,207.5
-0.588441030736799,-4.92310773247153,-0.177709779455599,-4.82591980180691,79.2328175242195,-137.76850982655,16,MICT02,16_MICT02,MICT,255,145.0,207.5
-21.6579985173367,8.49272969232682,-49.3564065659012,-911.362823624,-459.509537378553,-405.280709426739,16,HIIT02,16_HIIT02,HIIT,134,145.0,207.5
2.6168985234879,-1.58227182709228,-2.02924745874331,18.4138839369288,-21.7480220538824,11.0012762877544,16,MICT05,16_MICT05,MICT,195,145.0,207.5
1.35951698359104,0.974079902077998,-0.868763117041974,39.4275093275864,-72.2008686198852,79.0748105851779,6,MICT01,6_MICT01,MICT,172,111.0,183.0
3.16437251836884,1.37750237128913,-1.42014325767502,-123.062477875347,-95.2207282104019,-119.377104153956,6,HIIT02,6_HIIT02,HIIT,160,111.0,183.0
4.64579759976443,6.19955798912457,1.56496623047342,-24.3116919778892,-106.950251229135,104.823502423534,16,MICT02,16_MICT02,MICT,114,145.0,207.5
-0.21650671992813,-4.51042068961252,0.998471746645245,-3.06911494757686,92.5001672220865,-81.8607602530731,6,HIIT03,6_HIIT03,HIIT,298,111.0,183.0
1.17804259801477,-4.00424493854475,-1.56076823247317,15.5937660342681,35.4114863132392,-62.9325263782055,16,MICT05,16_MICT05,MICT,219,145.0,207.5
-1.61841890179602,-3.35708908759063,0.698964159241319,-20.8181482498772,70.0674397478629,-111.806172822867,16,MICT02,16_MICT02,MICT,319,145.0,207.5
1.28393376778962,-3.21202298705038,-1.72551951606125,4.26177168765517,21.6679646307119,-45.1414994605382,16,MICT04,16_MICT04,MICT,212,145.0,207.5
3.10116891155358,-5.71643843565122,-2.53067318969948,110.281587378506,47.9704438981665,65.7085199750399,16,HIIT01,16_HIIT01,HIIT,216,145.0,207.5
-3.47938407734077,3.19193689923228,-0.580131024753679,37.4022894890093,16.7226363543101,83.3691871518319,16,MICT03,16_MICT03,MICT,32,145.0,207.5
4.84926282540382,-4.05426287912184,-3.21783384974314,17.6118493072047,51.8515314984642,0.191295713570631,16,HIIT02,16_HIIT02,HIIT,201,145.0,207.5
0.332807205842969,-3.97585165856573,-0.0795889216134439,-48.8647037776832,65.2767030638086,-158.767269909152,6,MICT06,6_MICT06,MICT,260,111.0,183.0
-4.65073911165768,15.6244623288269,-0.233680990806035,20.0923667112934,48.4047611958836,-8.52681659668728,6,MICT02,6_MICT02,MICT,347,111.0,183.0
-1.42144796378439,3.91694286686229,-0.638762290620385,-155.671454931508,-115.834870592512,-15.5605452155428,6,HIIT01,6_HIIT01,HIIT,47,111.0,183.0
1.39100997830584,1.09227119333557,-0.811870698228062,38.3608342333658,-76.2881263775996,79.6894871886971,6,MICT01,6_MICT01,MICT,171,111.0,183.0
-1.68272776893271,-8.85249872938527,0.794910939239162,16.5755619032458,57.2912791832889,-186.765953349485,16,HIIT06,16_HIIT06,HIIT,275,145.0,207.5
-5.62869662086487,5.6270309578964,-0.160431132337057,19.7822690640898,31.1308234634922,107.003622496598,16,HIIT05,16_HIIT05,HIIT,35,145.0,207.5
-5.2259442112614,20.1650627330425,-0.346245430887186,34.4587227651929,67.9184596666865,5.65714558978032,6,MICT05,6_MICT05,MICT,345,111.0,183.0
-1.07823402548068,-4.10757410150498,0.320863152204266,-10.7941592246784,80.283796620369,-67.3554146343232,6,HIIT02,6_HIIT02,HIIT,321,111.0,183.0
-1.38969934383183,-8.25056262377791,-3.25448990012279,201.35166846867,107.02086005547,166.785870324635,16,HIIT01,16_HIIT01,HIIT,252,145.0,207.5
5.38772754680522,-2.7731945307507,-3.19410037465635,-36.8871747191895,49.0528685424762,-45.7573094874515,16,HIIT02,16_HIIT02,HIIT,194,145.0,207.5
3.6276055707904,3.40185490086294,-0.768349611549928,-241.366836567073,-138.723520005125,-219.327116777775,6,HIIT02,6_HIIT02,HIIT,143,111.0,183.0
8.01785769035527,11.235471893304,1.57252412216757,-64.9999635738858,-125.497719350404,159.839168349165,16,HIIT03,16_HIIT03,HIIT,118,145.0,207.5
2.23163683690642,5.58164362506669,-0.0304478117780288,0.736519685939166,-105.677480712204,82.3013028470285,6,MICT03,6_MICT03,MICT,97,111.0,183.0
1.13430361898965,4.00559427265576,-0.195178468917493,-5.09179869999517,-72.128914032694,54.91837757025,6,MICT01,6_MICT01,MICT,89,111.0,183.0
4.52812297219605,5.28002968824915,0.713951497716209,-23.9070287298319,-101.58575644195,99.4824644543598,16,MICT01,16_MICT01,MICT,119,145.0,207.5
-0.479349662640959,7.6560879179066,2.01784768788293,-281.948886004406,-201.962583835876,-129.319558434469,6,HIIT03,6_HIIT03,HIIT,69,111.0,183.0
-0.460444691426101,-11.1837031799489,0.759603090795337,10.8219614963732,36.6118915852713,-30.467022316169,16,HIIT06,16_HIIT06,HIIT,353,145.0,207.5
-0.400794207864834,7.03434077929621,0.774276782071528,-295.707849646286,-203.402248685617,-146.220260711713,6,HIIT03,6_HIIT03,HIIT,71,111.0,183.0
2.88846159210771,4.79095384248364,1.14645963303308,-7.30019826466037,-135.692030136461,81.0611849943537,6,MICT02,6_MICT02,MICT,116,111.0,183.0
-4.53212181355107,9.35341481575554,0.430541213142986,-61.1614912990668,-16.054388451924,49.8673474866141,6,HIIT06,6_HIIT06,HIIT,21,111.0,183.0
2.25122359386745,5.2647578405437,0.332760312332967,18.7143442238232,-98.1249757478597,91.6379464549089,6,MICT06,6_MICT06,MICT,96,111.0,183.0
1.07502830198006,-0.104491231093408,-1.1391578932116,49.3574791463415,-22.5287226147103,67.7759604264406,6,MICT01,6_MICT01,MICT,183,111.0,183.0
-1.24709796737797,3.06772555173948,-0.396912980131114,24.4206908995141,-7.77601198211593,79.3622526649466,16,MICT04,16_MICT04,MICT,50,145.0,207.5
2.67495970430096,4.88569393826785,1.01622515017798,-4.37317675027529,-142.916319918403,84.1871291494339,6,MICT05,6_MICT05,MICT,112,111.0,183.0
3.3900826406564,6.6132928400963,0.728462638936505,-15.414245637917,-78.5255820939141,105.042734759907,16,MICT06,16_MICT06,MICT,101,145.0,207.5
-0.977163874533681,-4.51552411625845,1.28187894404158,-1.64066907408081,93.3544381465516,-80.1791888891169,6,HIIT04,6_HIIT04,HIIT,296,111.0,183.0
-0.566889119668044,-5.56876722991479,-0.176038032425333,1.67354104877299,83.0617197386244,-140.420758026131,16,MICT04,16_MICT04,MICT,259,145.0,207.5
6.73756899128642,10.3690441664733,1.51059444947717,-42.5756409796446,-111.023674020037,159.404337604012,16,HIIT06,16_HIIT06,HIIT,111,145.0,207.5
5.154052597264,4.04177942244576,-0.345849002431595,-34.8317764669583,-124.053672041948,87.3490349806201,16,MICT06,16_MICT06,MICT,150,145.0,207.5
-0.28983405470799,6.94847213220243,-1.1092985960113,-332.738103864281,-190.115441887709,-178.684212704814,6,HIIT05,6_HIIT05,HIIT,74,111.0,183.0
-0.842837928904287,2.88008118045653,-0.491469860732227,9.28238157037781,-26.8362589218247,53.4610308074389,6,MICT02,6_MICT02,MICT,58,111.0,183.0
8.05836200535484,2.7554147904258,-2.57755478110262,-265.779716769532,-1.64807853529174,-251.447383901124,16,HIIT01,16_HIIT01,HIIT,167,145.0,207.5
-0.525175840011288,2.04367525304982,-0.140988436649654,4.83204411755724,26.7463772178338,16.3610687273749,16,MICT01,16_MICT01,MICT,1,145.0,207.5
-7.3902931609252,-11.4834999584519,2.27456745324987,-41.4569711710451,5.69214585627372,41.4722708308268,6,HIIT02,6_HIIT02,HIIT,15,111.0,183.0
4.47560449619936,2.41800103300955,-1.27242563619446,-17.5401334129184,-104.967971239019,74.3598047912634,16,MICT06,16_MICT06,MICT,163,145.0,207.5
-3.50399408800446,-8.90322308202483,0.180926976786435,156.919313816358,103.020670327046,70.2063497887429,6,HIIT01,6_HIIT01,HIIT,339,111.0,183.0
-0.198051914726867,3.63679387597989,-0.462339267460412,10.3146908238792,-33.0696160036026,55.9916694952252,6,MICT06,6_MICT06,MICT,60,111.0,183.0
-1.24132834884064,-2.84413917982787,0.486461244849769,-21.8711337631479,72.5059707782164,-126.957837644524,16,MICT02,16_MICT02,MICT,308,145.0,207.5
-1.83200239660679,-8.57693825913606,0.801986789600918,14.9905756452353,56.9341621926318,-184.790188429197,16,HIIT06,16_HIIT06,HIIT,279,145.0,207.5
-0.794707249474159,4.64149773239601,-0.0099282967476551,15.423841885674,-22.1666030613913,81.9383065920602,16,MICT01,16_MICT01,MICT,70,145.0,207.5
0.0256737448649345,-4.92487582476585,-0.881246893245324,-0.387378500088926,67.9603027888756,-117.274964259194,16,MICT04,16_MICT04,MICT,242,145.0,207.5
-1.31117422728535,-2.9998720357948,0.572494245006798,-14.533241528841,72.7271548808761,-120.662673121023,16,MICT03,16_MICT03,MICT,311,145.0,207.5
2.5261968130884,-0.525488809052021,-1.81791998708081,9.16942622573281,-34.3523660656367,32.8612770058971,16,MICT04,16_MICT04,MICT,188,145.0,207.5
3.71404132762376,2.85991749066294,-0.880033383996446,-223.842661974692,-96.7975946357512,-192.064097976197,6,HIIT01,6_HIIT01,HIIT,156,111.0,183.0
-12.04934584673,40.6075798273328,2.04300583144036,15.6921805634354,66.9595787436822,-62.0874687018548,16,HIIT05,16_HIIT05,HIIT,345,145.0,207.5
1.03451492180932,-2.25085350432705,-1.11743912967699,12.5145754475687,75.2842833357008,-19.8008125028572,6,MICT05,6_MICT05,MICT,202,111.0,183.0
8.83092928920941,10.6888542331582,0.903811133753927,-66.3408750500309,-130.241399139189,160.317140161702,16,HIIT03,16_HIIT03,HIIT,127,145.0,207.5
3.89640134613311,5.21097721970576,0.22762220085452,-315.84929324681,-122.424336439865,-279.539653261158,6,HIIT06,6_HIIT06,HIIT,138,111.0,183.0
0.468417752067695,4.28109582767931,-0.112986719101855,-5.30192882089334,-70.9941385661238,50.8298742190453,6,MICT02,6_MICT02,MICT,78,111.0,183.0
4.44734057567952,6.42934809985228,0.425200755307386,-312.270696711658,-163.875566607412,-266.057710772966,6,HIIT03,6_HIIT03,HIIT,132,111.0,183.0
-2.67492006571917,-8.36829844964077,1.26482761968194,16.3785806444991,61.4682513996713,-180.314853602326,16,HIIT03,16_HIIT03,HIIT,289,145.0,207.5
0.736792995904955,-4.95183942804277,-0.315084240207766,210.992615212602,200.398840063098,85.8681096175704,6,HIIT05,6_HIIT05,HIIT,234,111.0,183.0
-1.63032897382807,-3.79748791815885,0.762795568458529,-12.6137758757205,76.8502205998609,-124.268201769496,16,MICT05,16_MICT05,MICT,303,145.0,207.5
1.41344480454781,-4.53190506271259,-0.830078086036003,451.011856022033,130.698571822879,343.202549997405,6,HIIT04,6_HIIT04,HIIT,216,111.0,183.0
3.13465000635615,5.44365604767917,0.773605514943949,-14.6763936980155,-154.720044757662,84.3158000445924,6,MICT03,6_MICT03,MICT,116,111.0,183.0
-1.54892115645284,-8.94288888388866,0.771873588678415,18.4004618134824,58.3968376226361,-186.782328267881,16,HIIT06,16_HIIT06,HIIT,273,145.0,207.5
1.70308891136346,-2.27062394081885,-1.86453747059377,7.82361058702953,2.96174653431787,-15.3461463150433,16,MICT04,16_MICT04,MICT,203,145.0,207.5
-2.90336331575309,1.24020002797556,-0.163634171099339,-24.8735495586169,1.30334653369585,39.7425267912414,6,MICT01,6_MICT01,MICT,28,111.0,183.0
5.22934473066874,5.92575245457692,1.1597861856841,-34.3227328590708,-122.85693290423,106.6743625431,16,MICT02,16_MICT02,MICT,125,145.0,207.5
-1.22349171173238,5.27429784628339,0.686051768139982,-218.26840979066,-140.485297367758,-58.5547424545016,6,HIIT05,6_HIIT05,HIIT,56,111.0,183.0
2.35342038369211,5.69727784122932,0.800404221550839,6.36788877846551,-66.3681767944748,96.3026265788605,16,MICT02,16_MICT02,MICT,94,145.0,207.5
1.47946466051752,8.01414026761387,0.0724919181042267,23.1167105127722,136.957316162414,5.77464594390421,16,HIIT01,16_HIIT01,HIIT,86,145.0,207.5
3.56886433752576,6.30510778475794,0.558124233843431,-242.675338111174,-160.251450288068,-192.789334239094,6,HIIT05,6_HIIT05,HIIT,122,111.0,183.0
-0.707942077156052,-5.28577169991467,-0.0520671540861738,16.9350976244763,73.0254173983424,-131.120136889049,16,MICT06,16_MICT06,MICT,262,145.0,207.5
7.91247687592735,6.61670869361545,-1.4867913759437,-41.9195723152222,-109.652429434956,131.529525837695,16,HIIT05,16_HIIT05,HIIT,149,145.0,207.5
-5.0029607049697,14.995423816869,1.36071257328343,-18.8004088411039,65.9918601207563,-62.4876540647946,16,MICT06,16_MICT06,MICT,343,145.0,207.5
-1.35906498724529,-3.05393279791477,0.59443024976455,-8.24089633070052,73.6092025861581,-114.799314632496,16,MICT04,16_MICT04,MICT,312,145.0,207.5
-2.21892459675799,-4.68685245288322,0.494149493272061,7.38645082734409,87.2052656432258,-50.1194579478667,6,HIIT02,6_HIIT02,HIIT,328,111.0,183.0
-4.67114572563478,1.32929994585148,-0.0655197380760456,27.8410438117492,27.1126855561504,72.7734084230465,16,MICT01,16_MICT01,MICT,26,145.0,207.5
6.97404763491665,10.3566733424996,1.62843189988172,-59.5191741762518,-115.197589559034,151.945102222122,16,HIIT03,16_HIIT03,HIIT,115,145.0,207.5
5.11994262696879,6.54861215568057,1.29613218680229,-35.5880350507993,-122.369937810663,103.180892940803,16,MICT05,16_MICT05,MICT,119,145.0,207.5
0.517295579026724,5.74460857084458,-1.63156722258915,-263.528030369556,-182.727222750465,-132.818330700274,6,HIIT02,6_HIIT02,HIIT,79,111.0,183.0
-0.0988023122387301,-4.02980247828433,0.475690729083611,-23.086940182244,75.4156404605,-121.76267592223,6,MICT06,6_MICT06,MICT,277,111.0,183.0
0.474123225123237,-5.24110930843946,0.819551545702342,57.9353602125808,148.958481310276,-71.4724767925608,6,HIIT05,6_HIIT05,HIIT,255,111.0,183.0
1.38586890297866,1.48714165047392,-1.04686128566862,29.2228997378496,-112.918471458037,89.0131506687819,6,MICT06,6_MICT06,MICT,159,111.0,183.0
-5.96519749726608,6.05413864293705,-0.340315627970761,20.3179849140749,35.3667413268482,101.62563291049,16,HIIT06,16_HIIT06,HIIT,33,145.0,207.5
-1.27314177722982,4.5660231380861,-0.180161394863775,16.1530938628922,-20.8866187041012,79.8645360302383,16,MICT05,16_MICT05,MICT,63,145.0,207.5
-2.98648443839473,-7.57029342849698,1.03112088390989,36.7296408915352,89.6697774284475,-13.5298587957753,6,HIIT04,6_HIIT04,HIIT,334,111.0,183.0
2.1533489970273,-3.80502277960928,-2.10422541388289,484.028891769374,63.2013118922252,401.761248229596,6,HIIT04,6_HIIT04,HIIT,205,111.0,183.0
-1.66663592129134,-5.36936312725349,0.563880375602549,-8.40713697767984,78.038703860871,-143.936263904409,16,MICT05,16_MICT05,MICT,283,145.0,207.5
0.248974741960111,-8.9179428877829,-0.984428739810273,22.3833263483137,47.2939219067462,-171.468226279752,16,HIIT03,16_HIIT03,HIIT,249,145.0,207.5
-0.0656153600275791,-5.60539963572833,2.6178139396381,101.220019154511,142.481372916074,-36.2495667411074,6,HIIT04,6_HIIT04,HIIT,264,111.0,183.0
2.36459967765896,4.59792985663609,0.279196561141524,-6.58871359994975,-155.56149161967,89.3129406080201,6,MICT04,6_MICT04,MICT,126,111.0,183.0
-0.84994013154703,-5.12784036013134,0.157869212132112,0.0530336058485813,76.294027162537,-140.554219781204,16,MICT03,16_MICT03,MICT,265,145.0,207.5
8.50887589958275,8.87596413751864,0.245566196704403,-51.4430327276223,-128.522950216574,152.318489017925,16,HIIT06,16_HIIT06,HIIT,136,145.0,207.5
6.81638859264232,10.3781645771767,1.22674639104075,-52.3957113444479,-110.215960581033,156.116674663229,16,HIIT05,16_HIIT05,HIIT,115,145.0,207.5
-8.79224049984599,21.7486967770777,0.996970377355975,111.532457455069,101.731736667738,42.5192925639569,6,HIIT03,6_HIIT03,HIIT,343,111.0,183.0
0.723446636875034,-4.72275328549703,0.160984654444959,304.001137438869,194.991048040997,189.553430575516,6,HIIT06,6_HIIT06,HIIT,230,111.0,183.0
-1.44624397755792,-3.94571314693693,0.638695981615267,-15.7335895112448,72.3223377875618,-74.7002425164471,6,MICT03,6_MICT03,MICT,324,111.0,183.0
1.17204655079553,-3.18026039423169,-0.580644091832362,20.803964681613,109.959421003303,-40.9766625423676,6,MICT03,6_MICT03,MICT,215,111.0,183.0
0.694759416281785,4.53133019532999,-0.15024659984035,-14.3375899279396,-74.7988891937377,47.6340277321284,6,MICT04,6_MICT04,MICT,76,111.0,183.0
2.40554400214417,3.67349715618399,0.192181884685688,-10.6723620156047,-165.072856565829,72.62349149102,6,MICT02,6_MICT02,MICT,145,111.0,183.0
5.18302773667625,-1.50525808489754,-3.43924643154969,-0.807818106269211,-17.8337927669758,12.9489563156242,16,HIIT03,16_HIIT03,HIIT,189,145.0,207.5
4.70888166685056,4.99378153346885,-0.6628708767753,-332.355533102017,-146.093798585917,-292.142901995214,6,HIIT03,6_HIIT03,HIIT,139,111.0,183.0
-1.79165345390737,-5.1463089261758,0.650478014688428,-6.74517778857789,79.3380667364924,-138.12160735207,16,MICT05,16_MICT05,MICT,288,145.0,207.5
0.986950357364179,-4.61417521013355,-1.021236239845,369.036045363447,153.974152505535,252.397944371974,6,HIIT04,6_HIIT04,HIIT,223,111.0,183.0
-1.13038160712873,8.73463291621187,0.374282392582123,-4.21405029252398,-38.0865225453345,123.289675851309,16,HIIT04,16_HIIT04,HIIT,67,145.0,207.5
0.832838772719563,-3.87087240334712,-1.36062371903628,372.606702348018,175.255296244175,304.486792170161,6,HIIT02,6_HIIT02,HIIT,214,111.0,183.0
3.03949046431091,-0.936847092680105,-1.9164403930822,137.71519964633,-65.9497624014752,124.318422518177,6,HIIT05,6_HIIT05,HIIT,175,111.0,183.0
-2.85568270168988,-5.75451030073002,1.60445991319079,87.3422408920112,129.285441098445,108.355616655734,16,HIIT02,16_HIIT02,HIIT,313,145.0,207.5
-0.764803044179978,2.27034746347368,-0.531071049125438,-6.60351558994701,-18.3511508502754,41.160212020366,6,MICT01,6_MICT01,MICT,54,111.0,183.0
4.15783268675415,1.66516659406622,-1.50926198425848,-7.83067732739459,-90.8175888468749,66.3646137508177,16,MICT06,16_MICT06,MICT,169,145.0,207.5
-8.52978605381453,1.68051436097539,0.0816791294212299,157.55199450791,129.86630578396,-89.14419392321,16,HIIT01,16_HIIT01,HIIT,26,145.0,207.5
1.22868609057459,0.683987376686421,-1.02669788997277,33.1457193173386,-70.2122421707114,69.1392744849764,6,MICT05,6_MICT05,MICT,168,111.0,183.0
-3.22041167433097,5.03393740851357,-0.774333675196877,131.709034013203,144.736154891364,-52.1473340355018,16,HIIT02,16_HIIT02,HIIT,48,145.0,207.5
0.961424612383718,-3.04993707638997,-0.692286166162166,501.841790117922,125.290920201206,450.269042767998,6,HIIT02,6_HIIT02,HIIT,205,111.0,183.0
-5.38930991426572,-20.9908269212111,2.04219655847307,-4.20530489000316,22.3510344898272,25.3277531525285,6,MICT01,6_MICT01,MICT,12,111.0,183.0
1.9701292034782,6.08200289832735,0.733476496206345,0.885421129946229,-63.8507614341968,95.9908272071952,16,MICT03,16_MICT03,MICT,91,145.0,207.5
1.13735002227025,-3.15698688819978,-0.758169158010523,25.2949917256065,108.433895062222,-31.9095092188632,6,MICT03,6_MICT03,MICT,213,111.0,183.0
-0.743664814578243,1.82080193534104,-0.616050848314987,-14.0772924221952,-14.4099617462011,38.8036461052367,6,MICT01,6_MICT01,MICT,47,111.0,183.0
-1.79512923841185,-3.86423861979858,0.904305339593281,-1.25111372924606,70.216903405632,-120.244896166976,16,MICT06,16_MICT06,MICT,302,145.0,207.5
1.88280792948986,2.53791452161325,-0.361247522661597,5.00462341771371,-135.880556515268,71.352803373395,6,MICT02,6_MICT02,MICT,158,111.0,183.0
7.52587534672188,8.93975121986661,0.922133893566623,-49.9816621366758,-120.485419547601,156.076557794734,16,HIIT04,16_HIIT04,HIIT,128,145.0,207.5
0.360965278618523,-6.30709328310801,1.5554458358747,-38.5107798477585,102.641273850086,-128.970112400455,6,HIIT01,6_HIIT01,HIIT,280,111.0,183.0
-0.284146679349134,-5.10164182486675,-0.41927169297756,10.1596588099911,79.5628675379256,-126.400779897746,16,MICT05,16_MICT05,MICT,253,145.0,207.5
-1.01509429582692,9.00750287980102,0.854912609752194,-16.9905716125842,-37.99137171311,124.341300674541,16,HIIT05,16_HIIT05,HIIT,70,145.0,207.5
-9.72846503291709,27.9204951945635,1.17711873815812,158.599864637832,92.265280566009,78.3779648763267,6,HIIT01,6_HIIT01,HIIT,344,111.0,183.0
0.925035453766978,-3.28149336232971,-1.18623357871378,-5.70197117514709,105.266699620857,-77.0885932611797,6,MICT05,6_MICT05,MICT,219,111.0,183.0
-1.02351658055785,-3.77001623829372,0.522102496625719,-1.19280713508082,67.7042577140644,-52.7414696933389,6,MICT04,6_MICT04,MICT,325,111.0,183.0
2.80742232593234,5.1025526713477,0.955624181521041,-14.1680679020065,-163.865625835182,81.3308799511685,6,MICT05,6_MICT05,MICT,116,111.0,183.0
4.61256757698149,6.09154842278839,1.05737503437509,-48.7214765106967,-116.227117001744,95.5506482196586,16,MICT06,16_MICT06,MICT,117,145.0,207.5
-1.26613271941329,-4.57287019483319,0.301403664838115,-13.1378632031786,71.744641174771,-145.059862927431,16,MICT01,16_MICT01,MICT,273,145.0,207.5
7.39140086794199,2.3282583596286,-2.73497544241614,-231.52199322471,24.6623362170199,-206.629149733338,16,HIIT02,16_HIIT02,HIIT,170,145.0,207.5
4.99671022424985,4.45877036778341,-1.36118549785458,-310.077625054126,-125.931695966379,-261.213586087388,6,HIIT04,6_HIIT04,HIIT,138,111.0,183.0
44.5474830100537,13.4476809955326,65.0664868851949,-2425.5430588695,-1224.11185425093,-402.405741938662,16,HIIT02,16_HIIT02,HIIT,108,145.0,207.5
-0.211815241892403,-3.76451617019622,0.708009713671588,-21.1007562494315,74.2970842145123,-116.958900402038,6,MICT02,6_MICT02,MICT,283,111.0,183.0
-3.79946202041904,4.44534951046315,0.278537106389119,-116.650126138175,-53.8993798294152,28.0577437945175,6,HIIT05,6_HIIT05,HIIT,31,111.0,183.0
3.12871146616883,5.38272616913344,0.417859470522811,-8.08270856117733,-73.7934931122169,97.6894430074884,16,MICT01,16_MICT01,MICT,104,145.0,207.5
2.20138231193948,-7.18602636363235,-2.25406920118244,18.9059485136784,26.3240427165618,-128.8670770895,16,HIIT05,16_HIIT05,HIIT,226,145.0,207.5
1.12048518637653,5.00901106337712,-0.0926730460898798,-4.28220270169534,-83.8371345665604,62.431374761735,6,MICT05,6_MICT05,MICT,80,111.0,183.0
-2.57182275320277,-2.08997465797866,0.335220572250211,14.1297111193831,26.0797303446888,19.8255462480632,16,MICT06,16_MICT06,MICT,6,145.0,207.5
4.49919312088115,-3.54018935982178,-2.93419457356061,9.70896961046149,49.1424658437485,-5.83307298541709,16,HIIT02,16_HIIT02,HIIT,200,145.0,207.5
1.23664355228567,-2.21727015141508,-1.01847971351043,42.0928422251153,71.4873613901415,14.4673809844988,6,MICT03,6_MICT03,MICT,200,111.0,183.0
0.308151833974604,-5.44297818483186,0.423511175159602,41.9183715988509,139.495607986076,-81.1576196493595,6,HIIT06,6_HIIT06,HIIT,258,111.0,183.0
44.103278352919,11.8476887824746,65.2287320971945,-755.385413234053,-216.559043232194,-13.6969148130748,16,HIIT02,16_HIIT02,HIIT,105,145.0,207.5
4.7764256934152,5.96860267929787,0.707367599108995,-50.9819829131858,-120.731753370146,95.5212656469874,16,MICT06,16_MICT06,MICT,120,145.0,207.5
-0.400068734286107,3.37518976670502,-0.645890705892104,7.38262202164168,-29.3598266934564,53.7744671056486,6,MICT06,6_MICT06,MICT,57,111.0,183.0
4.47892493022262,5.32032508447609,0.780311680548249,-22.4188248573574,-99.2050151771999,99.7406941576291,16,MICT01,16_MICT01,MICT,118,145.0,207.5
2.78920143444666,5.96081612881279,0.792609043030728,2.58549282305577,-72.0818890923023,99.8460405215676,16,MICT04,16_MICT04,MICT,95,145.0,207.5
0.407813304192283,-3.94191287866297,0.075680198020067,-29.7484966899189,75.5405667547384,-138.297113338837,6,MICT04,6_MICT04,MICT,250,111.0,183.0
-2.9173319689886,6.725423197549,0.0238873233554537,-0.819376353973666,-9.15206858127126,111.231425875701,16,HIIT03,16_HIIT03,HIIT,50,145.0,207.5
-0.242100614272561,-5.56916430489487,1.42913043099192,-27.8269243692332,92.5746106023077,-111.864467717399,6,HIIT05,6_HIIT05,HIIT,283,111.0,183.0
0.806718052318158,-4.39351787660066,-0.819241922508981,451.656910434746,186.207842512175,354.322513893157,6,HIIT05,6_HIIT05,HIIT,218,111.0,183.0
-1.59686921761505,2.79376786741547,-0.628806280694863,-9.42903376088022,-16.193015567027,61.8979590045286,6,MICT05,6_MICT05,MICT,36,111.0,183.0
2.5912265454281,4.90419549766507,0.775563748464065,-12.1940857827447,-173.783095571113,89.9570409188528,6,MICT06,6_MICT06,MICT,121,111.0,183.0
4.33440687700573,2.03733107143127,-1.3693288176802,-12.6989024845594,-98.1781163218668,70.5145088968119,16,MICT06,16_MICT06,MICT,166,145.0,207.5
3.347189863945,-5.44438790915473,-2.63035859671842,98.3720897394106,46.346853357068,54.8005637757644,16,HIIT01,16_HIIT01,HIIT,214,145.0,207.5
2.71855523006904,-3.45227625936804,21.8569072880804,3226.49308587907,1419.98239773732,1400.51782155143,16,HIIT01,16_HIIT01,HIIT,289,145.0,207.5
-3.79537495554447,4.67986689151002,0.79423955746382,-114.389707795358,-72.6682453465629,20.0494271053185,6,HIIT01,6_HIIT01,HIIT,31,111.0,183.0
4.05420741031106,6.88712035768701,-0.281065980072561,-173.078581053715,-174.420140381548,-115.972920172668,6,HIIT01,6_HIIT01,HIIT,108,111.0,183.0
-12.0470709323829,-28.5558909084459,2.89443447856839,21.3553567233233,39.5471693143764,34.8831963908962,16,MICT06,16_MICT06,MICT,12,145.0,207.5
-0.917895065643732,3.83453234194786,-0.274897917765939,-2.62713317676989,17.7652989701431,19.3260605531631,6,MICT04,6_MICT04,MICT,3,111.0,183.0
0.698677453236351,-3.82138490643494,-0.101796556743045,-8.03364049806777,94.4112573470476,-110.593062142821,6,MICT04,6_MICT04,MICT,239,111.0,183.0
-0.989864750906179,4.50062120242993,-0.0264603980168667,19.07354142568,-23.541477700515,81.4038922471126,16,MICT03,16_MICT03,MICT,64,145.0,207.5
0.366204821461386,-3.33957911160713,0.545354395700119,-39.2750304524922,56.5974924275943,-139.317984173426,6,MICT01,6_MICT01,MICT,264,111.0,183.0
2.18105991170431,3.21430557983603,0.0289282115912981,-7.88822640697977,-155.875931477405,69.4377548614186,6,MICT02,6_MICT02,MICT,148,111.0,183.0
1.88678500251339,-7.58628863235649,-2.08643335088181,20.0574822957106,30.6329277583127,-136.252681148026,16,HIIT05,16_HIIT05,HIIT,229,145.0,207.5
0.276564692602082,-3.81919776847314,0.236384431730497,-7.26287902691736,85.9706382193118,-120.827948893956,6,MICT04,6_MICT04,MICT,260,111.0,183.0
2.07980083899897,3.24586596960008,-0.0288730521099977,-23.9712800115034,-168.04131570473,57.8024214062903,6,MICT04,6_MICT04,MICT,143,111.0,183.0
-1.02250365452871,-5.11127308647723,0.0286406019918491,-1.8095675635476,76.5001104433506,-142.620398192388,16,MICT03,16_MICT03,MICT,270,145.0,207.5
-0.540147329021824,7.29823995578032,1.59972570308054,-256.802024627221,-158.289623525868,-90.4632303144703,6,HIIT04,6_HIIT04,HIIT,71,111.0,183.0
-6.00205794225784e-05,1.56323016341245,-0.0931397246251523,16.4892372699089,28.0421641773288,19.0139759636994,16,MICT04,16_MICT04,MICT,0,145.0,207.5
2.20290971492551,4.63697783707383,0.520015175242472,-1.26837411445623,-101.775561172807,74.8389410399567,6,MICT01,6_MICT01,MICT,106,111.0,183.0
0.850112969883426,-6.1582229744303,0.47569347461971,12.3842365738764,143.125422364893,-112.506251395206,6,HIIT01,6_HIIT01,HIIT,260,111.0,183.0
-0.101096406394478,1.36289539880769,-0.145009082550305,-1.15248996972047,19.1139003117581,23.1009933548663,6,MICT03,6_MICT03,MICT,0,111.0,183.0
1.15208104102713,-2.44597576750067,-1.02405463272096,20.2648549369734,75.7169877676227,-22.9529402578345,6,MICT04,6_MICT04,MICT,207,111.0,183.0
0.315582204690759,-5.54784113961061,0.762183601876775,191.841549557277,172.582041598714,43.2659610556821,6,HIIT04,6_HIIT04,HIIT,246,111.0,183.0
2.02129061338742,3.11799158045441,-0.0021312917630831,1.5239390550492,-160.075652901818,72.0907455434664,6,MICT05,6_MICT05,MICT,145,111.0,183.0
-2.27654977057239,6.88335417950962,0.637708115021945,-8.54622279138819,32.3157979662384,-30.1159502102306,16,MICT04,16_MICT04,MICT,350,145.0,207.5
2.27564042707907,3.6336699318788,0.0478858777003806,-28.8077035708115,-178.61962821473,58.7435256512674,6,MICT04,6_MICT04,MICT,141,111.0,183.0
-1.02744186665675,-7.03463805333567,0.0439454416767423,54.0382919717712,95.4605981947096,-15.701346640893,6,HIIT01,6_HIIT01,HIIT,323,111.0,183.0
1.12870345150294,-2.45535065176026,-1.13816905246756,12.7365165621721,81.4716939925798,-22.9388209473222,6,MICT05,6_MICT05,MICT,203,111.0,183.0
3.65062350499348,7.4746601934055,1.27885610218785,-157.408274554981,-166.970205625035,-112.662301830827,6,HIIT05,6_HIIT05,HIIT,116,111.0,183.0
4.7581669262322,2.87838296864815,-1.28604777154683,-13.6455638987056,-115.112091485726,82.4096440899783,16,MICT05,16_MICT05,MICT,162,145.0,207.5
1.12060535181327,0.0797162027024828,-1.20451643987936,45.4910977741372,-48.0789597342045,84.1646629542526,6,MICT06,6_MICT06,MICT,171,111.0,183.0
5.11981870457553,3.55794935246886,-0.455823386186169,-15.0274326157518,-122.251130592304,94.1049748319257,16,MICT01,16_MICT01,MICT,150,145.0,207.5
0.717120531814493,4.69292460492018,0.0644775562344004,-8.68859844838269,-73.5655138464744,50.405201339449,6,MICT06,6_MICT06,MICT,72,111.0,183.0
-2.7285769162881,-6.06983760950161,1.4192690312995,0.449112429599215,63.2362812424098,-151.259622451035,16,HIIT04,16_HIIT04,HIIT,313,145.0,207.5
-0.343190476127055,-4.89339452109106,-0.661512836278107,0.415583913243296,77.9525195287897,-126.103704261988,16,MICT02,16_MICT02,MICT,248,145.0,207.5
2.95419875008613,-0.888360881654266,-2.07348534537957,17.3755806560121,-36.0356711896059,25.9767629579196,16,MICT05,16_MICT05,MICT,190,145.0,207.5
-4.55701969155464,-13.3206155915383,1.72463869414349,-18.165240419841,6.60118458781714,20.9125698310052,6,HIIT02,6_HIIT02,HIIT,8,111.0,183.0
-5.17059025363586,2.96633078891495,0.986788159869077,-102.71964444203,-55.0425673285879,29.505384245931,6,HIIT03,6_HIIT03,HIIT,27,111.0,183.0
-0.109349378134681,-5.69755288417572,1.24013844773547,-10.7085507111346,102.928595686329,-106.921990786232,6,HIIT05,6_HIIT05,HIIT,278,111.0,183.0
1.22394586229879,-2.02856568661523,-1.45362134978973,30.1288062962086,47.1957063808497,11.2858515475336,6,MICT04,6_MICT04,MICT,196,111.0,183.0
3.6963907841899,6.70245198621678,0.961167689234806,-248.210464147782,-151.442810464509,-206.097862480722,6,HIIT06,6_HIIT06,HIIT,125,111.0,183.0
0.578144582686756,-5.14808868139333,-1.34935769570573,23.9488479152379,56.4467241788855,-91.4033758425626,16,MICT06,16_MICT06,MICT,233,145.0,207.5
-2.36434465088031,3.79402194344402,0.23239325089186,-152.928751676128,-107.729010115646,-3.34451525494898,6,HIIT01,6_HIIT01,HIIT,41,111.0,183.0
5.31959917665622,-0.252704800565889,-3.18911791542657,-8.86209108341996,-32.4691704206793,35.9334508215781,16,HIIT04,16_HIIT04,HIIT,183,145.0,207.5
-1.13187170436283,4.15290255548893,-0.1637152626543,33.272808770427,-17.6956793209495,82.7726587903278,16,MICT02,16_MICT02,MICT,60,145.0,207.5
-2.27379240238206,-6.72415395433145,1.29367694697326,11.4103966351277,62.5222981566664,-161.966036665694,16,HIIT05,16_HIIT05,HIIT,298,145.0,207.5
1.76741456348811,-2.75881574290634,-1.85172737194054,13.0119913178091,7.6267868522218,-29.1429112338531,16,MICT03,16_MICT03,MICT,208,145.0,207.5
1.13508943538536,-0.527016837178227,-1.34882310946469,29.9417109751145,-23.5996749377677,47.6298979602466,6,MICT04,6_MICT04,MICT,179,111.0,183.0
-11.7091601632487,-25.2417032819225,2.5948793330877,23.616770263991,43.5583586071806,39.1294416542057,16,MICT06,16_MICT06,MICT,13,145.0,207.5
3.7576961130819,0.853491289009852,-1.70970177226152,0.473694311744646,-75.5339372114529,56.46447083854,16,MICT06,16_MICT06,MICT,175,145.0,207.5
-4.18781567016836,6.43730173484322,0.425043128227686,-75.7688605931951,-22.1285431035885,41.0402643930303,6,HIIT02,6_HIIT02,HIIT,22,111.0,183.0
0.193806948971539,-5.63122810798424,0.752300877353594,137.436317352928,158.172430756414,-9.57296567178523,6,HIIT04,6_HIIT04,HIIT,252,111.0,183.0
2.78359393997973,0.236015419693593,-1.72683392947718,6.28929282903829,-55.4691114281317,47.4359371702993,16,MICT02,16_MICT02,MICT,183,145.0,207.5
0.881026460532446,5.92783215856553,-1.18670882294644,-249.234417805054,-178.730834223099,-131.150601183818,6,HIIT02,6_HIIT02,HIIT,82,111.0,183.0
-4.82345286793383,3.99919400617288,-0.11512390626991,29.3541062001484,48.9837734428639,55.2519753546484,16,MICT06,16_MICT06,MICT,18,145.0,207.5
6.92567234576392,1.20628878633871,-3.01680362637323,-193.384501821398,33.563556118453,-175.492293262796,16,HIIT02,16_HIIT02,HIIT,175,145.0,207.5
-4.61985038708366,12.4303060001456,1.06552956984913,-31.4772790793172,70.5576196274943,-67.2218490400713,16,MICT01,16_MICT01,MICT,343,145.0,207.5
-1.42378071143915,0.861554635774218,0.13945114923378,21.7521907784055,36.0078024169228,3.66349466056863,6,MICT04,6_MICT04,MICT,351,111.0,183.0
0.106092110075384,-3.93964697783066,1.27492321737388,-12.0482128618131,77.3352719699993,-108.32251420788,6,MICT04,6_MICT04,MICT,277,111.0,183.0
0.204024183218156,9.25322405626627,0.509785602179809,-17.6211326126309,-52.3326684087912,129.598289260455,16,HIIT06,16_HIIT06,HIIT,75,145.0,207.5
-0.568798404383286,-8.96522114653557,-0.0240239028594907,24.5273448313369,60.8114760407722,-184.036257239146,16,HIIT05,16_HIIT05,HIIT,262,145.0,207.5
2.83243377490376,5.39312320216621,0.450116619501393,-5.85101104847479,-69.3324035300584,96.6674810759761,16,MICT01,16_MICT01,MICT,101,145.0,207.5
-2.94892648548893,4.60231276211119,0.0539795744427874,-124.667957553415,-70.0631073618105,23.7934340567328,6,HIIT06,6_HIIT06,HIIT,35,111.0,183.0
-3.78313802020122,3.83613378399329,0.353941853276171,-109.135990132652,-48.4110886846629,28.3711418491588,6,HIIT05,6_HIIT05,HIIT,30,111.0,183.0
-11.3715566113672,-11.3936793636987,-52.6657704828286,2535.36295058162,1263.83512238816,1280.02522918973,16,HIIT01,16_HIIT01,HIIT,271,145.0,207.5
3.83175425132396,10.7695363897832,1.48237321436515,-29.1531874560879,-87.0884756448003,149.92539606609,16,HIIT04,16_HIIT04,HIIT,94,145.0,207.5
3.05195571980734,-3.11385633164178,-2.34692407781633,450.941771526392,1.20522204038596,385.815840264408,6,HIIT04,6_HIIT04,HIIT,195,111.0,183.0
8.1324320173909,7.50701931132401,-1.04823618711791,-46.6195033704836,-115.528388079898,140.318769587981,16,HIIT05,16_HIIT05,HIIT,144,145.0,207.5
8.05463528045796,5.49080145066312,-2.50832109319198,-34.2686892126558,-85.9744568720985,123.84421917168,16,HIIT03,16_HIIT03,HIIT,158,145.0,207.5
-3.15490133769853,4.45047609626843,0.019856402739997,-125.096714348028,-64.1462992165447,23.5610230734386,6,HIIT05,6_HIIT05,HIIT,34,111.0,183.0
0.597852150364645,-3.9127215632907,-1.46443519013753,2.46380827672251,38.610817564514,-73.5378394006348,16,MICT02,16_MICT02,MICT,222,145.0,207.5
-0.884046026316121,2.26456390670843,-0.8421726170756,-12.9467399384778,-15.20083647197,48.8452240568057,6,MICT06,6_MICT06,MICT,40,111.0,183.0
2.74023944170723,-7.10817949750577,-2.41859801916457,139.09235122153,67.0599066778505,106.86647507422,16,HIIT02,16_HIIT02,HIIT,222,145.0,207.5
-6.3768881007637,-21.4481833458459,2.92476456742037,-13.9173302214036,8.81340261969202,27.6484033017623,6,HIIT05,6_HIIT05,HIIT,9,111.0,183.0
0.153295668188759,4.44785440419207,-0.0059571563660712,3.99283556409879,-52.6078444122336,60.5864549392193,6,MICT05,6_MICT05,MICT,67,111.0,183.0
0.119236630348676,5.5285880809848,0.191818032201821,25.1812477547601,-39.1406245231897,89.0357355480645,16,MICT02,16_MICT02,MICT,75,145.0,207.5
-1.80114222432472,6.24461954966118,-0.188085372024561,104.036110006514,128.540780419875,-43.1668155962361,16,HIIT01,16_HIIT01,HIIT,63,145.0,207.5
4.5948682356272,3.32280131925099,-0.892117162539108,-23.7391857419168,-116.642491222813,87.4436014203927,16,MICT03,16_MICT03,MICT,156,145.0,207.5
-0.752155689156698,2.14042050734095,-0.570702083718642,-8.29844241973525,-16.9051276844583,40.9930734436396,6,MICT01,6_MICT01,MICT,52,111.0,183.0
2.62316923631698,4.43217045158458,0.717337868917843,-6.80741429736518,-177.566720382477,81.9696336598771,6,MICT05,6_MICT05,MICT,131,111.0,183.0
1.11710903254335,-3.33913516998155,-0.524040147140444,10.7014980940931,109.313295210339,-60.1450317522657,6,MICT03,6_MICT03,MICT,219,111.0,183.0
1.09081756689674,-4.16554395535863,-1.55223874480474,14.8060526945647,39.0053106944144,-68.9194235885008,16,MICT05,16_MICT05,MICT,221,145.0,207.5
-7.21747306274939,-23.885723681521,2.6110916291938,-0.781701851223254,22.4714275514051,30.7236243231622,6,MICT04,6_MICT04,MICT,11,111.0,183.0
-1.06256848885124,-5.03780263025845,0.227757465242454,-3.40036938522463,83.7023456579344,-143.703979506886,16,MICT02,16_MICT02,MICT,269,145.0,207.5
2.10793674661837,2.88825485664634,0.2162155645933,1.55108332520114,-147.077030895486,72.6347400899478,6,MICT01,6_MICT01,MICT,153,111.0,183.0
6.53582988802058,7.03564956679312,-3.61924937973527,-365.201800116747,-67.6097800401165,-293.311380081873,16,HIIT02,16_HIIT02,HIIT,147,145.0,207.5
4.47141004522144,7.36411161501359,-0.43201932595771,-180.614749638062,-181.849490424025,-121.777880793937,6,HIIT01,6_HIIT01,HIIT,109,111.0,183.0
-0.0799351392444032,8.22406781808495,0.251109192736346,60.8906135665957,148.996085444257,-2.90493773276927,16,HIIT02,16_HIIT02,HIIT,75,145.0,207.5
3.56370658417739,0.365088114239807,-1.84855183445969,12.2910455567485,-64.0682698224216,53.6800611878675,16,MICT05,16_MICT05,MICT,180,145.0,207.5
-7.05207006374231,2.55262084390691,-0.357395313860118,148.053552858091,136.048318684265,-72.9219718047023,16,HIIT02,16_HIIT02,HIIT,29,145.0,207.5
3.93990183370699,6.30080181426248,-0.904413253665476,-151.026549389565,-166.277648436961,-103.004277308833,6,HIIT05,6_HIIT05,HIIT,111,111.0,183.0
3.65870887922034,0.192968891598266,-2.02440176207715,-33.9703974520235,-69.7490735298074,-35.4787338216303,6,HIIT05,6_HIIT05,HIIT,167,111.0,183.0
-0.974077197240557,7.1216845252605,-0.602379111041589,25.058639707604,41.2693062546877,27.7345398899105,16,HIIT06,16_HIIT06,HIIT,3,145.0,207.5
-4.0736492968762,-7.2608504041249,2.45891435813557,68.1030876869028,105.872417040342,97.9199187689736,16,HIIT02,16_HIIT02,HIIT,326,145.0,207.5
1.6706594290614,1.93610558009944,-0.863897304338517,15.2453311182444,-114.484641105172,73.961685392923,6,MICT02,6_MICT02,MICT,163,111.0,183.0
6.46491117648072,3.41716861260975,-2.38734177122871,-24.0283427085472,-81.0133844922907,90.2510744008291,16,HIIT05,16_HIIT05,HIIT,164,145.0,207.5
1.1689992187792,-3.61551810236278,-1.56528133097202,12.602975541798,29.6061428112073,-57.3898214455595,16,MICT03,16_MICT03,MICT,218,145.0,207.5
0.0511312227011971,-4.93493286751279,-0.799990446124997,12.263449841663,70.621818730034,-112.449233385233,16,MICT03,16_MICT03,MICT,244,145.0,207.5
-6.08696343302322,-7.99053668372353,2.93496834440076,19.8819749325683,78.1684534541375,-117.838652417461,16,HIIT03,16_HIIT03,HIIT,329,145.0,207.5
4.59194575641136,2.83055204241906,-1.15685730789146,-22.3606995020864,-111.054628225615,77.7312752487097,16,MICT06,16_MICT06,MICT,160,145.0,207.5
-3.0940640281002,3.23241623159401,-0.332357247706099,21.1909311052224,20.2461296367531,77.9248056616337,16,MICT06,16_MICT06,MICT,35,145.0,207.5
0.93791827565537,6.6345996972603,-1.35117717693306,-292.122801845203,-189.362358332584,-163.270059048026,6,HIIT01,6_HIIT01,HIIT,79,111.0,183.0
0.475751799564111,-4.12155992832775,0.525513903525655,270.208052938185,217.354608905186,176.797438145126,6,HIIT02,6_HIIT02,HIIT,225,111.0,183.0
-3.17351150750889,5.04175851675566,-0.567733624813657,136.622661765717,135.741606136943,-64.1520498857403,16,HIIT01,16_HIIT01,HIIT,49,145.0,207.5
-0.630960573700243,-2.33478859140271,0.375197054783435,-12.2028710491392,64.5056256296992,-65.0950528877029,6,MICT04,6_MICT04,MICT,318,111.0,183.0
4.41624558284758,1.65734914644438,-1.677919256841,-6.48952983245942,-91.6772034069268,67.3916419523673,16,MICT06,16_MICT06,MICT,170,145.0,207.5
-1.28042533084064,-5.20253619530956,0.490285664254617,10.9302104506748,71.4256080708066,-135.235562918842,16,MICT06,16_MICT06,MICT,273,145.0,207.5
-1.81639059168075,3.01653616970703,-0.241072407465826,-126.262491669054,-79.0170955327157,18.2772046982801,6,HIIT02,6_HIIT02,HIIT,39,111.0,183.0
-4.89448159856763,12.8033663463833,0.0120007758536439,17.127385839068,63.7413646762112,-20.0279414077684,6,MICT01,6_MICT01,MICT,344,111.0,183.0
-0.0481723311107607,-4.37999521168277,0.0344599520030171,-13.6248329567306,88.8646627652165,-71.5452923367321,6,HIIT01,6_HIIT01,HIIT,307,111.0,183.0
-6.30619935435261,5.58750701997563,-0.0249871784009593,20.3390034392233,30.9342656120556,93.4541401992762,16,HIIT03,16_HIIT03,HIIT,31,145.0,207.5
0.823671190757077,-3.934756575323,-1.39295670591232,366.658459131792,181.772496877412,296.502906085647,6,HIIT02,6_HIIT02,HIIT,215,111.0,183.0
-0.106477959653244,5.90695686385151,0.263532135118035,8.51764998650133,-43.0164361225863,87.875342783875,16,MICT05,16_MICT05,MICT,75,145.0,207.5
0.41858696315775,-3.29178664452954,0.297236370691555,-24.6542993400935,71.9236509991888,-126.862676182374,6,MICT01,6_MICT01,MICT,255,111.0,183.0
-7.43736971100885,-24.2526637571534,1.74186444180335,-6.09530287984392,0.996273337320415,29.5303962994025,6,HIIT01,6_HIIT01,HIIT,9,111.0,183.0
-0.649522291626969,-4.76074058126833,-0.306763335683011,2.14815050265279,73.4009230872086,-133.755941268154,16,MICT01,16_MICT01,MICT,256,145.0,207.5
-1.101126793582,2.93993895827478,-0.0075464711410769,1.20382803436228,18.8652092946667,14.9267699278126,6,MICT01,6_MICT01,MICT,3,111.0,183.0
0.982714625521739,-4.76354591243887,-0.921346818850028,373.636339991564,179.832549580277,272.656723115559,6,HIIT06,6_HIIT06,HIIT,223,111.0,183.0
2.40957774450721,4.34398704018858,0.43644809791546,-11.5683996976247,-150.809204559584,78.2949130168017,6,MICT02,6_MICT02,MICT,126,111.0,183.0
-2.36878526316212,-4.98970560041527,1.18497190825875,-18.5029009325069,73.7805554400341,-105.809794949385,16,MICT02,16_MICT02,MICT,325,145.0,207.5
-0.848009207938154,-8.59124365775659,-0.22940215260272,189.885797733916,123.593880243104,162.021849834719,16,HIIT02,16_HIIT02,HIIT,261,145.0,207.5
-0.377120325853584,-4.04052147458205,0.419674522974793,-16.3828903904318,77.3175511934955,-110.07675581888,6,MICT06,6_MICT06,MICT,282,111.0,183.0
-0.156985182168482,-4.20561331197931,0.457788283965883,-5.8728181061601,94.4176697293634,-123.566351104605,6,MICT03,6_MICT03,MICT,273,111.0,183.0
3.24084268427732,2.32079037772105,-0.84286881201163,-182.868157626171,-109.495986197998,-173.353001213623,6,HIIT02,6_HIIT02,HIIT,154,111.0,183.0
0.677961151640507,-4.01408992336511,0.195854572189151,-39.6954447893164,77.9758403758304,-152.227381870146,6,MICT06,6_MICT06,MICT,251,111.0,183.0
4.70088551064822,6.1804423448814,1.51654519151479,-26.2343408595471,-109.242969606096,104.654830766899,16,MICT02,16_MICT02,MICT,115,145.0,207.5
-1.92666073249911,-4.54361395156034,0.809767671637969,1.29935168205362,70.8608673781531,-125.7519902854,16,MICT06,16_MICT06,MICT,296,145.0,207.5
0.826402248114163,-3.4030168984324,-0.332676039895099,-11.3946239805452,101.51256183673,-97.7828522976371,6,MICT02,6_MICT02,MICT,234,111.0,183.0
2.52654505221078,4.30905299751616,0.584196603689193,-7.57035492082054,-179.212127877809,79.9737283183652,6,MICT05,6_MICT05,MICT,133,111.0,183.0
-2.92031876086018,-4.52009857074572,1.39063342406738,-34.2127988271131,75.1878114753086,-108.201157300665,16,MICT01,16_MICT01,MICT,328,145.0,207.5
-0.507473322688747,-2.27652095531499,0.200600572411641,-9.10538281101804,65.9807553937198,-73.385251567874,6,MICT06,6_MICT06,MICT,313,111.0,183.0
-1.35183860260571,4.37595509220854,0.849001795781863,-133.304405371696,-114.287929920758,5.5329400546953,6,HIIT03,6_HIIT03,HIIT,48,111.0,183.0
-0.966420967018067,-3.05042173285282,0.471755115946307,21.366476308111,36.4953366609686,7.39070948969924,6,MICT05,6_MICT05,MICT,352,111.0,183.0
0.481320165220861,-5.94975935293413,0.212734508731717,-33.2630340262131,106.622468647254,-129.957084446144,6,HIIT01,6_HIIT01,HIIT,274,111.0,183.0
1.17133077685993,-3.30755973714563,-1.40747204579814,510.720838892548,91.1897482006563,477.767228363404,6,HIIT01,6_HIIT01,HIIT,200,111.0,183.0
7.52238318868107,2.71272059167625,-2.53131815819482,-245.026528092001,20.9560698410865,-218.06555519388,16,HIIT02,16_HIIT02,HIIT,168,145.0,207.5
3.19897510347561,1.04170475974925,-1.50435600554872,2.26738869288854,-73.9205790037298,65.3005029554802,16,MICT02,16_MICT02,MICT,176,145.0,207.5
0.0890845609332539,-5.531779780497,0.538515182274211,65.6845155765156,143.099966939816,-58.3442669519909,6,HIIT06,6_HIIT06,HIIT,265,111.0,183.0
0.27788920904272,-5.83109699862181,1.33426082604393,-40.4722014791888,96.7453623689635,-125.118180906129,6,HIIT01,6_HIIT01,HIIT,281,111.0,183.0
-4.05815148496765,7.153203958911,0.344057749403809,-59.9779764149982,-8.00605855176668,42.8859408543275,6,HIIT02,6_HIIT02,HIIT,19,111.0,183.0
7.00551644030967,10.2977143195375,1.55771897368947,-44.7076134753153,-114.382277995757,159.64087829055,16,HIIT06,16_HIIT06,HIIT,113,145.0,207.5
1.11333515903921,-4.24186375271857,-1.67746414619598,11.9065638708916,37.9966470243796,-71.2875249883327,16,MICT03,16_MICT03,MICT,222,145.0,207.5
4.20166352377953,7.08743265024142,0.710237091065804,-192.224515447804,-177.374536396619,-138.109861705239,6,HIIT01,6_HIIT01,HIIT,117,111.0,183.0
2.16666646448308,6.98086254396582,-0.374296440201344,-282.771349613179,-188.608030989058,-175.703067342546,6,HIIT01,6_HIIT01,HIIT,88,111.0,183.0
7.01938798677437,3.55541068066116,-2.66408019937656,-23.9584570037468,-82.8294547760292,91.5381932138296,16,HIIT05,16_HIIT05,HIIT,165,145.0,207.5
-1.67366873051924,-4.52203651028354,0.54992544168008,-3.70824926753228,77.2737032603607,-132.394526514844,16,MICT03,16_MICT03,MICT,290,145.0,207.5
-0.615490272251511,-3.8113120377768,0.621375404552923,-12.4685961958688,87.8022673671159,-90.2140117299758,6,HIIT02,6_HIIT02,HIIT,295,111.0,183.0
4.56330876678379,-3.17169075137721,-3.10353058814074,9.55847152367442,-12.4461357456544,-29.6330428631922,16,HIIT05,16_HIIT05,HIIT,198,145.0,207.5
5.06208250401544,4.6579254879053,-0.0606334732232195,-36.6543814914801,-130.11545909115,95.4393101262643,16,MICT03,16_MICT03,MICT,144,145.0,207.5
5.57784183874162,-2.31547732932362,-3.23512649299917,-52.8155018577489,48.0665514882044,-59.1814304866113,16,HIIT02,16_HIIT02,HIIT,192,145.0,207.5
-1.19951987011257,-9.83897665199176,0.21209512042486,20.6294029922862,56.5052948671995,-193.874283774072,16,HIIT03,16_HIIT03,HIIT,266,145.0,207.5
-2.52890416724618,-8.61556647125185,1.47140792700062,14.2502032625664,61.3969680249333,-184.19542480385,16,HIIT06,16_HIIT06,HIIT,288,145.0,207.5
-3.33787509307685,6.39866234236729,-0.612864891677834,-13.4024880790902,17.5330132167302,47.2612379199435,6,MICT04,6_MICT04,MICT,21,111.0,183.0
-0.140391244921872,-5.05468374209225,-0.730872169613585,0.263489817058378,72.7658600576503,-124.132003913584,16,MICT04,16_MICT04,MICT,247,145.0,207.5
4.72832927058213,10.4024240045298,1.24477881795296,-34.1984314431664,-93.6899231808972,152.768268729158,16,HIIT06,16_HIIT06,HIIT,99,145.0,207.5
-2.88376424657325,2.52201843923487,-0.730816704294953,-12.6270157866237,-10.0679845713755,61.9782261782499,6,MICT03,6_MICT03,MICT,30,111.0,183.0
-0.639529503462489,-2.88158532386432,0.76644153827897,-33.0691720203345,65.5782762872825,-109.460101196262,6,MICT03,6_MICT03,MICT,301,111.0,183.0
-3.33518680404074,1.94384980472004,-0.688965299453255,-14.0466704077866,-7.02853266790862,60.6945863989096,6,MICT03,6_MICT03,MICT,28,111.0,183.0
1.06653404582003,-4.45712343564769,-0.389941341387844,412.43734197266,170.285972877489,317.521656583646,6,HIIT06,6_HIIT06,HIIT,220,111.0,183.0
1.25027108436087,0.797616749400028,-1.01288147254997,32.2423082182523,-75.2663552391001,69.9946749897061,6,MICT05,6_MICT05,MICT,167,111.0,183.0
-1.0896288636042,5.71657870055419,0.86927845168283,-202.452424254329,-158.752572672388,-54.4606490693098,6,HIIT03,6_HIIT03,HIIT,58,111.0,183.0
1.21458936563826,-0.671597204319023,-1.43933279556161,32.2003760529338,-19.1442038392426,48.450565846744,6,MICT04,6_MICT04,MICT,180,111.0,183.0
-1.57311370384542,-3.01706107014801,0.625872088060791,-30.6981052845207,74.6068692206455,-126.579318380115,16,MICT01,16_MICT01,MICT,315,145.0,207.5
6.23031601808998,2.7659986099121,-2.60624174007115,-20.3148282178338,-62.1854222355378,79.4344091115058,16,HIIT06,16_HIIT06,HIIT,170,145.0,207.5
3.03430435512027,-0.0926620009822315,-1.836133574075,10.8790654032335,-48.8426524889619,42.9824628579285,16,MICT03,16_MICT03,MICT,184,145.0,207.5
-2.57952323443055,-6.74986179167654,1.18059103634826,14.3728035282216,64.5274910256441,-165.425781689638,16,HIIT03,16_HIIT03,HIIT,302,145.0,207.5
1.96861369598088,3.16383694965959,-0.0851536956624227,-12.6332195146524,-160.104731435984,66.6857914765528,6,MICT01,6_MICT01,MICT,146,111.0,183.0
41.885856778488,11.1530066119709,58.4333379273777,-712.850033972815,-206.104553862365,-9.66005037953266,16,HIIT01,16_HIIT01,HIIT,109,145.0,207.5
1.58237783618548,-7.78135461229432,-2.1520876279459,9.71748764925117,28.9731837807377,-143.749277249326,16,HIIT04,16_HIIT04,HIIT,229,145.0,207.5
0.40965173482509,-3.28572218451869,0.302387261674554,-26.1237781274023,70.321275157564,-128.451479326529,6,MICT01,6_MICT01,MICT,256,111.0,183.0
7.95262569678156,2.42181110316789,-2.58610980784506,-252.1849785076,3.79510295515456,-241.406973617589,16,HIIT01,16_HIIT01,HIIT,169,145.0,207.5
-0.501460076205556,-4.59479101191683,0.69374572986789,-24.4071306824773,86.9250262607381,-112.537545984808,6,HIIT02,6_HIIT02,HIIT,285,111.0,183.0
5.9983011098767,10.700161819123,1.02981369830007,-53.9451589243984,-108.286397174725,152.333235934716,16,HIIT05,16_HIIT05,HIIT,109,145.0,207.5
-2.35879618695121,-4.83573472565279,1.10432650577164,-1.43302024997988,77.0950435858259,-50.7544338276896,6,MICT03,6_MICT03,MICT,333,111.0,183.0
-0.488840085142501,5.19470308856947,0.189072115424827,13.6327123609922,-34.5235798947299,83.4333065662003,16,MICT03,16_MICT03,MICT,71,145.0,207.5
2.02713047253308,-6.73759455843638,-2.12931285922846,152.583674535286,57.183837377987,106.053914734857,16,HIIT01,16_HIIT01,HIIT,224,145.0,207.5
-1.63120219659809,-7.62002264453557,0.371012113730982,163.939248571579,128.514594051619,145.990743955211,16,HIIT02,16_HIIT02,HIIT,272,145.0,207.5
-0.827616433345426,-4.91461985168716,0.437092353742249,15.1456614812364,91.521974135525,-54.9011294454556,6,HIIT03,6_HIIT03,HIIT,317,111.0,183.0
0.938143932240381,-3.82086453478188,0.07552519842037,-24.5920212807445,97.2239772220205,-130.127234520863,6,MICT06,6_MICT06,MICT,240,111.0,183.0
2.46785235735391,4.48269968954949,0.605478124035627,-18.4832019508362,-149.144169408627,72.331378434194,6,MICT02,6_MICT02,MICT,121,111.0,183.0
-0.749402081705979,2.08949435335484,-0.59014115860163,-9.35620185177257,-16.3440127973416,40.8369765083644,6,MICT01,6_MICT01,MICT,51,111.0,183.0
-1.63884269404669,-4.84818208378812,0.460829819640083,-4.47951373609166,76.3202140826092,-137.139320389472,16,MICT03,16_MICT03,MICT,285,145.0,207.5
-2.23257328743792,6.15622589335955,-0.489797362847046,110.916523931706,142.249089091644,-38.0629097014731,16,HIIT02,16_HIIT02,HIIT,58,145.0,207.5
1.31950542183028,1.20047609060988,-0.89693556815162,25.9176414562935,-93.1373177211276,69.2032910917022,6,MICT05,6_MICT05,MICT,163,111.0,183.0
0.801901748052325,-3.77099676111515,-0.607424653551972,-8.87175159810397,109.964726445243,-110.719288882014,6,MICT05,6_MICT05,MICT,236,111.0,183.0
7.6799905055091,6.26616350002201,-1.31850651377094,-36.2816788636811,-100.601369132213,127.404787368029,16,HIIT06,16_HIIT06,HIIT,153,145.0,207.5
0.64085652837015,-3.46078574539405,0.250931802818438,-10.6349716598321,98.6765693249385,-114.261357015517,6,MICT02,6_MICT02,MICT,249,111.0,183.0
-5.08333957777381,-10.5864505836381,2.82432688325056,15.4124472933216,74.9882593729916,-97.003835637199,16,HIIT05,16_HIIT05,HIIT,334,145.0,207.5
-1.73200442783435,-3.81305447592212,0.705462150577222,-21.4987740123017,76.317005470654,-137.682223387739,16,MICT01,16_MICT01,MICT,297,145.0,207.5
3.73858413101861,5.81872087296831,-0.151785175451159,-204.292453930981,-180.651735623223,-158.169537227154,6,HIIT02,6_HIIT02,HIIT,121,111.0,183.0
4.91757489217716,5.98389469436864,1.23396376182923,-30.3543762475336,-120.722851473305,105.124045447873,16,MICT04,16_MICT04,MICT,121,145.0,207.5
-0.990156273242979,5.88628030330368,0.517967695304572,-244.889233903549,-157.014122559866,-85.745131499522,6,HIIT05,6_HIIT05,HIIT,61,111.0,183.0
-1.33977315415867,5.22064732531024,0.703064240648031,-156.272114824051,-106.730061590366,-0.175646056374035,6,HIIT04,6_HIIT04,HIIT,55,111.0,183.0
-0.508414188353686,2.38898374364306,-0.821688610308225,-2.68745479456672,-17.8883812069459,51.2792245736121,6,MICT06,6_MICT06,MICT,46,111.0,183.0
-3.39927159356888,6.85282535015695,-0.570180381929824,-12.411227563297,20.1154990242086,47.3807672278482,6,MICT04,6_MICT04,MICT,20,111.0,183.0
-2.35573930897242,-8.17332994245762,1.39966363248926,2.4344685142311,79.5259732666734,-42.2150873118398,6,MICT03,6_MICT03,MICT,336,111.0,183.0
3.50128040845151,10.3904778078398,1.41569843049279,-40.2621724147814,-84.1717269350737,139.767701733796,16,HIIT03,16_HIIT03,HIIT,94,145.0,207.5
-5.44419955377103,6.52749913663387,0.653105534019754,-46.1738392088407,-3.4578289130292,55.2003991199941,6,HIIT06,6_HIIT06,HIIT,18,111.0,183.0
-2.59724109785282,-6.70778383503613,0.668389408523992,23.4099356553393,85.4057231934713,-28.9956123978511,6,HIIT02,6_HIIT02,HIIT,334,111.0,183.0
1.78550173440623,-6.84834176833836,-1.99109377262398,161.588524809648,60.4370090165744,114.909974658127,16,HIIT01,16_HIIT01,HIIT,226,145.0,207.5
1.41442341849468,5.72113876035149,-1.74086647236333,-237.221147282946,-175.833877444046,-131.884382713555,6,HIIT02,6_HIIT02,HIIT,86,111.0,183.0
0.922917762533603,8.70549098514152,0.455167524079759,30.3876905546289,147.15610137257,10.4257732942159,16,HIIT02,16_HIIT02,HIIT,80,145.0,207.5
2.27254142601274,-8.0832384170286,-2.54898163078165,16.5553002498431,22.8860114576452,-124.276775350907,16,HIIT03,16_HIIT03,HIIT,224,145.0,207.5
0.101160495738049,5.50775362264727,0.289737053972481,8.96041375438093,-43.2904057005389,85.559532762718,16,MICT03,16_MICT03,MICT,76,145.0,207.5
-4.72100439509864,-14.5029422254115,2.78226081414178,15.8967291395214,77.8824913189375,-98.3391080595743,16,HIIT04,16_HIIT04,HIIT,336,145.0,207.5
1.59858018683638,2.12227132838249,-0.841177972043272,2.1037763359547,-137.107715620978,64.284800694784,6,MICT01,6_MICT01,MICT,160,111.0,183.0
-2.16560407403707,-7.20286872836905,0.873191752994532,146.717362217716,131.683215246475,136.735668675837,16,HIIT02,16_HIIT02,HIIT,281,145.0,207.5
-2.92076581133747,6.18816929734094,-0.633711745057702,-23.1437228089237,11.2988109958879,41.1730484126547,6,MICT06,6_MICT06,MICT,21,111.0,183.0
9.15149600181837,10.8028749542764,1.12381473592327,-57.1305144468059,-138.181730044622,165.275929564309,16,HIIT06,16_HIIT06,HIIT,126,145.0,207.5
-1.31237970149776,4.48386140076023,0.410512988329659,-142.327775084676,-96.7176372964132,6.86843636655202,6,HIIT04,6_HIIT04,HIIT,53,111.0,183.0
0.215004067953777,-7.69196801799184,0.337176631060013,24.1221800075124,36.934533638568,6.86312250566459,6,MICT04,6_MICT04,MICT,354,111.0,183.0
0.207706365646367,3.83401018659953,0.278982168756202,1.76337334838152,-55.836449300121,51.208546339473,6,MICT02,6_MICT02,MICT,73,111.0,183.0
-1.35723382811555,3.50478257327141,-0.117515787456838,21.8590061988979,-5.0836825632304,79.1376644229532,16,MICT01,16_MICT01,MICT,57,145.0,207.5
1.29457142476385,-3.4140137995571,-1.5551690389745,16.470089864292,26.7152994500342,-48.8338809630247,16,MICT05,16_MICT05,MICT,215,145.0,207.5
2.43227780792837,4.50483468882886,0.667211919047607,-9.57277889442388,-141.952561494553,81.4634323170852,6,MICT01,6_MICT01,MICT,124,111.0,183.0
-0.510984994254252,2.35636636548851,-0.191370858719305,20.1771325379741,29.559263115809,23.9717034384662,16,MICT05,16_MICT05,MICT,1,145.0,207.5
3.78873770429501,1.38400580656922,-1.56141785980739,-1.3262597522362,-80.9907901393609,67.0216187667718,16,MICT03,16_MICT03,MICT,172,145.0,207.5
2.75645012480716,0.53381477092529,-1.51710038768394,4.48981548954695,-61.2324759958196,53.3529208983609,16,MICT02,16_MICT02,MICT,180,145.0,207.5
3.00397556161809,0.480146324786585,-1.66502661684839,5.71017462392072,-56.3505062766977,54.5333497086635,16,MICT04,16_MICT04,MICT,180,145.0,207.5
3.44738841566451,-4.60200251293096,-2.59305026192025,69.2225687708071,41.0528332325413,29.754003378434,16,HIIT01,16_HIIT01,HIIT,210,145.0,207.5
-1.26707194246567,4.83243719061387,-0.0773289400424203,-149.569481844756,-125.378439425454,-17.3838255654345,6,HIIT01,6_HIIT01,HIIT,53,111.0,183.0
3.62667252908758,2.15066462650233,-1.01778434629338,-7.17404449469194,-96.1325833002966,81.9509176759267,16,MICT02,16_MICT02,MICT,166,145.0,207.5
1.00614972608696,-2.30413640672679,-1.22468567665956,15.6864316809054,74.1394535885864,-7.21149731376619,6,MICT06,6_MICT06,MICT,199,111.0,183.0
-4.75292501576212,-9.55447398347501,2.97110781434517,13.9320187655603,71.8727551862086,-127.744067009242,16,HIIT06,16_HIIT06,HIIT,325,145.0,207.5
3.52717629550157,0.225597992333321,-1.63327397776159,27.1672461782796,-63.6849302644482,52.7254182856266,16,MICT01,16_MICT01,MICT,184,145.0,207.5
6.00895912832715,11.4612670573596,1.51379961708941,-39.0084116542119,-104.624504002157,163.376540826185,16,HIIT06,16_HIIT06,HIIT,103,145.0,207.5
0.805306742504086,-2.84333857662558,-0.740321535974517,-0.426890693773458,101.705753853218,-64.6507382566474,6,MICT02,6_MICT02,MICT,224,111.0,183.0
0.704713644796818,-5.62226893252334,-0.622430236871778,104.372488828659,206.349807236468,-17.9687945418745,6,HIIT03,6_HIIT03,HIIT,239,111.0,183.0
1.76702343002829,-4.04942274874354,-1.16823867535314,517.767151845467,101.693854811276,420.648706714824,6,HIIT04,6_HIIT04,HIIT,210,111.0,183.0
7.2888582689933,5.48834793853223,-1.83501729513225,-30.1124593866374,-85.5190708106415,127.741492948092,16,HIIT04,16_HIIT04,HIIT,157,145.0,207.5
2.22432075639863,4.85252792902088,0.48146640599075,11.3734616765294,-92.8842706676813,83.1597485341944,6,MICT04,6_MICT04,MICT,99,111.0,183.0
-1.3345363698809,2.03696160392761,-0.541336861101256,-10.3670770011522,-19.4275824068103,52.1331890459201,6,MICT02,6_MICT02,MICT,41,111.0,183.0
-4.75471831185711,-13.9611032071237,3.27388052409953,64.2107261714998,88.0621933748358,100.923685598846,16,HIIT02,16_HIIT02,HIIT,336,145.0,207.5
-0.550265004264412,-4.5713402626254,-0.220149581777289,-5.56186056068031,76.2548174983505,-134.361013704073,16,MICT02,16_MICT02,MICT,256,145.0,207.5
-2.32187563192976,-5.43346098203383,3.88179255119405,93.9564642326959,-122.203016140771,-135.899965971599,16,HIIT01,16_HIIT01,HIIT,310,145.0,207.5
-2.80500498045613,-6.07184896600102,1.1955785532824,37.2668972553809,81.5605611429901,-13.1865729676264,6,MICT06,6_MICT06,MICT,339,111.0,183.0
4.23170237552339,7.49707274545484,0.280754528381166,-215.045404813938,-181.358767168846,-160.96739407611,6,HIIT03,6_HIIT03,HIIT,116,111.0,183.0
0.880815402440661,-4.86193981104324,-0.674549215252188,350.152932157032,189.688570241427,242.877962275942,6,HIIT06,6_HIIT06,HIIT,226,111.0,183.0
2.67176640895366,3.61080365337643,0.0377804675877335,-19.5822473605425,-180.427864548301,63.3384566935575,6,MICT03,6_MICT03,MICT,145,111.0,183.0
-8.3233963533212,-18.2526477254307,2.93221779122128,-36.4642694783107,7.33835777445537,39.2892977889353,6,HIIT02,6_HIIT02,HIIT,14,111.0,183.0
-2.14794906461257,-3.44872275827494,0.940515277479834,-5.2999695648405,76.6344761879948,-58.8030088665026,6,MICT03,6_MICT03,MICT,330,111.0,183.0
-2.88029621150286,3.99740961207657,-0.186665989536018,-129.241226983501,-70.1289859828533,20.6850957469074,6,HIIT05,6_HIIT05,HIIT,36,111.0,183.0
1.6911520168566,-7.87016431818229,-1.7890182672651,177.42153220448,83.1461113073103,142.7003126826,16,HIIT02,16_HIIT02,HIIT,234,145.0,207.5
8.18977463140027,9.13255029131967,0.338426152685012,-60.9950372697507,-122.281777659305,151.584882664674,16,HIIT03,16_HIIT03,HIIT,132,145.0,207.5
1.0939203805505,-4.66601625940497,-1.10651539974254,519.541069548444,205.067861352198,450.630850308097,6,HIIT03,6_HIIT03,HIIT,214,111.0,183.0
9.31397589034806,9.3927507786931,-0.113698155834729,-51.4963307292024,-131.215749842105,157.277856199187,16,HIIT06,16_HIIT06,HIIT,139,145.0,207.5
-0.670685568814317,2.91033712560597,-0.0442124753208201,1.63045956864836,17.2502744594158,28.6978515825985,6,HIIT05,6_HIIT05,HIIT,1,111.0,183.0
-3.57848996060086,3.85815736311106,-0.721282505420114,-16.4643333579543,1.85401797397233,56.7847162141153,6,MICT03,6_MICT03,MICT,23,111.0,183.0
5.19037693964044,3.80275243721666,-0.287600023331645,-18.0457480593926,-123.596408957298,95.5563981472951,16,MICT01,16_MICT01,MICT,147,145.0,207.5
3.81280147039228,6.45822513658163,0.696087040079518,-259.828348749818,-149.553141104491,-217.425977315925,6,HIIT06,6_HIIT06,HIIT,126,111.0,183.0
-0.830092466998067,-2.33452797005584,0.412188417755723,-30.3454513395742,65.9514206174982,-94.106416322134,6,MICT03,6_MICT03,MICT,315,111.0,183.0
1.6531694389895,2.16620255165057,-1.05043713589271,-22.3101185735614,-151.416263660623,44.2831295274372,6,MICT04,6_MICT04,MICT,155,111.0,183.0
-0.299015489218375,-3.49969365185784,0.521100510930764,-20.5859505141508,68.522993273617,-109.823264832586,6,MICT01,6_MICT01,MICT,285,111.0,183.0
-4.24727133215183,2.38580272585078,0.413533789653289,-97.1108498326511,-42.839495420506,35.6482275382741,6,HIIT02,6_HIIT02,HIIT,27,111.0,183.0
-0.895266075293633,4.56609830524623,-0.0301433285503446,15.9290689067046,-20.6594999422788,81.5697104178544,16,MICT01,16_MICT01,MICT,69,145.0,207.5
0.902281273083849,-8.4479039686061,-1.69950435159754,17.3375258811824,45.0348424340531,-161.495823735308,16,HIIT06,16_HIIT06,HIIT,239,145.0,207.5
3.77449912658463,3.10713385878889,-0.835532051159785,-224.847029798427,-129.530722459262,-208.483538064832,6,HIIT02,6_HIIT02,HIIT,148,111.0,183.0
0.300925736557972,-4.73062952454273,1.14859553673031,4.01261943018606,121.1232690944,-112.904938801262,6,HIIT02,6_HIIT02,HIIT,263,111.0,183.0
2.55483599742982,10.6071934688964,1.10797768955335,-21.1495186225517,-74.5209662844287,145.151233128599,16,HIIT04,16_HIIT04,HIIT,88,145.0,207.5
4.14358891734356,2.18250006266407,-1.40914903608013,-228.945024866971,-96.7402092027498,-207.631220279435,6,HIIT03,6_HIIT03,HIIT,157,111.0,183.0
2.92067195613384,-0.443802266538575,-1.903110658615,12.052434239346,-41.5026093521662,34.6134498976804,16,MICT03,16_MICT03,MICT,187,145.0,207.5
-0.690136575418762,-3.90302057931883,0.80997800438367,-19.325047071507,89.7364471871875,-80.1276444234181,6,HIIT06,6_HIIT06,HIIT,301,111.0,183.0
4.27729808863891,2.99924214428678,-0.929652264162518,-14.2509548254975,-112.189035257858,93.3091148602926,16,MICT02,16_MICT02,MICT,160,145.0,207.5
1.48187815145165,1.50255887697837,-1.08959685186646,26.4868711092394,-93.1391199453985,78.2104329231808,6,MICT02,6_MICT02,MICT,167,111.0,183.0
-0.613999798516369,-8.65162170007741,-0.423198791568459,192.754819515603,119.781547511191,163.162687949926,16,HIIT02,16_HIIT02,HIIT,258,145.0,207.5
-2.80798731075127,2.2365061654165,-0.569627614761447,-13.9725524558875,3.70242834393112,50.4123150840442,6,MICT04,6_MICT04,MICT,29,111.0,183.0
5.067301132036,4.90806625861233,-0.013093565973871,-41.2362347677357,-133.368744257447,95.0843035093162,16,MICT03,16_MICT03,MICT,141,145.0,207.5
-1.60179930178664,-3.3915970318227,0.801922259590478,-2.71450050304724,67.1066389529492,-114.688877988617,16,MICT06,16_MICT06,MICT,304,145.0,207.5
-2.68973493038683,-5.86443516128006,1.26335904754771,109.431693923707,135.266857291385,118.774629749948,16,HIIT02,16_HIIT02,HIIT,301,145.0,207.5
2.84231213870628,6.62632563688498,0.945496470334666,-2.58438045919664,-73.2558473347227,103.056638849268,16,MICT03,16_MICT03,MICT,96,145.0,207.5
0.884805396212944,-2.95630583487497,-0.43250180711595,-1.29156387176632,104.536527716894,-71.6333053673428,6,MICT02,6_MICT02,MICT,227,111.0,183.0
-0.550616737760604,2.35866364674888,-0.853381878303224,-4.25183113604236,-17.3982260192135,50.9700860872967,6,MICT06,6_MICT06,MICT,45,111.0,183.0
1.87521531622086,-3.81786458426086,-1.75082999542346,499.97759650962,85.0505960665646,410.759443714387,6,HIIT04,6_HIIT04,HIIT,208,111.0,183.0
-1.20933073701792,-5.49864749232667,0.409349526768855,-2.97725708262491,80.8227312310586,-146.870311066936,16,MICT05,16_MICT05,MICT,273,145.0,207.5
-3.02081979501293,-4.08265739286732,1.45043506741025,-32.8451512395309,72.2216059021125,-97.8761550424681,16,MICT01,16_MICT01,MICT,331,145.0,207.5
-13.8640360937047,-30.9969710221023,4.66641278977509,76.5223517670257,55.0965766076422,-53.1383710620952,16,HIIT01,16_HIIT01,HIIT,9,145.0,207.5
-3.13838012820187,5.32234686572349,-0.0267777587752759,8.57428905393191,7.73855474187323,109.358984258993,16,HIIT05,16_HIIT05,HIIT,47,145.0,207.5
-12.3775979809263,-27.8337269477915,2.46467284407847,33.5405255021197,43.4846441094553,49.2843688041152,16,MICT05,16_MICT05,MICT,13,145.0,207.5
-1.26083889351798,-2.99910696011646,0.58571819858044,-6.41141386923846,74.8423669763708,-118.158203687687,16,MICT04,16_MICT04,MICT,306,145.0,207.5
1.42727853643999,6.75349673567421,-1.22119562416839,-254.034442573417,-167.813050730577,-128.368579517414,6,HIIT04,6_HIIT04,HIIT,89,111.0,183.0
4.27981504475641,2.55704034258867,-1.15513543331286,-13.6325080893941,-103.97551209732,83.1556777883697,16,MICT03,16_MICT03,MICT,162,145.0,207.5
-1.97060685910579,-6.25683010728164,0.587027913947658,22.5191992236946,75.8523228215947,-27.5099491550078,6,MICT04,6_MICT04,MICT,334,111.0,183.0
-0.601194809233838,-3.68999259348449,0.368757184838613,-11.4667504265528,89.1985231721534,-66.6230931825758,6,HIIT06,6_HIIT06,HIIT,311,111.0,183.0
-6.82345535953858,-10.9953842048644,1.417972935569,-4.15807579352763,23.7599521749443,52.5910759085045,6,MICT03,6_MICT03,MICT,15,111.0,183.0
1.3454630622989,4.08525235778916,-0.120665926981221,-2.08506403330068,-74.5383816017277,59.5304907979032,6,MICT01,6_MICT01,MICT,92,111.0,183.0
4.52546613118903,4.49796117180687,-1.0576461642384,-307.919568554577,-127.13419489965,-256.341674624563,6,HIIT04,6_HIIT04,HIIT,136,111.0,183.0
-1.58730468811166,-3.26222398544812,0.694055217048094,-22.175812892122,72.5864540987723,-118.790825367252,16,MICT02,16_MICT02,MICT,317,145.0,207.5
-1.82441551131436,-3.84766461839883,0.790056820849261,-21.121516224424,72.7575492055247,-114.362096039306,16,MICT02,16_MICT02,MICT,320,145.0,207.5
-4.49606328669872,19.1894208877187,-0.454603717521318,28.5224653395765,54.5969900938397,5.64811136006274,6,MICT05,6_MICT05,MICT,347,111.0,183.0
3.12674681175714,-0.578934857457218,-1.94279376817971,11.2990205509327,-44.497708578249,29.4005100377231,16,MICT06,16_MICT06,MICT,187,145.0,207.5
-0.476698244623852,2.87182096251757,-0.606263062148494,5.3702560704494,-27.3456188819841,61.1416959896503,6,MICT05,6_MICT05,MICT,52,111.0,183.0
-9.95449195274935,-24.7327198011382,2.43436912384374,23.7927418238589,39.0954637369498,32.0425795097025,16,HIIT06,16_HIIT06,HIIT,8,145.0,207.5
4.55193578979606,7.64098160700664,0.64108677957364,-191.581422506618,-184.205716748509,-135.581262675814,6,HIIT01,6_HIIT01,HIIT,116,111.0,183.0
7.63686198920337,4.63296733582941,-2.14682296407087,-305.430404499885,-7.22032142409443,-263.379585489734,16,HIIT02,16_HIIT02,HIIT,159,145.0,207.5
-9.58528634063893,-25.6593326300351,3.68987657815938,-32.8720426584881,8.44156725321421,37.7367213382063,6,HIIT02,6_HIIT02,HIIT,13,111.0,183.0
1.07581007808805,-2.41473282507515,-0.622939282699906,15.5454365508634,94.1514922119217,-25.2650854240246,6,MICT02,6_MICT02,MICT,213,111.0,183.0
0.458103909024841,-5.90597649052294,0.705190008885639,-29.0936900185564,105.581474395512,-123.782394610534,6,HIIT01,6_HIIT01,HIIT,276,111.0,183.0
-0.724278615568959,4.38308156033604,0.637982870961252,-136.78833399903,-113.408789391806,-9.13665981776241,6,HIIT02,6_HIIT02,HIIT,57,111.0,183.0
1.10080558627474,-0.29167229984225,-1.27146340199945,46.1492135021243,-31.578562127685,78.8935017150227,6,MICT06,6_MICT06,MICT,174,111.0,183.0
-0.597086616921348,-4.91783360959594,-0.388505030600168,-6.28785186566505,79.530219806251,-141.364199148366,16,MICT02,16_MICT02,MICT,258,145.0,207.5
-3.21411043417551,-10.5961865396694,1.03007537909469,80.7701598720941,97.5709274174702,22.7760036884758,6,HIIT06,6_HIIT06,HIIT,338,111.0,183.0
-4.86598559604152,9.20739533630379,0.401648748464849,-51.1541737268819,-7.46401501048151,53.7653873346527,6,HIIT06,6_HIIT06,HIIT,19,111.0,183.0
1.84590698699398,-3.17957828637196,-1.96139734467224,619.431981387976,49.8883027791463,589.713253409619,6,HIIT03,6_HIIT03,HIIT,197,111.0,183.0
3.23690881979855,10.6860621845867,1.3825386991702,-24.270760530901,-79.887437782241,148.01360724676,16,HIIT04,16_HIIT04,HIIT,91,145.0,207.5
-1.80029822429149,-8.65099906920166,0.783289497221911,15.1061008246922,56.768453196863,-185.574349765862,16,HIIT06,16_HIIT06,HIIT,278,145.0,207.5
0.19203858521969,9.80832720807078,0.857407357156546,-25.7421436422247,-53.842296055105,131.044604259435,16,HIIT05,16_HIIT05,HIIT,78,145.0,207.5
-0.77930928154781,2.6443402465725,-0.449358786758348,-4.67319603852618,-22.4774939921389,41.2975056126229,6,MICT01,6_MICT01,MICT,58,111.0,183.0
-0.14794771404018,1.6430696107172,-0.0603756066023105,-10.5279336653126,14.964023406481,21.7436551756096,6,HIIT02,6_HIIT02,HIIT,0,111.0,183.0
-2.89791678460028,-10.8628327513814,0.996587821832664,68.4495713622413,94.7754388341272,12.2869226989521,6,HIIT06,6_HIIT06,HIIT,336,111.0,183.0
-0.751168997690932,2.27975674633845,-0.874011399333728,-2.16360353495969,-12.4331740226863,52.757201649369,6,MICT04,6_MICT04,MICT,44,111.0,183.0
-1.39872573326553,-8.61177492477599,0.368889683425598,8.41487744355825,56.2750812994947,-198.83198239483,16,HIIT04,16_HIIT04,HIIT,270,145.0,207.5
-2.02862423909828,-1.74137444936767,0.247053362576219,-4.76048243262639,13.0338749938653,22.1429152905775,6,MICT03,6_MICT03,MICT,6,111.0,183.0
-1.92844497437278,-7.46592962523752,0.647964282640081,25.7266476508998,76.9586041715208,-23.8386125317659,6,MICT04,6_MICT04,MICT,335,111.0,183.0
-0.343166453262792,-1.78297781153349,0.214184676396182,-40.750525888194,49.3736591972096,-100.272539443695,6,MICT01,6_MICT01,MICT,308,111.0,183.0
-3.31155198991088,3.10886435485885,0.192498233877957,-103.62372055982,-51.982843471263,31.3790682826262,6,HIIT02,6_HIIT02,HIIT,30,111.0,183.0
-0.608546288423132,-4.69020906246751,0.441576808531982,10.207858934834,90.9200399576788,-59.8723479624296,6,HIIT03,6_HIIT03,HIIT,315,111.0,183.0
2.84134057517821,-6.02798889773007,-2.44802217202432,121.643271647672,49.7263990045197,76.2545155455754,16,HIIT01,16_HIIT01,HIIT,218,145.0,207.5
-2.44540387318002,-7.4862937402548,1.17194079381725,15.4114869673196,58.7268166019212,-170.708652679635,16,HIIT03,16_HIIT03,HIIT,290,145.0,207.5
-2.74316526218048,-8.83193375845818,0.887472405204645,60.4468713668709,90.2836870676815,7.00779906315862,6,HIIT06,6_HIIT06,HIIT,335,111.0,183.0
7.83807436363506,10.1136246332705,0.93070573978838,-58.1243128163426,-122.061591644671,154.675345189678,16,HIIT05,16_HIIT05,HIIT,123,145.0,207.5
0.701092029169334,-4.14530316810689,-0.136733768480507,-18.0608494671854,100.554319578671,-131.732224923288,6,MICT03,6_MICT03,MICT,243,111.0,183.0
0.0595097239669135,-5.73059846577186,0.816545503812505,-11.115555234847,107.0592433807,-116.63912715794,6,HIIT05,6_HIIT05,HIIT,272,111.0,183.0
4.00418889900462,2.39043010527365,-1.27208267932319,-256.071096791382,-99.6151018450159,-232.196621338376,6,HIIT03,6_HIIT03,HIIT,154,111.0,183.0
1.65970365289195,-4.05755526765787,-0.855254776963537,510.707371111433,107.356392281561,411.671058201218,6,HIIT04,6_HIIT04,HIIT,211,111.0,183.0
0.909898238371531,-2.51191239322218,-0.435535300850728,24.8322691757168,93.524271838101,-24.9436700400368,6,MICT01,6_MICT01,MICT,217,111.0,183.0
-5.15565573131037,3.22207856416345,0.670991141085152,-86.2741324332688,-28.7898389849637,47.6568696019313,6,HIIT04,6_HIIT04,HIIT,27,111.0,183.0
0.191115890654791,-4.19596065904078,0.390259685129685,4.49604942202697,106.013600918574,-122.087847167914,6,MICT03,6_MICT03,MICT,265,111.0,183.0
-4.7237194276436,-15.2469512187634,2.81747913804019,17.1028429756672,79.3537938581014,-96.4561495314989,16,HIIT04,16_HIIT04,HIIT,337,145.0,207.5
-1.07539590146648,-5.30020992951097,0.439854761626909,20.8168300802815,92.2610985558093,-49.1115076081495,6,HIIT03,6_HIIT03,HIIT,319,111.0,183.0
-6.36174269365192,-9.95646286353194,1.38021437977392,-4.3110433657997,29.1570883822878,44.2046633155602,6,MICT04,6_MICT04,MICT,15,111.0,183.0
0.98205243400053,-4.08225329902294,-0.622867736415387,533.354157905131,157.507765747006,447.440064208165,6,HIIT05,6_HIIT05,HIIT,213,111.0,183.0
1.3661708449964,-3.93454896222888,-1.58237737792074,669.300875236449,101.653509669518,600.251238283558,6,HIIT05,6_HIIT05,HIIT,205,111.0,183.0
-0.619853395749762,8.65411304827792,0.411302801819625,-12.7905834211969,-41.5044877627451,125.146600626763,16,HIIT06,16_HIIT06,HIIT,70,145.0,207.5
-0.468859205575408,-4.85481173742948,0.749778588537545,-28.4867800564307,83.708768947785,-99.3939370607047,6,HIIT05,6_HIIT05,HIIT,289,111.0,183.0
2.89449019977023,4.97559602873866,1.30627300643523,-7.02365898380797,-145.648353812473,87.8815666121237,6,MICT04,6_MICT04,MICT,118,111.0,183.0
-2.87770970440124,-5.61571652985368,0.983062389538039,63.4222473212893,92.7995501362205,3.3797789895746,6,HIIT05,6_HIIT05,HIIT,332,111.0,183.0
0.0996943314575852,5.97708266976781,0.281298080580014,-0.156023901063225,-40.3352333511099,89.8571358382777,16,MICT06,16_MICT06,MICT,77,145.0,207.5
0.155951812394372,-3.94167306891594,-0.338698062248953,-33.1539257734652,76.0382908297879,-141.502782723013,6,MICT05,6_MICT05,MICT,265,111.0,183.0
-0.863591508106635,9.40203061370116,0.865844722586216,-18.7924100265064,-44.3495196409857,120.193869824465,16,HIIT03,16_HIIT03,HIIT,68,145.0,207.5
-0.287608947169138,-5.03222043101852,-0.525435239571736,9.68074805753321,75.637995537078,-123.817673849009,16,MICT03,16_MICT03,MICT,251,145.0,207.5
4.77196889719788,3.99803793071467,-0.361260543823843,-29.3836155607267,-131.038248790907,97.5770656757259,16,MICT02,16_MICT02,MICT,152,145.0,207.5
1.23818094113205,-2.60096120614497,-1.23056840012685,26.4729703420293,9.61947921204718,-34.7110143832143,16,MICT01,16_MICT01,MICT,214,145.0,207.5
-2.35606711628142,-5.71496390805806,0.746880579358769,30.1231953994414,92.766476415523,-26.0107706515369,6,HIIT06,6_HIIT06,HIIT,327,111.0,183.0
-1.13728120118258,-5.2200359798752,0.383445135481815,13.959816533585,72.7734134025973,-133.836575029863,16,MICT06,16_MICT06,MICT,270,145.0,207.5
5.11002289865362,5.23528281976572,0.152073682521854,-33.2075193859606,-133.179119389971,104.420382719295,16,MICT04,16_MICT04,MICT,136,145.0,207.5
-3.93481472626682,11.6027784162965,-19.6549385225313,-3945.77254047155,-2250.96571856519,-879.061317274117,16,HIIT01,16_HIIT01,HIIT,131,145.0,207.5
-1.32726806425447,2.34691023000431,-0.879491662719721,-13.000758496793,-26.027930289828,58.5251294946781,6,MICT03,6_MICT03,MICT,40,111.0,183.0
3.86925042431284,1.44254074365857,-1.6825234237326,-172.073611607043,-74.6000242799918,-161.782663984157,6,HIIT05,6_HIIT05,HIIT,159,111.0,183.0
3.0702639060709,-1.32708862540132,-2.35484464458757,285.313298860518,-55.9457580162387,279.959563844926,6,HIIT03,6_HIIT03,HIIT,180,111.0,183.0
0.251770974951188,-4.73239983146536,-1.10533241649632,1.30626548564153,62.7637261985659,-105.213513556386,16,MICT04,16_MICT04,MICT,236,145.0,207.5
3.91173943520997,1.64963756288865,-1.4891930564684,-152.526417755774,-72.8116218594874,-142.930506444513,6,HIIT06,6_HIIT06,HIIT,160,111.0,183.0
-0.218608822668855,-5.02469235613057,-0.552432375161142,10.6355761816292,74.5994141108553,-120.610523456412,16,MICT03,16_MICT03,MICT,249,145.0,207.5
5.37366000258655,-2.82539348055864,-3.17419428776161,-36.5950244369901,35.6330311770409,-64.7621975135012,16,HIIT01,16_HIIT01,HIIT,196,145.0,207.5
-1.15254483477589,5.31817838863101,0.946808008876781,-205.746237854169,-137.358926998602,-53.2296869314168,6,HIIT06,6_HIIT06,HIIT,57,111.0,183.0
-0.646722578392921,1.73940558559533,-0.0156782603734657,2.51784786222877,20.6825435362164,15.032737948369,6,MICT01,6_MICT01,MICT,1,111.0,183.0
1.00227561701791,-2.97480347621433,-1.20554513761857,23.9510822802416,19.9960934902775,-49.3805395331287,16,MICT01,16_MICT01,MICT,219,145.0,207.5
4.8726891327429,-3.76792778955245,-3.16329704457552,4.64029483295349,37.5273574622027,-29.4556366520486,16,HIIT01,16_HIIT01,HIIT,201,145.0,207.5
-1.94313281953295,3.95026030974187,-0.294517581291842,-124.336784895922,-102.769232523206,15.9766027965645,6,HIIT03,6_HIIT03,HIIT,44,111.0,183.0
-0.241093474401851,-4.02613567342308,0.383824429096188,-21.0517769576264,75.6915986763312,-117.549445725585,6,MICT06,6_MICT06,MICT,279,111.0,183.0
-0.376395552823982,-5.04509855743015,-0.413289394918679,8.65707892858411,77.6454880399232,-128.972981585332,16,MICT03,16_MICT03,MICT,255,145.0,207.5
0.0077188440538681,-4.69845247393863,-0.93165250443463,2.11552513083235,66.2652942621001,-106.826103562268,16,MICT02,16_MICT02,MICT,237,145.0,207.5
3.07701206902118,4.86430772596918,0.724421270865199,-25.9411903747673,-184.860980753773,71.7616984809078,6,MICT03,6_MICT03,MICT,131,111.0,183.0
5.32313031935935,-1.39198168651559,-3.25375515690415,4.09735978989953,-26.7813638923788,7.88628295407673,16,HIIT05,16_HIIT05,HIIT,189,145.0,207.5
-1.89720881939917,2.99960658047904,-0.35960649059962,15.3221740775545,6.22146074252477,76.2299095064271,16,MICT06,16_MICT06,MICT,46,145.0,207.5
7.36480861066218,10.5765167718232,1.15974226852079,-51.9089282576536,-123.428335559033,162.261342884375,16,HIIT04,16_HIIT04,HIIT,118,145.0,207.5
1.04487345930367,-2.10917591788926,-1.26105886740633,19.4663286641774,63.7056107493669,3.55319867367603,6,MICT06,6_MICT06,MICT,196,111.0,183.0
-2.81111170313819,-6.68956629488667,1.409858199658,13.6725191037303,66.2494536703852,-156.723502610269,16,HIIT03,16_HIIT03,HIIT,309,145.0,207.5
-0.223943974812251,-4.00070016055387,0.425597662199652,-6.99382933520334,86.3872202201404,-77.8430436681524,6,HIIT03,6_HIIT03,HIIT,305,111.0,183.0
-7.52611997841818,-6.35188402134496,0.518816168863357,40.3647981426889,46.2195524697503,59.9177594260267,16,MICT03,16_MICT03,MICT,16,145.0,207.5
-1.21268111420715,4.34880104765707,-0.371988826559751,-143.932472917168,-119.179987862175,-15.2711508848897,6,HIIT01,6_HIIT01,HIIT,52,111.0,183.0
5.50271395271613,-1.44295875430444,-2.93382279635318,-91.1400488831551,30.0788565123929,-109.03696046445,16,HIIT01,16_HIIT01,HIIT,189,145.0,207.5
-0.182630767945401,-3.25372057774602,-0.199028799970849,-25.5570065293876,66.4864072070305,-124.368154910653,6,MICT01,6_MICT01,MICT,273,111.0,183.0
0.910990144466987,-4.05742088128566,-0.115958473415981,-13.4467230383054,104.434095620733,-120.74336614126,6,MICT03,6_MICT03,MICT,238,111.0,183.0
-1.95593279833609,2.84434919842112,-0.71971156534167,-14.1208034559686,-2.77503411355307,50.8724403285822,6,MICT04,6_MICT04,MICT,33,111.0,183.0
1.03683582710668,-3.3685176953602,-0.439708168170786,-8.96822534473374,107.967633276642,-80.2813539034732,6,MICT06,6_MICT06,MICT,220,111.0,183.0
0.0082626786454037,-3.88653684370638,0.761365139895843,-9.34587688028213,80.1666381965949,-108.587790792343,6,MICT04,6_MICT04,MICT,275,111.0,183.0
4.42694532160281,7.22186105258425,0.0738511325959477,-230.168544934884,-180.508636765553,-177.31733226276,6,HIIT03,6_HIIT03,HIIT,119,111.0,183.0
-0.183159095610148,5.43111312333926,0.207085593894697,1.45589384244953,-35.4202277987136,85.5574645392742,16,MICT06,16_MICT06,MICT,75,145.0,207.5
-1.48817776279245,-5.48909523078497,0.733108298409957,-6.25521631382158,79.1139680049311,-146.108750869191,16,MICT05,16_MICT05,MICT,278,145.0,207.5
0.602544663443214,-4.18541826414583,-0.0201705696774764,-20.8300428317152,96.3495985823735,-139.658985793924,6,MICT03,6_MICT03,MICT,248,111.0,183.0
4.56994399358427,-1.80553536977351,-3.17565502861214,-3.65389818162906,-15.939625125445,-2.62585319174627,16,HIIT06,16_HIIT06,HIIT,191,145.0,207.5
2.57240279059267,5.2039455525367,-3.11322098886872,-228.135197459043,-162.603264332733,-148.65652284042,6,HIIT05,6_HIIT05,HIIT,94,111.0,183.0
5.35563189854224,5.66695691857362,0.847931459599277,-40.2611175972075,-134.612332174244,104.478101641719,16,MICT02,16_MICT02,MICT,133,145.0,207.5
4.63302584401951,-3.00185356119207,-3.11005516069577,9.02286684413121,-14.0560483670972,-25.5070362994467,16,HIIT05,16_HIIT05,HIIT,197,145.0,207.5
-3.95599546688558,7.24560771749162,-0.474474927728796,32.7895196105019,36.3940352132765,61.9590749931278,16,MICT04,16_MICT04,MICT,20,145.0,207.5
0.440821190078931,-4.71080045346931,-0.389322057270538,193.633162413532,222.66252033826,82.9340076590809,6,HIIT02,6_HIIT02,HIIT,234,111.0,183.0
3.42252399702824,10.3459453075838,0.971727258937914,-30.661197700473,-83.8911408590815,146.036982118747,16,HIIT06,16_HIIT06,HIIT,92,145.0,207.5
1.14726629996066,0.181730922830784,-1.14681873822373,47.0073025438266,-36.5465759600884,71.5818985292731,6,MICT01,6_MICT01,MICT,180,111.0,183.0
0.238350303397532,-5.97862493524513,0.229522792849305,-41.8236284266965,102.948682632109,-149.698590423087,6,HIIT03,6_HIIT03,HIIT,273,111.0,183.0
3.46733339799814,6.67668086629017,0.630123537116369,-125.220874816082,-173.309021484568,-79.0498055446462,6,HIIT02,6_HIIT02,HIIT,112,111.0,183.0
1.87048308062286,-2.97581653527716,-1.92695934128654,17.6556161914344,11.3618574688827,-30.2416731316475,16,MICT05,16_MICT05,MICT,208,145.0,207.5
0.862695838603146,-4.54472473199512,0.92509267777386,235.304018940038,234.966671939711,129.921009663588,6,HIIT03,6_HIIT03,HIIT,230,111.0,183.0
-4.92688375227903,3.23540982320607,1.18737899129179,-90.3013033903831,-37.9997328892923,38.9287803487329,6,HIIT06,6_HIIT06,HIIT,26,111.0,183.0
-1.55033976464838,-4.77472465409865,0.409391748355611,-8.60507867595745,75.7056242162687,-135.693702364401,16,MICT04,16_MICT04,MICT,287,145.0,207.5
-1.3103188285891,1.15796795414249,0.144390349129298,-0.74462587625511,15.8121749917288,14.3214718203206,6,MICT01,6_MICT01,MICT,5,111.0,183.0
-7.50916489922827,-20.3254937404807,1.47409482743859,19.859922348682,24.5095854552895,27.4377872916151,16,MICT02,16_MICT02,MICT,9,145.0,207.5
-7.43057777047406,-5.04438454325379,1.72804466741867,-36.4937196507402,3.08437505214528,55.5778724653422,6,HIIT06,6_HIIT06,HIIT,16,111.0,183.0
1.62482199625638,4.93832148464247,-0.0609144516186725,4.05441916088381,-94.2643533259946,74.5466248084763,6,MICT05,6_MICT05,MICT,91,111.0,183.0
1.40580567527592,9.49360070931831,0.733871525452129,-18.5499526123968,-65.7692671326691,132.195570351841,16,HIIT04,16_HIIT04,HIIT,83,145.0,207.5
2.78184319404598,10.6340163758303,1.2023417507895,-21.942014006313,-76.0537484087077,146.23599640214,16,HIIT04,16_HIIT04,HIIT,89,145.0,207.5
-4.9837353866279,-7.05332103918785,2.57413766967383,8.13342347113196,72.3322861359912,-117.118474478993,16,HIIT04,16_HIIT04,HIIT,329,145.0,207.5
2.69003296707508,4.7038286345999,1.21081935625882,-3.88751594158079,-137.146627752467,87.0876447518626,6,MICT04,6_MICT04,MICT,117,111.0,183.0
3.22853194249919,5.37697680645022,0.403552871498035,-8.61834040538294,-75.1257788564094,98.1128453689994,16,MICT01,16_MICT01,MICT,105,145.0,207.5
-1.97764780351932,2.87506967789701,-0.542117491440333,39.0320975867554,0.330741505951693,85.2197911282554,16,MICT02,16_MICT02,MICT,42,145.0,207.5
0.829570890938264,6.31537966451215,-1.66190660123289,-324.216559251243,-176.425189616862,-199.104130060566,6,HIIT06,6_HIIT06,HIIT,82,111.0,183.0
-1.87374663702817,6.74802855402804,-0.346464112274967,100.690319709908,142.483993457558,-31.1738252967264,16,HIIT02,16_HIIT02,HIIT,62,145.0,207.5
5.00259175247652,4.33883145173563,-1.37238952490293,-303.894768974055,-122.808859771206,-257.520975624317,6,HIIT04,6_HIIT04,HIIT,139,111.0,183.0
-2.85662751618297,-6.20459476809237,1.53812645223189,163.104163188004,-103.954299218261,-118.892036271071,16,HIIT01,16_HIIT01,HIIT,306,145.0,207.5
1.326152522208,-3.76359532757071,-1.62601007394069,20.2239448177679,26.609701179254,-52.4547233045773,16,MICT06,16_MICT06,MICT,217,145.0,207.5
2.56757523350338,-7.67335373945257,-2.71252256683895,15.0387010327257,19.0208366514488,-115.159987547813,16,HIIT03,16_HIIT03,HIIT,221,145.0,207.5
2.59714472629827,-0.105284176384549,-1.76798383257048,7.72397588166867,-47.2002409240833,39.2552867871951,16,MICT02,16_MICT02,MICT,186,145.0,207.5
-1.46938982834428,3.86782100212805,-0.105759255818687,22.2588938638278,-6.49133655480416,82.2004262767519,16,MICT01,16_MICT01,MICT,58,145.0,207.5
4.09772959528559,5.81873591018101,0.0854991428412254,-278.4454008901,-143.855667335863,-237.033858984605,6,HIIT06,6_HIIT06,HIIT,129,111.0,183.0
2.19842284415329,-0.866999332889309,-1.82087122723217,9.55995708181011,-30.8797875277874,21.8645567212482,16,MICT02,16_MICT02,MICT,192,145.0,207.5
-1.67695773956302,-3.32890452050955,0.830780814528134,-14.7634312028488,73.0188515127127,-114.665438372007,16,MICT03,16_MICT03,MICT,317,145.0,207.5
-1.16822074176047,-8.93001857687496,0.391889709798848,20.6936005531928,60.2404364882556,-186.597888221763,16,HIIT05,16_HIIT05,HIIT,269,145.0,207.5
4.38584978561587,6.26424515306993,2.04703172102462,-17.9946146803822,-101.604104562939,103.811501147252,16,MICT04,16_MICT04,MICT,110,145.0,207.5
3.7558644379202,0.443440685677257,-1.83791945747066,-24.2494450423437,-68.0113720490272,-24.7379975453641,6,HIIT06,6_HIIT06,HIIT,168,111.0,183.0
-3.20905014108002,-5.04367139719962,1.65929324822164,-21.2004745614836,72.4267866027746,-92.2069551300112,16,MICT02,16_MICT02,MICT,332,145.0,207.5
-0.494894093618727,2.55443939460069,-0.648109755040145,3.32265457368199,-25.152829693136,59.099722878753,6,MICT05,6_MICT05,MICT,50,111.0,183.0
-4.33739923116611,-7.69513514772534,2.50929542740263,75.0679635902782,-109.407763913198,-135.715138168107,16,HIIT01,16_HIIT01,HIIT,322,145.0,207.5
4.22970615631197,6.26685216500518,1.69257236486596,-27.2705200993457,-94.0741995636568,102.779015086189,16,MICT06,16_MICT06,MICT,111,145.0,207.5
-0.534495992379612,-2.45247707644054,0.592224428785239,-20.989195703064,62.6515666267517,-82.0105488870886,6,MICT04,6_MICT04,MICT,302,111.0,183.0
-3.27549431633709,-6.98231599483303,1.65561234235956,-22.1213913767752,72.049931066941,-87.6808263101337,16,MICT02,16_MICT02,MICT,334,145.0,207.5
-1.38942567492703,3.15295716714344,-0.3181643133225,28.284111654235,-5.80630470927365,82.4520291300612,16,MICT03,16_MICT03,MICT,50,145.0,207.5
-0.408340507817648,-5.05400671540004,-0.338285686264073,8.42297548193574,78.0452173276619,-130.06832142501,16,MICT03,16_MICT03,MICT,256,145.0,207.5
-0.799863123064417,-5.2849692632053,-0.0003514919037127,16.4605383187103,73.1818444230556,-132.008803760258,16,MICT06,16_MICT06,MICT,264,145.0,207.5
-1.32251329236119,3.29981794215718,-0.278723975480338,27.2397825722131,-7.89373352965449,81.8166305095,16,MICT03,16_MICT03,MICT,52,145.0,207.5
1.55241201859025,-1.9070959549919,-1.21168569407049,473.90844300829,12.0198528438766,445.153187163304,6,HIIT02,6_HIIT02,HIIT,190,111.0,183.0
1.68351377308966,0.80983462725673,-1.25736579613554,41.9916641465481,-77.2899560576997,80.2956815098762,6,MICT03,6_MICT03,MICT,169,111.0,183.0
1.11433315630619,-8.29754933629568,-1.47838879037515,186.766322620132,90.4015047437553,151.722106675596,16,HIIT02,16_HIIT02,HIIT,239,145.0,207.5
-1.10560620610834,3.55353248744353,-0.219165236759093,23.1134227988426,-14.1079779928652,79.0136491965633,16,MICT04,16_MICT04,MICT,56,145.0,207.5
4.83405904433983,6.59049288208868,1.33060207498873,-29.867469363631,-114.233930025182,104.09113128475,16,MICT05,16_MICT05,MICT,115,145.0,207.5
-1.53292367440769,3.81856620223833,0.240540940067367,-121.039595731679,-103.157160181232,12.1706417192705,6,HIIT03,6_HIIT03,HIIT,46,111.0,183.0
-4.35444074689991,11.7715476524122,0.0927248148922757,40.2381666350826,75.4683555834479,-0.239462157343155,6,MICT04,6_MICT04,MICT,343,111.0,183.0
-0.403193618506025,-1.85018842707157,0.349001525286755,-32.3652495062549,55.4417632285636,-92.1251233409879,6,MICT02,6_MICT02,MICT,314,111.0,183.0
-0.0997068845065605,-5.79283170057756,0.452708825315914,-25.9593440106903,96.8084003293377,-99.3173921329536,6,HIIT01,6_HIIT01,HIIT,291,111.0,183.0
5.28987621784683,6.55371946972246,1.42909381623901,-38.8217878386664,-126.900179108578,102.215354147285,16,MICT05,16_MICT05,MICT,121,145.0,207.5
-2.04275657618799,-8.19399784970197,0.630867482403706,164.368111871524,136.746166109256,149.136415263715,16,HIIT02,16_HIIT02,HIIT,276,145.0,207.5
2.92827838973108,0.0132069314084937,-1.69977626883089,81.569602894342,-60.882480460765,95.4524720683366,6,HIIT01,6_HIIT01,HIIT,172,111.0,183.0
8.40325522184249,11.0272312102769,1.24792748587565,-66.6677803806123,-129.369489888403,160.034806795941,16,HIIT03,16_HIIT03,HIIT,122,145.0,207.5
-1.66997147775131,-3.92500051381331,0.519942676278993,-19.7033118479947,73.4289195669589,-135.952586460652,16,MICT01,16_MICT01,MICT,293,145.0,207.5
-1.48945322538472,5.38407909667871,0.423911682581059,2.95256249139688,6.63373635182925,28.4097980550868,6,HIIT01,6_HIIT01,HIIT,4,111.0,183.0
3.43584161984271,5.36468019705269,0.40990692688221,-9.33880097111621,-77.5503605665894,99.1229383002447,16,MICT01,16_MICT01,MICT,107,145.0,207.5
-4.77969114685402,6.26035321346043,0.832769271284985,-71.7745647129373,-24.789967148495,45.6672889411234,6,HIIT06,6_HIIT06,HIIT,23,111.0,183.0
-0.543832212030046,-2.28811101146073,0.297000420048965,-31.0188618527432,66.728866085128,-82.4112393972761,6,MICT05,6_MICT05,MICT,314,111.0,183.0
3.19244469464284,5.30761386222408,0.812881118768722,-15.5733191078641,-163.470142629163,86.0241286295319,6,MICT03,6_MICT03,MICT,121,111.0,183.0
2.67966431600664,-3.24731398215903,-1.80104797808952,483.238244075232,18.8570967937015,412.072360737276,6,HIIT04,6_HIIT04,HIIT,198,111.0,183.0
-0.130878596031215,-4.20824477732944,-0.752795755522243,6.91407267590849,55.4147444627259,-108.528623767709,16,MICT01,16_MICT01,MICT,242,145.0,207.5
4.98412386829206,5.96986450993936,1.15225757747166,-50.8335505436752,-133.344918465449,94.5840840434832,16,MICT03,16_MICT03,MICT,126,145.0,207.5
-6.43689909995134,-0.141310813307637,0.288252615530891,30.3197918496341,52.0904076713412,55.1050163439508,16,MICT06,16_MICT06,MICT,17,145.0,207.5
-3.58279337277671,5.77200940750587,-0.0561925946187402,9.76143542020155,9.82498756755382,114.201196916669,16,HIIT05,16_HIIT05,HIIT,46,145.0,207.5
-0.393950977242421,-2.49857761025959,0.49332109550323,-47.1367246310245,46.6510485614381,-112.521114458294,6,MICT01,6_MICT01,MICT,301,111.0,183.0
-1.20657936852663,-5.63024274567622,0.475202734969273,31.1924701893066,90.0511145900502,-30.6102551408238,6,HIIT05,6_HIIT05,HIIT,322,111.0,183.0
-4.64969791126081,23.9468191469599,0.903735643735327,-16.0296324541477,50.9565366980078,-47.7301729011404,16,MICT06,16_MICT06,MICT,346,145.0,207.5
-1.16025610805368,4.30342892216778,-0.0701229619651303,17.4033808760272,-16.377791580237,80.7041130584097,16,MICT01,16_MICT01,MICT,66,145.0,207.5
3.02648971106501,5.63319679228796,0.765285069913455,-12.8347386743156,-144.035971827498,83.6434767697937,6,MICT03,6_MICT03,MICT,111,111.0,183.0
0.988732094765587,-3.69410215031335,-0.57297172742807,3.62859458870801,112.503355203308,-79.9233391648357,6,MICT03,6_MICT03,MICT,225,111.0,183.0
4.07849323052448,2.97908166066125,-1.06228624454556,-285.559948666077,-106.916486169791,-258.371294143326,6,HIIT03,6_HIIT03,HIIT,151,111.0,183.0
3.21738630956083,6.30115502900541,1.11560284718338,-160.739792025809,-172.836868972014,-114.395923648908,6,HIIT02,6_HIIT02,HIIT,116,111.0,183.0
0.39149609282198,-5.7794806370284,-1.04254896509564,201.464672445191,170.120374604003,58.1768804286623,6,HIIT04,6_HIIT04,HIIT,242,111.0,183.0
-34.0182360283098,9.18113684724697,-69.972701619273,-1972.16302509525,-1102.2228124124,-637.345347842544,16,HIIT02,16_HIIT02,HIIT,132,145.0,207.5
-1.73534059041897,-3.46353859302492,0.810237319109769,-20.7382575989011,74.3092822667521,-114.866622838227,16,MICT05,16_MICT05,MICT,316,145.0,207.5
-0.701274620794492,4.28325638788455,0.731739752237773,-131.445415755615,-109.567111197672,-4.70727582636396,6,HIIT02,6_HIIT02,HIIT,56,111.0,183.0
1.69701037760248,5.20539432274384,-0.403861775441869,-2.44518471579144,-96.8850018085671,70.7290724721013,6,MICT04,6_MICT04,MICT,93,111.0,183.0
0.47302077057325,-4.82552319913538,1.50972208111006,72.4944990517261,147.735181743692,-51.1486133886256,6,HIIT06,6_HIIT06,HIIT,254,111.0,183.0
0.203603725272838,7.49358963007206,-1.12130683340261,-316.948822273852,-211.054604372215,-179.980183094486,6,HIIT03,6_HIIT03,HIIT,78,111.0,183.0
5.03793172985766,3.0580109110101,-1.50371610732946,-235.328183525666,-94.5538915484391,-211.396907968967,6,HIIT04,6_HIIT04,HIIT,150,111.0,183.0
-2.96697082677845,-5.93879350237541,0.69619982424444,-7.355793545373,12.8510956154834,16.9004515059475,6,MICT06,6_MICT06,MICT,7,111.0,183.0
-0.952275549594723,6.00224083017441,0.908745290441127,-248.879773167881,-157.144353827294,-91.8603995868689,6,HIIT06,6_HIIT06,HIIT,62,111.0,183.0
-4.75740554129919,3.34529972890964,0.710300747262581,-88.5033424226177,-29.6688325236334,35.0358836635047,6,HIIT05,6_HIIT05,HIIT,25,111.0,183.0
-2.1568998141905,3.62565365289321,-0.407876263327943,-129.908534161487,-80.5524712928435,17.1276827555672,6,HIIT05,6_HIIT05,HIIT,41,111.0,183.0
4.47869222474084,6.25484499357397,0.621299089278436,-292.690742978948,-158.570117672894,-243.900746033878,6,HIIT01,6_HIIT01,HIIT,136,111.0,183.0
-0.891948408245669,6.56763486283499,0.551160280506999,-271.055895596088,-168.018981441342,-115.812844475722,6,HIIT06,6_HIIT06,HIIT,66,111.0,183.0
-3.65068025207696,-8.14808653654292,2.3454890108867,7.99344775501934,68.4947312240149,-125.366129051961,16,HIIT05,16_HIIT05,HIIT,323,145.0,207.5
3.51418012133415,1.09169213821092,-1.58402646619048,-135.915529787376,-70.0639403447592,-128.937643369441,6,HIIT05,6_HIIT05,HIIT,161,111.0,183.0
0.263797356713149,-5.42714367150797,-1.03190838627104,23.7663604988421,64.0974273017216,-103.638122025522,16,MICT06,16_MICT06,MICT,239,145.0,207.5
-3.76309572479349,19.0380633641649,0.694419250011762,-17.7100561873549,42.4029030912611,-40.4046691898695,16,MICT03,16_MICT03,MICT,348,145.0,207.5
5.10860227931374,3.92828916768118,-0.442730022487483,-34.0350043856096,-123.369402965494,86.2379864771803,16,MICT06,16_MICT06,MICT,151,145.0,207.5
-0.479707189228773,-4.86574220642712,0.817335027691131,-25.5836158761703,85.0806524164371,-93.2478464536142,6,HIIT05,6_HIIT05,HIIT,294,111.0,183.0
-8.10726289585031,2.61867831521575,0.191506671405238,31.6244303754807,50.6152750801717,93.0432630482261,16,HIIT05,16_HIIT05,HIIT,26,145.0,207.5
-0.616072071841913,-5.54450837141517,0.0660161572679128,8.00593109681095,84.815519859572,-138.106573795389,16,MICT05,16_MICT05,MICT,260,145.0,207.5
-5.25064545985672,5.30304885058527,-0.146104959373076,17.8503222665411,26.9435907522074,109.038231414673,16,HIIT05,16_HIIT05,HIIT,37,145.0,207.5
-4.74842480785804,10.7694379410554,1.79204178281666,-61.4671635068804,-29.1328276692309,40.3522060176962,6,HIIT01,6_HIIT01,HIIT,20,111.0,183.0
-1.88259854075304,-4.5912951942487,0.415937826351108,4.2394026725353,83.6987638409781,-51.4000520551648,6,HIIT02,6_HIIT02,HIIT,327,111.0,183.0
-0.355123994271532,5.35592267939984,0.210941119586117,10.4932144345905,-37.4448048168027,84.0924391686621,16,MICT05,16_MICT05,MICT,73,145.0,207.5
2.84167036886442,5.08030666013898,1.31149309932138,4.23780168735026,-148.191026236224,100.664596977818,6,MICT06,6_MICT06,MICT,115,111.0,183.0
-1.65120340879814,-4.79135896380898,0.451507923641521,-4.35337715359209,76.5147120523588,-136.246870332619,16,MICT03,16_MICT03,MICT,286,145.0,207.5
0.996927876817167,3.89923239831833,-0.133083619955642,-6.08806727910649,-68.0107731186513,51.9485529339081,6,MICT01,6_MICT01,MICT,86,111.0,183.0
-3.4782178564649,-7.45174119028606,2.27727059722721,8.0960633441843,67.7600823684406,-129.047255064325,16,HIIT05,16_HIIT05,HIIT,321,145.0,207.5
7.66593732676448,6.22425222185142,-1.43773233770606,-33.9696292714939,-94.0699382176414,136.626747106164,16,HIIT04,16_HIIT04,HIIT,153,145.0,207.5
0.97353125450372,-4.34373980904867,-0.925016531509931,485.993268507149,202.567577966606,417.392451317927,6,HIIT03,6_HIIT03,HIIT,215,111.0,183.0
1.27270120594374,4.52259014693535,-0.235015261256489,-5.10118831235666,-89.2694036495455,60.7063261555844,6,MICT02,6_MICT02,MICT,92,111.0,183.0
-2.06674507587704,-4.65535085330675,0.914927326695838,12.0267520337319,75.5339297308919,-31.1837621977453,6,MICT05,6_MICT05,MICT,333,111.0,183.0
1.31139588046882,0.641499730251338,-1.0686042323043,40.6582008315251,-52.3346244285608,78.6141682615376,6,MICT02,6_MICT02,MICT,175,111.0,183.0
1.58664395105714,5.07600024109954,-0.360799219396427,7.04839692637575,-97.2436595532833,77.1358690162165,6,MICT06,6_MICT06,MICT,92,111.0,183.0
1.71914133824905,2.27203326702339,-0.562561346645084,11.4171842834791,-135.263476560823,69.5968859464402,6,MICT05,6_MICT05,MICT,155,111.0,183.0
2.69365193732307,4.29337777208476,0.588378763603539,-8.44076009729583,-160.874470035185,81.997472133089,6,MICT02,6_MICT02,MICT,134,111.0,183.0
3.59080552437863,6.92274807079825,1.20335696566767,-234.088266891324,-153.23957354205,-192.574072656856,6,HIIT06,6_HIIT06,HIIT,124,111.0,183.0
-3.86690998944565,4.59836914508997,-0.818307622054127,138.96726631508,146.242834792576,-57.4715940169856,16,HIIT02,16_HIIT02,HIIT,44,145.0,207.5
-0.439511552569618,4.87113748632,-0.0548990288833254,18.2010501986208,-32.1130752311199,83.0478911258368,16,MICT04,16_MICT04,MICT,69,145.0,207.5
-1.16981272021096,-4.57396941834975,0.507537027399796,-3.9960910501703,74.7422917496092,-138.62964549477,16,MICT01,16_MICT01,MICT,267,145.0,207.5
1.90215555760807,1.60671787783709,-1.05400625851873,29.5309849286174,-109.72898526224,81.3532208834857,6,MICT03,6_MICT03,MICT,162,111.0,183.0
1.1315493511345,-1.38079084411545,-1.24715537121202,30.7168606404864,18.7321233824102,27.4770718413643,6,MICT04,6_MICT04,MICT,189,111.0,183.0
-3.79380260362865,-8.09392626540753,1.0798462505956,57.4058681968084,98.5767859409036,5.21248053449016,6,HIIT04,6_HIIT04,HIIT,339,111.0,183.0
0.316991481071126,-4.02817069590202,-1.22174474828366,2.68099797735564,51.2584223716084,-86.7596181983483,16,MICT02,16_MICT02,MICT,229,145.0,207.5
-4.05056075414114,4.33013983639235,-0.159146224283095,-9.53623845091092,25.2524067769413,47.4734382406094,6,MICT04,6_MICT04,MICT,18,111.0,183.0
3.64551817504898,3.49151791473182,-0.766766613949326,-246.293148723828,-141.538282278975,-222.87009039034,6,HIIT02,6_HIIT02,HIIT,142,111.0,183.0
0.0388973328746544,7.49218485621926,-1.13798569061352,-317.76768473922,-212.226686262183,-177.391863252239,6,HIIT03,6_HIIT03,HIIT,77,111.0,183.0
6.34263330744028,10.7839704193154,1.9930014841662,-43.162712746529,-108.899286328127,159.668493540334,16,HIIT04,16_HIIT04,HIIT,108,145.0,207.5
-3.00421074278314,4.51043015382774,-0.514151969633512,132.051931580874,129.915106547287,-62.3758860146234,16,HIIT01,16_HIIT01,HIIT,48,145.0,207.5
10.5640056546227,13.4106599866932,7.02271744702527,-3809.13133459402,-2082.3001926969,-761.678759925913,16,HIIT02,16_HIIT02,HIIT,112,145.0,207.5
-0.748387837351591,3.99359156674334,-0.28081577726928,14.6677150617836,28.7774655717022,18.4995172675639,16,MICT06,16_MICT06,MICT,3,145.0,207.5
1.44311472444274,-6.30345156920662,-1.68573939273865,162.036162530649,60.9668109864154,117.374247241793,16,HIIT01,16_HIIT01,HIIT,228,145.0,207.5
-2.01268369770818,2.64644584678775,-0.643509071620839,-13.6539603933483,-1.1181781058045,49.2965602768903,6,MICT04,6_MICT04,MICT,32,111.0,183.0
-0.917242348037823,-6.34437021942311,0.604041575735306,-0.301448347166774,64.379952676396,-47.4252131524607,6,MICT01,6_MICT01,MICT,335,111.0,183.0
-2.13222029903181,4.57072012961511,0.0744543774404182,15.5685324272134,35.156783866193,-4.99803018459648,6,MICT02,6_MICT02,MICT,350,111.0,183.0
3.65745082696155,6.90433391679511,-2.55996652263057,-175.054066265264,-175.335288257479,-107.991350861184,6,HIIT01,6_HIIT01,HIIT,98,111.0,183.0
0.0513469990392227,-5.54989493027371,0.398687264242945,122.518344356027,147.392426211557,-16.9201041881092,6,HIIT04,6_HIIT04,HIIT,259,111.0,183.0
-2.48431120931345,-6.18678079174643,1.42990416320288,10.4303099334013,59.5087950100911,-146.263714357376,16,HIIT06,16_HIIT06,HIIT,311,145.0,207.5
-0.442718013892695,-2.0809276516235,0.350634936542432,-33.2872330961455,63.1762713344668,-84.8071482417321,6,MICT05,6_MICT05,MICT,310,111.0,183.0
-2.38388604402727,-6.03086932017148,1.11792293030421,13.6789913390312,62.0826211098195,-155.027535047356,16,HIIT03,16_HIIT03,HIIT,304,145.0,207.5
-3.99269399027531,5.56954618836302,-0.385735755846219,19.7929251964539,10.670480995665,113.637531278318,16,HIIT04,16_HIIT04,HIIT,43,145.0,207.5
-3.33400778204332,-6.13395961414449,0.765471749151236,69.2959812762226,97.5913773042336,0.736894022026051,6,HIIT03,6_HIIT03,HIIT,332,111.0,183.0
8.06312180729582,9.72558976727792,0.552618423118185,-58.1567213222575,-124.396266698305,153.573724247181,16,HIIT05,16_HIIT05,HIIT,127,145.0,207.5
-2.47080976026229,2.9687918018182,-0.564124842464927,29.6884047274461,6.78597480250225,81.3956024882354,16,MICT04,16_MICT04,MICT,37,145.0,207.5
4.58764255120721,6.21990505802908,1.60339653075058,-22.2216821077807,-104.505474049495,105.046949484858,16,MICT02,16_MICT02,MICT,113,145.0,207.5
1.12615661434931,-8.4258637319415,-1.73460746349879,20.0383749245029,35.1537378697023,-148.526193586566,16,HIIT03,16_HIIT03,HIIT,236,145.0,207.5
0.831160452017016,-4.2597506852274,-1.51145003200476,13.0744084160092,47.1858726704973,-79.006123588716,16,MICT03,16_MICT03,MICT,227,145.0,207.5
3.1505067358984,-6.86513670880219,-2.9732859863768,12.2089848530447,11.7625330404829,-94.850151523424,16,HIIT03,16_HIIT03,HIIT,215,145.0,207.5
-0.55976951282961,3.32302852609271,-0.346173869429121,2.26946046847157,-29.8794366813103,47.1318553318326,6,MICT01,6_MICT01,MICT,66,111.0,183.0
-2.23909820408527,-5.81537313707798,1.02191607601761,31.5804689252574,78.5084623369497,-26.9586729280325,6,MICT06,6_MICT06,MICT,334,111.0,183.0
4.82592413306622,-1.18931802565925,-3.20372446303066,-5.65119777240415,-22.1917602572144,9.77410421867835,16,HIIT06,16_HIIT06,HIIT,188,145.0,207.5
0.668133631353984,-3.68350579161037,0.403331386854543,-19.4423090239994,92.2868599815846,-128.006556552168,6,MICT02,6_MICT02,MICT,252,111.0,183.0
0.787625046367738,-11.1228390539043,0.164360861371305,31.8717663431336,46.7187637516815,9.1734511145876,6,HIIT02,6_HIIT02,HIIT,355,111.0,183.0
5.7875748421394,1.27016244361229,-2.96618782347896,-14.0478556489907,-45.7096785617217,64.5363273971257,16,HIIT04,16_HIIT04,HIIT,176,145.0,207.5
-2.22446119969235,-4.74480129189855,0.924546853043111,30.2201472289236,78.2769780431895,-29.7027638944528,6,MICT06,6_MICT06,MICT,333,111.0,183.0
-2.17709448184014,-8.08607110020276,0.78236496403318,160.325981684367,137.305188287515,146.928865828766,16,HIIT02,16_HIIT02,HIIT,278,145.0,207.5
0.647901999410767,-3.50246955134252,-0.52998898325552,-12.2696177716109,102.313703687654,-106.27398975414,6,MICT02,6_MICT02,MICT,239,111.0,183.0
-2.64427379757034,2.81138463750726,-0.405510975263627,28.4093493047443,12.2667905167986,80.3227557977081,16,MICT05,16_MICT05,MICT,37,145.0,207.5
-0.218847948131519,-8.8296713570675,-0.369437088983114,16.2854461585821,57.327796141693,-189.506424419676,16,HIIT04,16_HIIT04,HIIT,255,145.0,207.5
2.56573259232784,6.93997065005279,-2.62919082676837,-270.256241119881,-193.73856459554,-180.109691548213,6,HIIT03,6_HIIT03,HIIT,94,111.0,183.0
-2.40316216356922,-6.39886776102646,1.5436545093695,3.7498021287686,61.1223005210911,-168.449051915807,16,HIIT04,16_HIIT04,HIIT,300,145.0,207.5
0.917155653506312,-3.75682234849885,-0.257477116122289,-17.9327710925221,105.694288211569,-112.144938172001,6,MICT06,6_MICT06,MICT,232,111.0,183.0
5.22169795046885,4.76549587554098,0.373772955755175,-33.1147372057709,-124.656552270506,96.7670225945601,16,MICT01,16_MICT01,MICT,133,145.0,207.5
0.52948301606996,-4.47925785578325,-1.371373353894,1.28494290294286,54.3135615370761,-93.1026948112712,16,MICT04,16_MICT04,MICT,230,145.0,207.5
0.868111268914651,-4.27793694174011,-1.46603971395218,375.614822694088,195.011308645129,300.726895840414,6,HIIT02,6_HIIT02,HIIT,216,111.0,183.0
-1.3047935925296,4.35584842733435,0.984901075078196,-167.476345084705,-112.201995733174,-15.1567286474448,6,HIIT06,6_HIIT06,HIIT,49,111.0,183.0
5.05285717455719,5.00495417489128,0.540257369864194,-30.670378735554,-117.345824160507,98.4760582558501,16,MICT01,16_MICT01,MICT,128,145.0,207.5
-1.9280172796559,2.67226982653443,-0.727298039250435,-13.4092810850082,-19.2271275913252,60.949878506553,6,MICT03,6_MICT03,MICT,35,111.0,183.0
1.38749554546354,10.2186650633031,1.3430487351503,-32.6017072466236,-65.8435597160301,135.903167727526,16,HIIT05,16_HIIT05,HIIT,84,145.0,207.5
8.79313588549871,4.6752082884525,-1.13961933844118,-302.767078336306,-25.6346073779466,-278.369161610686,16,HIIT01,16_HIIT01,HIIT,159,145.0,207.5
-5.01086877297876,4.07813698574361,-0.572568739183505,149.672910676029,138.114827485873,-74.6866108424997,16,HIIT01,16_HIIT01,HIIT,39,145.0,207.5
-4.09425028260506,1.54582762408175,1.35630074716626,-20.8694019599589,74.9584804988672,-71.5135624218426,16,MICT02,16_MICT02,MICT,341,145.0,207.5
8.94480398616266,9.23887570781002,-0.419791463632246,-58.5349228866771,-121.988745992428,156.183826950105,16,HIIT03,16_HIIT03,HIIT,138,145.0,207.5
-0.394340056219838,-1.97582112375284,0.396349961407,-33.975738200246,57.1242791958876,-96.7619066498265,6,MICT02,6_MICT02,MICT,312,111.0,183.0
-0.322839041948468,3.53437561767716,-0.371751679575448,6.42681294104606,-37.2209300063016,58.9006047125083,6,MICT05,6_MICT05,MICT,60,111.0,183.0
3.62710204854349,1.46552932081166,-1.54211754679065,-179.913939252357,-72.9395651602634,-168.512022848388,6,HIIT05,6_HIIT05,HIIT,158,111.0,183.0
0.792537022768497,-3.55781564990512,-0.0456967863830994,-0.404229865159647,97.3125711723616,-95.6274323864875,6,MICT04,6_MICT04,MICT,235,111.0,183.0
0.578150323919919,-5.82347167924797,-1.46957256294649,185.200330732751,161.501306982843,48.6579230222634,6,HIIT04,6_HIIT04,HIIT,239,111.0,183.0
-2.6540760204493,2.73629147650046,-0.736159853705533,-12.2743113927525,-11.7393781332286,62.2502073586093,6,MICT03,6_MICT03,MICT,31,111.0,183.0
0.998445962287975,-3.93712846032835,0.419304484612488,-30.5172273819646,87.5556546819993,-138.872132829145,6,MICT05,6_MICT05,MICT,244,111.0,183.0
1.18576264184201,4.54408689931857,0.252963282639703,-8.62312799459147,-84.0902212818833,53.3750227806354,6,MICT02,6_MICT02,MICT,85,111.0,183.0
-2.40209898090839,-6.06514480972157,1.39196554310655,10.0904650517329,58.7883621983957,-149.3311892208,16,HIIT06,16_HIIT06,HIIT,309,145.0,207.5
-0.712263510256835,-5.16422502196366,1.69256973123144,-8.71505424542474,100.677847141546,-93.1364493962826,6,HIIT06,6_HIIT06,HIIT,286,111.0,183.0
1.49232373800991,5.13740369828977,0.0110203038104463,-3.23523017783601,-92.5146868315979,66.4126728942267,6,MICT05,6_MICT05,MICT,85,111.0,183.0
1.32810230474758,0.216925180828629,-1.24281643696462,20.8723243565922,-60.9980479568519,53.2874576178425,6,MICT04,6_MICT04,MICT,172,111.0,183.0
-1.20293663204306,-3.26657251640044,0.49786900298739,-21.8332071312469,69.1373008629601,-82.4055260591762,6,MICT03,6_MICT03,MICT,321,111.0,183.0
-1.62042908291614,2.79151338605819,-0.561063458556383,-9.25195601188087,-14.4167449771703,60.2440670475455,6,MICT05,6_MICT05,MICT,35,111.0,183.0
0.505115589760217,-4.66054837631852,-0.302020579173811,245.074981724707,193.117865452639,159.442265016476,6,HIIT01,6_HIIT01,HIIT,223,111.0,183.0
-5.22475101298095,-6.8266495181841,2.64790044419667,14.1550606179427,73.6413937100557,-104.835140634913,16,HIIT05,16_HIIT05,HIIT,331,145.0,207.5
7.55673733533918,4.69865814586508,-2.34770800774941,-28.1372213202164,-82.3998615176604,107.377551163871,16,HIIT06,16_HIIT06,HIIT,163,145.0,207.5
2.07217007668347,7.27297109046619,-1.74031555370213,-304.290863993142,-203.073792758938,-198.84358177747,6,HIIT03,6_HIIT03,HIIT,90,111.0,183.0
2.42262954162415,4.10485630705376,0.622808368332797,-7.08815070992511,-172.97685136946,78.3666677923591,6,MICT05,6_MICT05,MICT,132,111.0,183.0
8.40691170590628,9.41789830950293,0.68443400887644,-54.0442569327146,-132.016458683786,156.078945334816,16,HIIT06,16_HIIT06,HIIT,130,145.0,207.5
2.46623792529453,6.02555075635186,-0.574035361662375,-141.382157637137,-158.179727303297,-79.3844910597316,6,HIIT02,6_HIIT02,HIIT,97,111.0,183.0
2.01842929504355,-7.68967404925299,-1.96319138841636,167.364097420863,77.724363454261,133.313834708357,16,HIIT02,16_HIIT02,HIIT,230,145.0,207.5
8.55345945605773,5.75873231964899,-0.596793849070863,-310.560558680562,-15.8659696274132,-274.977877439265,16,HIIT02,16_HIIT02,HIIT,154,145.0,207.5
0.147704453557856,3.62153089321085,0.0365658883133669,-2.15814220802822,-44.9436818744686,46.7945821590179,6,MICT01,6_MICT01,MICT,73,111.0,183.0
11.2941693705045,12.9645354791412,6.61600461645326,-3839.35620385105,-2080.41699338915,-644.662871121654,16,HIIT01,16_HIIT01,HIIT,116,145.0,207.5
3.7588005139717,1.03829096954064,-1.72786862380441,-125.050503608058,-72.0128757808072,-119.29334630653,6,HIIT05,6_HIIT05,HIIT,162,111.0,183.0
2.32499546825344,-3.13330911940694,-1.82008679731122,520.635005193662,13.3471291320769,476.50265826536,6,HIIT06,6_HIIT06,HIIT,196,111.0,183.0
0.767476114223008,-5.66884700501663,1.00495500570972,4.58774104694956,132.026911022237,-111.789030780616,6,HIIT01,6_HIIT01,HIIT,263,111.0,183.0
1.15087566820165,-1.00775818493328,-1.29082042433909,33.4219603355914,-0.0586605091434937,41.0498789290517,6,MICT04,6_MICT04,MICT,184,111.0,183.0
4.56697850636164,6.03523315297485,1.0900965311035,-30.8166832916529,-116.951805050231,101.273338448771,16,MICT04,16_MICT04,MICT,115,145.0,207.5
1.79305382001821,5.95655791371488,0.503317726195418,-6.82937738189843,-58.9057351657392,95.274341514292,16,MICT06,16_MICT06,MICT,90,145.0,207.5
-5.47919302949149,21.7043004376477,1.30282153783955,-18.6733934968778,64.2949386386716,-60.2368002268212,16,MICT06,16_MICT06,MICT,344,145.0,207.5
-0.822193946509803,-3.93253902574889,0.441561240201837,-4.66036424973893,90.2005123552103,-59.8358216720183,6,HIIT06,6_HIIT06,HIIT,315,111.0,183.0
3.24100898104987,0.212095593579091,-1.72445672864038,12.5802623105393,-58.978860705067,49.323187089296,16,MICT05,16_MICT05,MICT,181,145.0,207.5
2.38768678152768,5.79738146132585,-2.41029726219781,-250.452154729893,-161.390885557061,-167.861159410764,6,HIIT06,6_HIIT06,HIIT,93,111.0,183.0
-0.742913594840335,-2.69749903755407,0.354886006595047,-19.8300625062037,68.4846321264307,-68.8222117400519,6,MICT05,6_MICT05,MICT,320,111.0,183.0
-3.19386599064439,2.68531547311604,0.0031175112088142,-19.3495547278859,9.9337916464996,37.4448459688678,6,MICT01,6_MICT01,MICT,23,111.0,183.0
0.475455953925572,-8.51914393515309,-1.10235003729129,194.255570693963,102.300949611635,160.415139889907,16,HIIT02,16_HIIT02,HIIT,246,145.0,207.5
-0.458009522072861,-1.97829095956515,0.48557846447093,-18.3500551789529,62.9652935859563,-72.9860877955173,6,MICT04,6_MICT04,MICT,312,111.0,183.0
1.08560794630781,-0.486603127649599,-1.2856827061415,45.3539772165186,-21.3441394284763,73.8418202213932,6,MICT06,6_MICT06,MICT,176,111.0,183.0
-3.79411465233736,-8.1055006153955,1.21559411601395,-7.37115210536552,12.2810547845048,26.6068508972786,6,HIIT04,6_HIIT04,HIIT,7,111.0,183.0
-1.56820077517004,-3.33724228498392,0.704578942454519,-22.4842539327353,72.9936298843687,-131.914953137572,16,MICT01,16_MICT01,MICT,299,145.0,207.5
0.89321793319334,-4.73211494547286,-0.688336411567321,458.655134302005,224.635319062644,379.864057622887,6,HIIT03,6_HIIT03,HIIT,218,111.0,183.0
2.13526309073006,5.64940874234849,-1.76096093674946,-155.50230271562,-159.851172589731,-83.2649662374466,6,HIIT02,6_HIIT02,HIIT,93,111.0,183.0
-2.93278835733277,-4.53354458404225,1.5824183634068,-19.2294981536657,73.615479872609,-98.5284257444079,16,MICT02,16_MICT02,MICT,329,145.0,207.5
-4.08456084432196,5.6849863462118,-0.370487635050641,24.9060877237563,36.2166204005088,63.7694989961167,16,MICT01,16_MICT01,MICT,21,145.0,207.5
-0.242730146485215,3.59146872293152,0.0890842340156661,13.9793168725218,-38.8428297555497,56.8157096847656,6,MICT02,6_MICT02,MICT,68,111.0,183.0
-5.30454611395558,3.27419507443193,0.680966365580459,-82.5462541706855,-25.2183762848233,48.111477607253,6,HIIT04,6_HIIT04,HIIT,26,111.0,183.0
-11.2099647694608,-30.0164375803736,4.53522963077548,-11.4916871472303,18.9036613980104,52.8515606771607,6,HIIT04,6_HIIT04,HIIT,13,111.0,183.0
0.460213170703172,-3.25809361583746,-0.126757297531489,2.57015595103708,100.132695307084,-91.7389511010631,6,MICT01,6_MICT01,MICT,243,111.0,183.0
-3.47889988583224,-4.80355168070644,1.70403601785434,-10.7130063239564,70.9713522829945,-87.027636599254,16,MICT04,16_MICT04,MICT,332,145.0,207.5
-1.91969617660015,-6.72407747624785,1.11774282311529,13.744849172732,59.2668394932763,-163.420985587969,16,HIIT06,16_HIIT06,HIIT,297,145.0,207.5
-0.468807637618868,-3.25398829431244,1.02661550483741,-29.6656989511258,77.5074702748216,-94.6154222131265,6,HIIT02,6_HIIT02,HIIT,302,111.0,183.0
3.63526976306446,0.137363511617657,-1.86372524325801,11.3989427846498,-66.7776191266545,8.49722829159126,6,HIIT06,6_HIIT06,HIIT,170,111.0,183.0
0.8735913387733,-4.54774040877836,1.40242522604773,177.402141135117,221.090090816667,67.6116148485868,6,HIIT03,6_HIIT03,HIIT,233,111.0,183.0
1.10285862190097,-0.645349394791351,-1.26694317387194,34.795223701009,-10.3923266188271,48.7087938878423,6,MICT05,6_MICT05,MICT,180,111.0,183.0
-1.64698388361792,8.40040778608829,0.614005239596426,-13.5383089155159,-33.2096770119016,115.25175810425,16,HIIT03,16_HIIT03,HIIT,62,145.0,207.5
-3.51304295957074,4.3881667020714,-0.173404202750707,2.53117288026105,11.1384262452117,54.4820332423642,6,MICT02,6_MICT02,MICT,22,111.0,183.0
8.31780548520877,6.28957991828659,-2.06690225085237,-39.8794178820356,-95.8012105113228,132.207873435902,16,HIIT03,16_HIIT03,HIIT,154,145.0,207.5
1.055917356991,-1.86387303642795,-1.29998670665648,26.5766834468196,50.022551615761,20.0974021226701,6,MICT06,6_MICT06,MICT,192,111.0,183.0
0.843167842026557,-3.22694473960598,-0.443933280258289,454.115633588745,140.269297449052,397.429408931035,6,HIIT02,6_HIIT02,HIIT,208,111.0,183.0
-0.351896062544582,-5.11145140861904,-0.528433621087418,0.806514245332786,77.3497526102116,-130.686922665952,16,MICT04,16_MICT04,MICT,253,145.0,207.5
-0.550585459513436,2.4681976364458,-0.69206582936741,1.05106604576744,-24.1668842667354,58.9120667599356,6,MICT05,6_MICT05,MICT,48,111.0,183.0
1.54601183094533,1.69071033844263,-1.2060398759104,-2.28820291186957,-123.472396935694,55.1573278784971,6,MICT04,6_MICT04,MICT,159,111.0,183.0
3.32630114804044,-0.127223697131285,-1.85211421818076,7.93506513055457,-55.229705596046,38.8998645320011,16,MICT06,16_MICT06,MICT,183,145.0,207.5
0.304770023331191,4.5940512174309,0.0774231049199197,1.23507842901296,-58.4794378220144,59.6990903791042,6,MICT05,6_MICT05,MICT,69,111.0,183.0
1.01754381099497,7.13797373014483,-1.68923935291335,-276.623978853721,-176.516882451726,-132.970370452317,6,HIIT04,6_HIIT04,HIIT,85,111.0,183.0
-5.28987002371264,-7.74100408175393,2.5977985158083,18.5649587015425,73.9109440214715,-114.669772466604,16,HIIT03,16_HIIT03,HIIT,328,145.0,207.5
2.88505531833526,-0.56383950023615,-1.91568521514607,12.6024572387499,-38.8230994459215,32.0150727710912,16,MICT03,16_MICT03,MICT,188,145.0,207.5
-9.22566301258862,-24.0078038625971,2.63107491672373,9.48327867982713,27.7526610304935,27.6165482648975,16,MICT01,16_MICT01,MICT,10,145.0,207.5
0.457772846197535,4.67974918681261,0.561174482432362,-1.5252745086336,-62.5012233451907,59.6753349877919,6,MICT03,6_MICT03,MICT,70,111.0,183.0
7.91360794133949,10.0366782741474,0.839960201556743,-58.3547096791397,-123.001508469375,154.397133808925,16,HIIT05,16_HIIT05,HIIT,124,145.0,207.5
7.35582819979611,5.17244931631157,-2.19412952532167,-34.1408885156886,-84.5769292778009,119.870431734873,16,HIIT03,16_HIIT03,HIIT,157,145.0,207.5
2.71880267660722,-2.20325291441322,-2.29664039289842,336.750973778313,-44.875260578192,309.750169913105,6,HIIT05,6_HIIT05,HIIT,184,111.0,183.0
-0.678894726048083,-3.81189619838524,0.761327790651941,-18.0178288779197,87.2553374392775,-78.9041513954225,6,HIIT06,6_HIIT06,HIIT,299,111.0,183.0
0.802371774213931,6.31158555212798,-1.47273220284103,-262.211269393232,-186.486849111323,-135.775771194356,6,HIIT02,6_HIIT02,HIIT,81,111.0,183.0
8.27843637809197,9.50390585187976,0.509078182292477,-52.2398061262124,-126.308145023839,162.130541526472,16,HIIT04,16_HIIT04,HIIT,131,145.0,207.5
0.654919734460386,4.79804039764229,0.0630831172303165,-15.0870714048573,-73.3090092099656,47.6011202789735,6,MICT04,6_MICT04,MICT,74,111.0,183.0
0.548492042076199,7.45770408349348,-1.21593597637751,-315.678173255811,-209.106876994823,-185.015922143508,6,HIIT03,6_HIIT03,HIIT,80,111.0,183.0
-0.609206416969509,-2.35144093298773,0.278988578042614,-28.1516972799169,67.9472578382122,-79.0926056700571,6,MICT05,6_MICT05,MICT,316,111.0,183.0
4.70354332475666,3.79731632764339,-0.53736506402212,-21.6459118725492,-122.141833074757,96.2528280548942,16,MICT04,16_MICT04,MICT,153,145.0,207.5
11.8518425734396,8.15223078637584,5.93798580041837,-329.694282436891,-65.7073257107605,-280.695678925226,16,HIIT02,16_HIIT02,HIIT,142,145.0,207.5
-4.49143856306311,13.1609121773879,0.286122993294505,36.3567850421432,75.5565395304471,-4.12122350494167,6,MICT06,6_MICT06,MICT,343,111.0,183.0
-3.55927216647015,-8.15465928692417,1.7661076152073,-28.680065646701,72.4228510192166,-84.6395056638138,16,MICT05,16_MICT05,MICT,335,145.0,207.5
2.46310813410933,5.26890044952183,0.771073497039826,-2.17646001193003,-123.748148777315,85.3709035321723,6,MICT04,6_MICT04,MICT,108,111.0,183.0
1.13006301697015,-2.50592773319116,-1.10832728857553,33.0004189864243,80.8053929175803,-3.86156191689224,6,MICT03,6_MICT03,MICT,204,111.0,183.0
0.653010628679175,-3.66424940103236,-1.11239120986486,21.7482190863648,32.9279357725787,-67.9015598024993,16,MICT01,16_MICT01,MICT,225,145.0,207.5
-1.26852366414771,-3.04347563103107,0.568365993090292,-6.09122652039216,75.1162966572054,-118.701773063016,16,MICT04,16_MICT04,MICT,305,145.0,207.5
2.34826122311267,4.96032017716667,0.806104141439953,-2.30813116525398,-118.101557069659,81.6391217680473,6,MICT04,6_MICT04,MICT,107,111.0,183.0
29.2481438605851,13.6271945862946,35.8586626786959,-3381.39588400958,-1793.73127383205,-535.062643613511,16,HIIT01,16_HIIT01,HIIT,114,145.0,207.5
0.260818593576023,-4.15283206124275,-0.238887677713369,-28.7793824325509,87.264786564449,-150.4448996188,6,MICT03,6_MICT03,MICT,256,111.0,183.0
8.33455163835109,8.97059766880247,0.105490603214194,-47.973677228394,-120.122372459113,159.674171088791,16,HIIT04,16_HIIT04,HIIT,136,145.0,207.5
-1.6691948506963,2.91440738930987,-0.406424661323832,32.5853893819284,1.10416706742936,84.852786846223,16,MICT03,16_MICT03,MICT,44,145.0,207.5
2.82523669147903,5.80110968048379,0.471705313797221,-4.41340139160721,-68.7006790309277,99.5046165871676,16,MICT01,16_MICT01,MICT,99,145.0,207.5
-0.583310200097077,3.65053688684989,-0.485055927275841,4.57215540259525,-38.0149994271734,59.6574848792812,6,MICT03,6_MICT03,MICT,58,111.0,183.0
-0.914293713720937,6.02843065659335,0.621357106472384,-250.015711992938,-160.334010944968,-91.0219937381542,6,HIIT05,6_HIIT05,HIIT,62,111.0,183.0
-10.1568063321681,30.7057018515325,1.57576072140231,69.8379390328765,-46.0076986807545,-119.513700566024,16,HIIT01,16_HIIT01,HIIT,344,145.0,207.5
-5.40741202794239,9.59587535597443,0.429725108652691,-63.8873756830152,-17.811746701721,40.8253821151278,6,HIIT03,6_HIIT03,HIIT,19,111.0,183.0
-0.0878387427800077,-3.45095473732276,0.2165498053041,-27.4589999945216,69.0984075858001,-124.847454261185,6,MICT02,6_MICT02,MICT,277,111.0,183.0
7.09788186237756,11.556740758218,1.83576582597766,-58.0975894244204,-114.037661546455,158.669278984163,16,HIIT03,16_HIIT03,HIIT,111,145.0,207.5
1.09550573003062,-0.393366808376709,-1.27878305780127,45.8414571202866,-26.3935903595452,76.482158037747,6,MICT06,6_MICT06,MICT,175,111.0,183.0
-4.89602756641762,1.45363535606432,-0.0970529551101191,29.3389471838484,26.7100822271481,77.135771127417,16,MICT01,16_MICT01,MICT,27,145.0,207.5
-0.267922589291842,-3.99169779617713,0.35859709860474,-1.36462269257833,86.5285756095525,-69.8504862612726,6,HIIT03,6_HIIT03,HIIT,309,111.0,183.0
2.8742295203178,4.43549578290563,0.27473285278227,-24.5545663390096,-186.417211197498,69.6921437259921,6,MICT03,6_MICT03,MICT,136,111.0,183.0
1.37457219561141,6.13483436206528,-2.07429791311119,-296.535638593678,-170.157692836011,-188.050371035047,6,HIIT06,6_HIIT06,HIIT,86,111.0,183.0
-4.0002505105784,-7.43425192642673,-11.5196238987976,3322.95884399453,1494.22674436232,1477.0057567906,16,HIIT01,16_HIIT01,HIIT,286,145.0,207.5
-0.344984062814928,-3.53007168463568,0.283684708615382,-2.98777008538831,82.8046498308301,-61.5800429320598,6,HIIT05,6_HIIT05,HIIT,307,111.0,183.0
-0.437603162517923,-4.42621837958475,0.689064628363524,-23.9609744026228,81.6263055007583,-88.1056954536789,6,HIIT05,6_HIIT05,HIIT,295,111.0,183.0
1.78957433583012,8.12626758985959,-0.353978717033721,23.3347835337692,147.308649705223,17.8318026163282,16,HIIT01,16_HIIT01,HIIT,89,145.0,207.5
3.28325812259277,6.54301113274468,-4.21457018240367,-231.144650395794,-185.852447365208,-146.492420311651,6,HIIT01,6_HIIT01,HIIT,95,111.0,183.0
1.36082482759116,-3.03871709387208,-1.85977813364213,506.614498267441,86.0850457110882,463.377975581555,6,HIIT02,6_HIIT02,HIIT,200,111.0,183.0
-0.489743821982964,-2.1812649793289,0.493196514428065,-19.9590943727802,62.8950439116664,-78.6976931277721,6,MICT04,6_MICT04,MICT,305,111.0,183.0
-4.46719171757175,11.981468873241,0.856921813427385,11.7628855022357,39.9499246964747,-36.693208615387,16,HIIT04,16_HIIT04,HIIT,350,145.0,207.5
5.75158849527007,5.14169707124249,0.104001076291373,-36.6508278665188,-128.21002679869,99.3569020300951,16,MICT06,16_MICT06,MICT,143,145.0,207.5
-4.96647665024591,23.3062376703979,1.05228719448629,-17.032433312637,56.7536824847776,-52.9875012902437,16,MICT06,16_MICT06,MICT,345,145.0,207.5
-2.65995551626386,-6.21188899667802,1.25574259545788,115.856628415151,136.167715634107,122.33766262269,16,HIIT02,16_HIIT02,HIIT,298,145.0,207.5
-0.716171503431917,5.13264222845852,0.0448663109027467,4.81045352528409,-27.1188063182308,82.9626934822419,16,MICT06,16_MICT06,MICT,70,145.0,207.5
2.50539213335567,-1.29006182973259,-1.90491434195699,16.9202202342765,-21.3325504148671,17.6941728663794,16,MICT03,16_MICT03,MICT,194,145.0,207.5
0.451957635153787,4.45027790504172,0.382388621414622,-5.9378520702943,-56.3178723228253,49.6048195890877,6,MICT04,6_MICT04,MICT,69,111.0,183.0
-0.321929758779525,-5.50239537849665,-0.423126663645915,10.2806264831368,83.1414990437837,-132.495912731162,16,MICT05,16_MICT05,MICT,254,145.0,207.5
4.39363374399336,2.0905851138524,-1.07061312235515,5.04719284861664,-104.022254705397,82.8712753499357,16,MICT01,16_MICT01,MICT,165,145.0,207.5
-1.51224885625263,-3.19847012337961,0.744211552001411,-4.47995425150051,66.6548922522925,-112.772223356952,16,MICT06,16_MICT06,MICT,307,145.0,207.5
-1.05606703496364,4.47556443917514,-0.0552356750082284,0.520772681092023,16.9922258475773,29.242153848897,6,HIIT05,6_HIIT05,HIIT,2,111.0,183.0
-1.5592428609032,-4.6997724270225,0.427571364962108,-8.08052179674277,76.0185736444307,-134.516876361362,16,MICT04,16_MICT04,MICT,288,145.0,207.5
-8.40069947197758,1.6386713066831,-0.196115683342776,155.498748778082,139.803562769032,-78.6331538362802,16,HIIT02,16_HIIT02,HIIT,27,145.0,207.5
3.01466048798388,8.15435122773713,-2.50240208273694,156.669396526408,288.699988142548,125.540735230385,16,HIIT01,16_HIIT01,HIIT,104,145.0,207.5
-7.53776044985416,24.0811750688526,0.444563934826649,88.5149104936488,84.4829846525986,37.891871684231,6,HIIT06,6_HIIT06,HIIT,344,111.0,183.0
-0.358827112340444,-3.82322427858291,0.308660925475916,-1.42029428629418,86.0328928795919,-62.1630362319424,6,HIIT05,6_HIIT05,HIIT,308,111.0,183.0
-1.63228852320562,4.12944299508221,-0.491567903377898,-162.728740068576,-119.226754353526,-15.3167256311036,6,HIIT01,6_HIIT01,HIIT,46,111.0,183.0
1.27498272552527,-8.14002785684856,-1.78699970082236,21.0356182791115,41.0937261305217,-157.800237452933,16,HIIT05,16_HIIT05,HIIT,238,145.0,207.5
-4.98034022141199,4.16248598755739,-0.21570080113914,33.1996281981197,40.9567184498529,58.4039152221269,16,MICT04,16_MICT04,MICT,18,145.0,207.5
4.01495467770501,2.06688953784604,-1.5277114471972,-227.07276984197,-80.2477904483402,-210.610165544041,6,HIIT05,6_HIIT05,HIIT,155,111.0,183.0
-0.249485180963364,-2.91052040921708,0.950192794694325,-40.2177951509081,51.8317191462174,-110.555002760941,6,MICT01,6_MICT01,MICT,298,111.0,183.0
-3.02734307564823,1.73360021997741,-0.466429182408541,-13.7554175548004,6.45973931257869,47.9689840979035,6,MICT04,6_MICT04,MICT,27,111.0,183.0
0.0525317827062504,-5.87719786989015,5.32277616925851,3442.94312986152,1666.30047120902,1671.45650172915,16,HIIT01,16_HIIT01,HIIT,275,145.0,207.5
-3.10209720486118,-6.24988483169222,1.67358426114787,-32.9440903307872,72.0741730775596,-91.002274336567,16,MICT01,16_MICT01,MICT,334,145.0,207.5
2.89710434909749,-2.47965011851589,-2.21938590355786,392.621058236989,-33.12104904277,363.305282637039,6,HIIT06,6_HIIT06,HIIT,188,111.0,183.0
0.740507946229986,-3.27025030906833,-1.09833092064274,22.1297676144096,28.0470043950802,-60.097150858453,16,MICT01,16_MICT01,MICT,223,145.0,207.5
-1.10080782015896,-5.11208737693662,0.0973885326444789,-1.08669886478169,77.2888223365733,-142.00630882465,16,MICT03,16_MICT03,MICT,272,145.0,207.5
2.13376531198523,-7.03140282212466,-2.34049148470948,9.47360255798477,21.5900089365131,-121.498957357968,16,HIIT04,16_HIIT04,HIIT,222,145.0,207.5
5.04058546751173,3.37418333461458,-1.47658068953227,-251.539417316769,-99.2353752229817,-223.643299878549,6,HIIT04,6_HIIT04,HIIT,148,111.0,183.0
7.14650079750492,4.12095655661866,-2.47338013155847,-26.8957148263282,-71.406640208581,108.874625714938,16,HIIT03,16_HIIT03,HIIT,162,145.0,207.5
-0.450417494182627,2.78022755665506,-0.632226377176292,5.12346915823492,-19.1895216998786,52.7629651327015,6,MICT04,6_MICT04,MICT,52,111.0,183.0
0.796440384256546,-5.22034966159804,0.905528360439614,81.212809111156,174.482317740788,-43.8708175443728,6,HIIT01,6_HIIT01,HIIT,249,111.0,183.0
-0.0801342459207719,-5.00472522842774,0.809611934388771,-16.0227433727051,92.1224728240879,-83.3264476193165,6,HIIT01,6_HIIT01,HIIT,295,111.0,183.0
-0.720575071615491,5.52832344231739,-0.185658711719637,-169.06179387076,-138.913638136287,-43.0494096698964,6,HIIT01,6_HIIT01,HIIT,60,111.0,183.0
-2.08836020868229,5.79241884738485,0.457250180044949,-15.4771503532379,35.2524907450347,-31.2675234081917,16,MICT01,16_MICT01,MICT,350,145.0,207.5
-4.63299487464384,3.51049491757981,-0.504338988754676,40.2804749005498,39.9440563635367,61.4809333426638,16,MICT02,16_MICT02,MICT,18,145.0,207.5
-1.35364790550122,6.46434723058158,-0.528659484933801,24.2847226428534,39.9001934506253,27.9268456994449,16,HIIT06,16_HIIT06,HIIT,4,145.0,207.5
3.51264859723476,0.0575766183097403,-1.87063109585494,23.7019623218828,-78.7133026487339,30.702865657588,6,HIIT03,6_HIIT03,HIIT,170,111.0,183.0
-5.55519012397531,-10.2316257337092,3.13025733406423,65.3625660850467,82.9461247397248,103.898039776985,16,HIIT02,16_HIIT02,HIIT,339,145.0,207.5
-2.13594546186327,6.3946420838694,-0.0613709591869278,7.71432870382906,-14.2463979551647,112.223766162865,16,HIIT04,16_HIIT04,HIIT,56,145.0,207.5
0.491516251126202,-5.09364785238461,-1.10341298899272,132.552855059325,168.068365299131,8.86834159838471,6,HIIT06,6_HIIT06,HIIT,245,111.0,183.0
3.99500755627294,-4.85032838269085,-2.92991436837768,58.4902247844966,41.3871262518604,18.3500682765047,16,HIIT01,16_HIIT01,HIIT,208,145.0,207.5
-18.7389925845681,-42.7271037558992,6.58978031224354,91.8347253704203,70.7384554121209,-57.4836336325087,16,HIIT02,16_HIIT02,HIIT,10,145.0,207.5
3.89250125658907,5.37445707156002,0.670167889380085,-11.3195003649722,-82.9257130773216,100.875203492877,16,MICT01,16_MICT01,MICT,111,145.0,207.5
1.01153183622636,-0.927512436878604,-1.32160490739394,42.3729612333971,3.65556183665252,60.0174000078462,6,MICT06,6_MICT06,MICT,181,111.0,183.0
4.80993605657905,6.03491005851823,1.08487272935873,-49.4089999051664,-129.67607704962,94.6129774687961,16,MICT03,16_MICT03,MICT,123,145.0,207.5
1.06462464013329,10.7324621719494,1.27255187785946,-31.1000617892638,-67.1097267087621,131.57404195838,16,HIIT03,16_HIIT03,HIIT,80,145.0,207.5
0.290078833214347,-3.45001777938331,0.392926345174652,-16.0173410062568,82.6388565445345,-123.625160411271,6,MICT02,6_MICT02,MICT,267,111.0,183.0
-3.46398235824648,-15.933885193935,1.19417628007359,10.9763321246111,16.9831376481054,28.1530457502493,6,MICT02,6_MICT02,MICT,9,111.0,183.0
13.5284247877377,8.51798021035818,9.09453148839003,-96.3393199851722,59.1114287886611,-223.682680492213,16,HIIT02,16_HIIT02,HIIT,139,145.0,207.5
1.23586085404303,-2.0800173650039,-1.19005705329078,49.6042257575399,63.4415264363248,29.0269461325465,6,MICT03,6_MICT03,MICT,197,111.0,183.0
8.24685080509008,8.85134867534045,-0.128764544151945,-54.8061430729961,-123.393420764859,149.492584590866,16,HIIT05,16_HIIT05,HIIT,135,145.0,207.5
4.06202883830974,7.62365809289454,0.213803766033748,-187.892658360434,-180.935326018391,-133.129333545412,6,HIIT03,6_HIIT03,HIIT,112,111.0,183.0
3.08222833978447,-0.226911522040491,-1.64954677697415,67.3388732029207,-72.3864446434039,71.6865531662881,6,HIIT03,6_HIIT03,HIIT,172,111.0,183.0
-4.96708261432302,3.75072790945079,1.15256731704671,-83.8152496490952,-33.5735523362842,41.2735344629639,6,HIIT06,6_HIIT06,HIIT,25,111.0,183.0
8.3495358316027,8.75256120023883,0.0773568448652585,-46.2469395920644,-117.370643873779,158.36993664086,16,HIIT04,16_HIIT04,HIIT,138,145.0,207.5
3.35809322029802,-4.68770296962758,-3.00372668100153,3.07297896406617,6.35288356514441,-65.1058892486712,16,HIIT06,16_HIIT06,HIIT,206,145.0,207.5
-2.91259324849872,4.108694055524,0.352150936862595,-132.865184736915,-89.3986480449411,8.85005344789066,6,HIIT01,6_HIIT01,HIIT,36,111.0,183.0
5.22008559476749,5.11629686682586,0.870700598208539,-29.0751669720697,-131.225605236257,104.033267075206,16,MICT04,16_MICT04,MICT,141,145.0,207.5
-5.12170422615876,-10.2545992924222,3.18712927067757,64.6170909125761,92.1284169531314,100.114102613997,16,HIIT02,16_HIIT02,HIIT,334,145.0,207.5
1.38866834121532,6.77703167194804,-1.32440373264803,-275.874152310567,-186.090333239249,-160.239857441939,6,HIIT01,6_HIIT01,HIIT,83,111.0,183.0
-4.44490314162255,-11.5323328007059,2.59647495302946,14.9561923693835,72.3388083882871,-90.4912634235129,16,HIIT05,16_HIIT05,HIIT,335,145.0,207.5
-6.60395244242135,24.10775225834,-0.043027266007913,44.4156829444732,57.028736300259,13.9585316029926,6,HIIT04,6_HIIT04,HIIT,348,111.0,183.0
-0.237050243736557,-4.58945970025956,0.861148762068035,-7.46540011974178,92.2447090556458,-85.2185879754974,6,HIIT03,6_HIIT03,HIIT,301,111.0,183.0
-3.47041466513917,2.57743496197009,-0.160702195122608,-1.13824005573918,4.52079086316882,64.4476051635818,6,MICT05,6_MICT05,MICT,25,111.0,183.0
4.05621309191861,7.17760751049788,0.594552580217566,-277.821450913222,-160.244025077951,-208.138146293754,6,HIIT04,6_HIIT04,HIIT,123,111.0,183.0
1.60325152659324,4.14300604411629,0.049671207338503,0.834654214241223,-77.1011450043484,64.2505110000151,6,MICT01,6_MICT01,MICT,95,111.0,183.0
0.99851187029675,-2.83253829229895,-0.707488962044004,1.05625433930113,97.1207377962252,-54.570427919676,6,MICT02,6_MICT02,MICT,219,111.0,183.0
2.14640645512976,-7.21454163623332,-2.35933676891137,15.2978211085516,20.5760388323232,-115.51216142192,16,HIIT03,16_HIIT03,HIIT,223,145.0,207.5
7.10681987786675,11.4986241645069,1.58816098980163,-43.0401267072504,-113.463431182292,166.728867415877,16,HIIT06,16_HIIT06,HIIT,109,145.0,207.5
-3.68951397954218,2.12504854839081,-0.648937666343958,-16.3766788003438,-2.3959810413956,57.9466734469467,6,MICT03,6_MICT03,MICT,25,111.0,183.0
0.234097627865629,-3.63590567495923,0.571634940272627,-13.2968773178606,77.4404907428394,-117.396195940397,6,MICT04,6_MICT04,MICT,266,111.0,183.0
-3.04271010207011,-10.7403751176067,0.54791147715215,96.461386168415,100.622105272832,27.1674330738225,6,HIIT03,6_HIIT03,HIIT,338,111.0,183.0
-2.63548043640841,-2.19277126861425,0.245648269840032,18.6517865002461,25.2479069305733,24.7181441632212,16,MICT05,16_MICT05,MICT,6,145.0,207.5
-0.89965476096563,-3.53706999567065,0.377954918683525,-17.6793984802558,61.2654069521613,-71.2819608011629,6,MICT01,6_MICT01,MICT,328,111.0,183.0
1.2275021691809,-1.79934511859838,-1.44751543690493,29.7282745969502,34.6444847886655,17.575614488669,6,MICT04,6_MICT04,MICT,193,111.0,183.0
-3.29293574174844,-8.61947378535777,1.61920749513116,-27.5520141736304,70.3631228078016,-79.5059758322213,16,MICT05,16_MICT05,MICT,336,145.0,207.5
-0.73174220415671,2.29994303719802,-0.461102629857747,-5.30637399600077,-19.6522221497763,39.9775226746151,6,MICT01,6_MICT01,MICT,56,111.0,183.0
0.150079332231829,4.48897711048667,0.32411490614232,7.78941435423518,-50.3673933596993,63.8199400324215,6,MICT03,6_MICT03,MICT,67,111.0,183.0
1.03267116514244,-2.56042286663681,-1.08476345361461,11.8383284139569,87.3562256722263,-20.3315582604917,6,MICT06,6_MICT06,MICT,203,111.0,183.0
-0.507207602369257,-2.41271801342698,0.267946725623528,-17.5646952900885,63.5085567816219,-83.1261569951638,6,MICT06,6_MICT06,MICT,306,111.0,183.0
5.09484285387052,4.71124671613367,0.423111703218436,-31.8747815004498,-134.407488028721,99.7748089379415,16,MICT04,16_MICT04,MICT,145,145.0,207.5
-6.16655315908296,25.0033426002333,0.318812666735489,42.8030497817931,75.5451792102781,3.16638371794549,6,HIIT02,6_HIIT02,HIIT,345,111.0,183.0
-0.681751087265745,-2.65878046615919,0.522096864044276,-35.1935757451282,64.0510752120911,-107.733700556705,6,MICT03,6_MICT03,MICT,304,111.0,183.0
-0.444961639706688,-5.25816046674737,-0.294527956314315,21.8613730736122,73.6975900194802,-122.947359532826,16,MICT06,16_MICT06,MICT,255,145.0,207.5
1.13894662429458,-3.07675189177269,-0.821197779831041,12.5800792789019,93.1197165549124,-51.7434222013944,6,MICT04,6_MICT04,MICT,216,111.0,183.0
0.783951688314591,-4.78175219280993,1.41750426259607,187.380694196878,182.515806741359,66.0058692002322,6,HIIT06,6_HIIT06,HIIT,237,111.0,183.0
-0.785517012947392,-4.82006206584906,0.793890127133695,-24.8722962570457,91.5853274786781,-96.1064446567347,6,HIIT06,6_HIIT06,HIIT,292,111.0,183.0
8.27798618097347,8.34504136497116,-0.130367412317678,-44.4514826790918,-114.20774089468,155.650077449449,16,HIIT04,16_HIIT04,HIIT,141,145.0,207.5
-0.383301376040528,-4.04709868153446,0.51296439634418,-15.0749835850719,77.6585131991333,-107.800427820377,6,MICT06,6_MICT06,MICT,283,111.0,183.0
2.19620138834697,7.12811268751333,-2.1534064453732,-298.956113895784,-201.637417552977,-196.616266182965,6,HIIT03,6_HIIT03,HIIT,91,111.0,183.0
1.32236003953218,-3.17160901074607,-1.65998215796043,506.61419051128,76.167137628643,477.99500693406,6,HIIT01,6_HIIT01,HIIT,198,111.0,183.0
2.05785932660051,-1.53107907344543,-1.87091670064454,9.36285891616844,-13.6393758066792,7.99782180363467,16,MICT04,16_MICT04,MICT,196,145.0,207.5
0.739744458851233,9.55561669134166,0.626494085974107,-20.1893757211057,-58.4463999401932,132.488069560429,16,HIIT06,16_HIIT06,HIIT,78,145.0,207.5
0.797932619598877,8.61958266373312,0.545160158550391,37.2062448905114,147.755496407368,7.57028825566818,16,HIIT02,16_HIIT02,HIIT,79,145.0,207.5
2.23236776950972,-6.76664924979896,-2.62235846372345,7.72080885373635,21.8166864483733,-115.582787221349,16,HIIT06,16_HIIT06,HIIT,220,145.0,207.5
-0.80894030857907,-3.68279599580762,0.795468724494938,-4.31519688356667,87.0221411557539,-72.8744205830336,6,HIIT04,6_HIIT04,HIIT,302,111.0,183.0
-0.164679207058712,4.9720250212309,0.0637301917446305,24.7222172092673,-34.0501007485039,83.2517111927547,16,MICT02,16_MICT02,MICT,72,145.0,207.5
3.52039118393089,-0.186666453153187,-1.88794396882017,47.3228505699554,-64.9836281048487,41.878457598386,6,HIIT06,6_HIIT06,HIIT,172,111.0,183.0
-0.626720441241098,3.01473139696331,-0.569877168183413,1.44756585901599,-33.2849808148164,59.0831705861797,6,MICT03,6_MICT03,MICT,53,111.0,183.0
-2.01071203158757,2.79792474776394,-0.498089068747856,34.1310297585486,4.54060638007608,85.4333259458509,16,MICT03,16_MICT03,MICT,41,145.0,207.5
4.66306731842994,6.04530852096319,0.897186705967656,-50.0767125581767,-118.206498103993,95.2758237522804,16,MICT06,16_MICT06,MICT,118,145.0,207.5
-4.76602471181234,5.26025282904649,-0.309417280484721,13.5911447688268,21.7999669979035,107.655743065228,16,HIIT06,16_HIIT06,HIIT,39,145.0,207.5
4.53058312932123,3.09055218286731,-0.978467978245879,-20.3513550226538,-112.744000057738,86.2646512396409,16,MICT03,16_MICT03,MICT,158,145.0,207.5
-3.76722610129946,-4.31781043818795,1.78895985600897,-18.1420894549707,68.5715468019085,-88.3353215843599,16,MICT06,16_MICT06,MICT,332,145.0,207.5
0.486860044902345,-4.91675389027635,0.724652462605297,82.7098261118916,181.659486077802,-42.0597103425353,6,HIIT02,6_HIIT02,HIIT,247,111.0,183.0
-6.88568372972072,11.837768745977,0.547319832175953,65.4631841591126,96.6973004593199,14.2822350389938,6,HIIT04,6_HIIT04,HIIT,342,111.0,183.0
-0.78182722319504,-6.62299646191526,0.287624746349041,-11.6607050784687,31.3229348549227,-26.2506189417847,16,MICT03,16_MICT03,MICT,353,145.0,207.5
-6.46589975606509,-4.16628968036179,2.95738223566298,65.528260241039,80.892987706193,104.229462677378,16,HIIT02,16_HIIT02,HIIT,340,145.0,207.5
2.05535694422776,-2.00831263529769,-1.80375021972469,14.8170335233937,-6.98790440152788,-6.40971456863134,16,MICT03,16_MICT03,MICT,201,145.0,207.5
1.4415538529371,5.30899950605655,0.293446960381827,2.03551840411291,-51.8901369353612,90.4768786973657,16,MICT01,16_MICT01,MICT,89,145.0,207.5
5.760604189603,9.3146716543062,3.55527326862961,-63.1609891169206,130.131272244991,36.8961240453526,16,HIIT01,16_HIIT01,HIIT,96,145.0,207.5
-8.42614683934849,2.20501710603342,-0.235115362930828,155.754679785474,136.768299642542,-80.9525493586841,16,HIIT02,16_HIIT02,HIIT,25,145.0,207.5
4.43234954846812,2.96853306814218,-1.42491615737092,-255.519025856872,-93.5527042137423,-233.11750596839,6,HIIT06,6_HIIT06,HIIT,149,111.0,183.0
-0.49455021832847,-5.84850105981108,1.46665856616941,8.64425894173469,106.571410402879,-102.291957845184,6,HIIT04,6_HIIT04,HIIT,275,111.0,183.0
-3.4150825667896,16.1400590647492,-0.171449694890998,23.6668346324666,46.2932276266571,-0.435375582094077,6,MICT06,6_MICT06,MICT,348,111.0,183.0
4.99622307793767,6.2062358693482,-0.458675324717105,-270.269696325778,-174.602098826473,-216.269971114047,6,HIIT01,6_HIIT01,HIIT,129,111.0,183.0
1.31914260584015,-3.93969763120342,-1.43949075128275,685.035040099732,118.296697769878,640.541103144343,6,HIIT03,6_HIIT03,HIIT,204,111.0,183.0
0.91224833043661,-1.69861103521924,-1.15573368771853,29.0341234810822,60.6592680544541,15.1143022168123,6,MICT02,6_MICT02,MICT,201,111.0,183.0
0.939765241458294,-3.12046912869238,-0.657378012810514,6.56495133006233,94.3828959075938,-67.2954604206069,6,MICT04,6_MICT04,MICT,222,111.0,183.0
-3.78548541443949,-8.33837411258136,1.45479541014933,-13.3512199413693,4.74163851177976,20.428355669428,6,HIIT03,6_HIIT03,HIIT,7,111.0,183.0
-0.328636768916488,-5.10831604235073,-0.545147080936827,0.705845655363689,76.7367824596085,-129.661109631115,16,MICT04,16_MICT04,MICT,252,145.0,207.5
-0.590461788269347,-3.03013106012286,0.0467320166255706,-29.5008365453303,79.2803683143252,-89.9838832588712,6,HIIT02,6_HIIT02,HIIT,310,111.0,183.0
-0.325846807205362,-5.74058668886464,1.45663431947434,23.1548292363067,114.187221630992,-97.0221810981861,6,HIIT04,6_HIIT04,HIIT,270,111.0,183.0
1.06428409224827,-0.861766009853449,-1.31531281341202,33.6934890929691,-0.551361481328632,43.7488422989973,6,MICT05,6_MICT05,MICT,182,111.0,183.0
5.15362188827783,4.0660006571337,-0.334928553790052,-23.4578260754933,-125.88302693873,96.2496755599817,16,MICT01,16_MICT01,MICT,143,145.0,207.5
0.867230735698494,-3.08521092076532,-0.264230496950883,-7.11129129369494,101.296993898194,-85.5517952184072,6,MICT02,6_MICT02,MICT,231,111.0,183.0
-1.11635916055923,-3.48853157339194,0.410706310043663,-13.0741521821245,62.5034189150272,-65.4569767079026,6,MICT01,6_MICT01,MICT,330,111.0,183.0
-5.54610447507642,-6.12584138699853,2.43281967772435,65.2187487500334,-86.9985854073739,-128.121168606969,16,HIIT01,16_HIIT01,HIIT,330,145.0,207.5
1.41528396613261,5.71270670441288,0.330111918565704,10.126949433312,-55.7676190371723,92.4877889495819,16,MICT04,16_MICT04,MICT,84,145.0,207.5
4.75382909931297,6.16206020930217,1.45710879095656,-27.9743564959675,-111.377149224918,104.548724476855,16,MICT02,16_MICT02,MICT,116,145.0,207.5
-1.29878893626523,2.31091453427302,-0.792648619858023,-11.9837093796127,-7.81199891111335,49.2920469243164,6,MICT04,6_MICT04,MICT,37,111.0,183.0
4.7344652188122,3.77860616121189,-0.542701889912622,-29.1132462289571,-122.727950958347,90.5848642690887,16,MICT03,16_MICT03,MICT,152,145.0,207.5
-0.947903885594568,4.3153031588788,-0.342317935363756,20.3968533243549,29.144256727174,25.0217839372979,16,MICT05,16_MICT05,MICT,3,145.0,207.5
-2.32732631850172,-6.19205729623172,1.06229517652775,13.6554652310446,61.0957765243371,-158.813808770425,16,HIIT03,16_HIIT03,HIIT,301,145.0,207.5
-0.228546688294154,-5.08781198684946,-0.625138199702943,0.601810508271675,74.6196203661304,-126.314134292712,16,MICT04,16_MICT04,MICT,249,145.0,207.5
6.53252671472997,-2.00231622036674,42.4182885551003,3232.84064580502,1404.64437650269,1383.53295546635,16,HIIT01,16_HIIT01,HIIT,290,145.0,207.5
0.147242518332301,2.44396333083913,-0.35292844049104,71.1358024555314,48.9209067627028,-54.2911231214541,16,HIIT01,16_HIIT01,HIIT,0,145.0,207.5
-2.64942212997229,-5.58904343742589,1.26191869987035,103.080692129281,134.685921641431,115.357322825088,16,HIIT02,16_HIIT02,HIIT,304,145.0,207.5
37.9169950297186,11.3951830706466,51.5316169523044,-324.726057131129,32.0749719203629,66.930633679084,16,HIIT01,16_HIIT01,HIIT,108,145.0,207.5
-1.72922002008161,-8.70724389604846,0.910581417750912,17.4861899031446,60.1586513963293,-184.176947882796,16,HIIT05,16_HIIT05,HIIT,277,145.0,207.5
0.517435930059834,-8.86290942445221,-1.23013804811436,22.4091939078332,44.5669106998681,-165.131912070793,16,HIIT03,16_HIIT03,HIIT,245,145.0,207.5
3.89978263191435,10.444522360806,1.47648054345866,-41.8951907265625,-86.8651912578252,141.580791989995,16,HIIT03,16_HIIT03,HIIT,96,145.0,207.5
5.85329520391301,1.67666557457401,-2.75409908361615,-12.8342577439095,-61.0203247781656,63.4456701220713,16,HIIT05,16_HIIT05,HIIT,173,145.0,207.5
1.3442673845821,-3.50001668980285,-1.65246988633079,530.592486546479,87.0752179380749,498.594962889612,6,HIIT01,6_HIIT01,HIIT,199,111.0,183.0
-0.964620829526745,4.91721448098792,-0.0303415445260576,5.98465627753603,-22.4291918513161,81.0663927165062,16,MICT06,16_MICT06,MICT,67,145.0,207.5
1.21923326512885,-1.63199786398359,-1.38494328587748,30.3489317142735,26.7454604975944,22.5664406763365,6,MICT04,6_MICT04,MICT,191,111.0,183.0
0.648787209023704,8.50745316214671,0.33856604276238,59.0325107383586,144.051698169712,-10.591482033401,16,HIIT01,16_HIIT01,HIIT,80,145.0,207.5
0.102373634958016,-4.01205825179065,0.893192944314844,-47.9140642228356,61.9818735356081,-139.384907775106,6,MICT05,6_MICT05,MICT,277,111.0,183.0
-2.04900099251936,5.8745380889537,-0.245312934486131,110.499150476596,127.740979961394,-47.7626566562895,16,HIIT01,16_HIIT01,HIIT,60,145.0,207.5
-3.39863994886512,5.8995077693237,-0.402666881386744,-10.758425673042,22.0508396374819,46.0279783304119,6,MICT04,6_MICT04,MICT,19,111.0,183.0
-1.61398842817018,8.16290690609872,0.240211721174278,0.249710226847064,-29.6485474111693,120.625646033653,16,HIIT04,16_HIIT04,HIIT,63,145.0,207.5
1.08484829294598,-1.25104144280823,-1.17437332387427,38.7884423673837,36.9817604547775,39.7901298842432,6,MICT02,6_MICT02,MICT,194,111.0,183.0
0.52844630064577,-4.27003657171892,0.157068175731122,-28.0906168787354,88.9468788866534,-149.001375470973,6,MICT03,6_MICT03,MICT,253,111.0,183.0
0.364672055839131,5.74609427152625,-1.28675426037837,-273.340654316109,-184.649054533887,-134.522924825945,6,HIIT02,6_HIIT02,HIIT,77,111.0,183.0
-2.87944296337554,12.3836288291359,0.561697152263937,-15.670680892287,36.3826339551402,-34.7449929802667,16,MICT03,16_MICT03,MICT,349,145.0,207.5
-0.107593551437287,9.68840057726307,0.824374067686684,-24.4942164753158,-50.9312589515643,128.889795340538,16,HIIT05,16_HIIT05,HIIT,76,145.0,207.5
0.500814153512884,-4.30283568693441,0.521463157048446,311.411542343929,193.912573733847,231.499797361649,6,HIIT01,6_HIIT01,HIIT,220,111.0,183.0
-2.4855461510108,2.91706851660688,-0.599379993625801,40.6319789533689,4.86748293103137,85.5310804683966,16,MICT02,16_MICT02,MICT,38,145.0,207.5
4.8862928731419,1.39958073057888,-2.10123507873305,-136.840249750958,-75.5205449106597,-132.702756451971,6,HIIT04,6_HIIT04,HIIT,160,111.0,183.0
-5.06410220017447,5.97977861346506,-0.0646790523084472,10.1211045677481,13.3765508821673,106.592454215537,16,HIIT03,16_HIIT03,HIIT,39,145.0,207.5
0.822411970614918,6.87956973922306,-1.21448391789542,-300.953157818318,-199.217606495645,-181.153324346139,6,HIIT03,6_HIIT03,HIIT,82,111.0,183.0
-2.3378440805374,3.4054196804074,0.036890714930128,-119.101380181429,-68.5302724915916,23.8861673831257,6,HIIT02,6_HIIT02,HIIT,35,111.0,183.0
-6.39626064969505,-15.8502108717122,2.7589027614544,28.7391473123843,88.511936499719,-93.0569194599008,16,HIIT03,16_HIIT03,HIIT,338,145.0,207.5
-8.61732543830835,-13.0420029602413,2.4515116319764,-32.0237641053085,5.27202438292296,54.0160354952509,6,HIIT06,6_HIIT06,HIIT,15,111.0,183.0
-4.68053961244016,5.19136736683736,-0.0956736527744362,15.0108821781221,20.9363332457871,111.368512259154,16,HIIT05,16_HIIT05,HIIT,40,145.0,207.5
0.354470676120252,4.08625115991365,0.324011149177186,-2.91807680262714,-50.6182267515168,49.1581252377829,6,MICT04,6_MICT04,MICT,68,111.0,183.0
-7.51681884207535,5.58235058193457,-0.484621955591354,156.692612717258,125.460705591313,-92.6913434230178,16,HIIT01,16_HIIT01,HIIT,23,145.0,207.5
0.763224944887078,-2.16794191500745,-1.0720246125558,35.773932113732,82.8626708073246,0.299507178100835,6,MICT01,6_MICT01,MICT,210,111.0,183.0
-0.630264599798023,-4.94023914540358,-0.445295234819014,-4.87536432813894,81.0973741668048,-141.826294389968,16,MICT02,16_MICT02,MICT,260,145.0,207.5
2.4827141715339,4.71041345050704,0.417209580728639,-15.1801178645471,-159.455494796967,82.4103313789698,6,MICT04,6_MICT04,MICT,123,111.0,183.0
5.24096009447703,-1.61339756315426,-3.24397651079512,4.91204017289571,-24.8657084013462,3.89770731319217,16,HIIT05,16_HIIT05,HIIT,190,145.0,207.5
2.86716408879259,-5.88543912701977,-2.72179723006524,6.36570081856599,10.4447217970327,-90.403380632269,16,HIIT04,16_HIIT04,HIIT,213,145.0,207.5
-1.38660552611854,2.46027748502279,-0.616332727909621,-8.83526724224539,-16.823845261362,59.7159044821561,6,MICT05,6_MICT05,MICT,37,111.0,183.0
4.47245620009208,2.29822700625052,-0.98631877549112,2.61732164806562,-107.294173337111,85.2249357235473,16,MICT01,16_MICT01,MICT,163,145.0,207.5
-3.64410478002546,5.7861799056456,-0.361418428782671,17.8628106408293,6.4901970183052,114.393979123281,16,HIIT04,16_HIIT04,HIIT,45,145.0,207.5
-0.468199000547719,8.1861204419481,-0.0204748063175146,76.6960107729888,140.832653565748,-23.1274029207032,16,HIIT01,16_HIIT01,HIIT,75,145.0,207.5
-2.03494468815223,3.22884571246685,-0.52753650795613,-9.14636882818914,-11.7872837832866,62.8757520979087,6,MICT05,6_MICT05,MICT,33,111.0,183.0
0.958060146722166,-3.78321182967165,-1.25578679948211,480.182190883041,127.831805246195,435.726768223432,6,HIIT01,6_HIIT01,HIIT,205,111.0,183.0
2.46542882992479,12.1183043534385,-8.21109563999156,-3596.02033574058,-1973.58652399911,-658.53673356254,16,HIIT01,16_HIIT01,HIIT,121,145.0,207.5
0.917373917138997,-3.67755754688228,-0.383259881803011,-16.0808274408889,106.83612834942,-105.338149575925,6,MICT06,6_MICT06,MICT,229,111.0,183.0
0.659458615350742,-5.18036041083446,0.860896315195663,205.997724464639,160.746343647646,73.3221500968438,6,HIIT04,6_HIIT04,HIIT,235,111.0,183.0
0.845111803862114,-6.15214454647155,0.82847256106074,8.21628712910448,139.549991935084,-114.328700793738,6,HIIT01,6_HIIT01,HIIT,262,111.0,183.0
-0.29743544900321,-5.23693320099893,-0.543944297758178,22.767494769703,72.7182233148402,-118.976705240089,16,MICT06,16_MICT06,MICT,252,145.0,207.5
8.20040961168645,9.05107083345765,0.052335445828401,-55.8502436440518,-123.839778062487,151.001479054845,16,HIIT05,16_HIIT05,HIIT,133,145.0,207.5
-1.67257014816957,-4.5961745992986,0.507535036464131,-3.76937707826433,77.1657960495311,-133.325653252894,16,MICT03,16_MICT03,MICT,289,145.0,207.5
0.544409805368917,-4.42737376520275,0.766963690012248,163.420068979363,187.26261011113,35.0070506494637,6,HIIT05,6_HIIT05,HIIT,241,111.0,183.0
0.729371933581205,3.98405229318532,-0.12566297547478,-6.75828733748787,-61.9156685531898,49.3347806942649,6,MICT01,6_MICT01,MICT,81,111.0,183.0
8.11644632657085,3.40183386094266,-2.42798019512789,-288.060559504985,-13.1817669761823,-265.407259291387,16,HIIT01,16_HIIT01,HIIT,164,145.0,207.5
-0.582437877298245,-3.62365375168566,0.55520825384281,-30.1375916586883,60.7601700319403,-105.863528550474,6,MICT06,6_MICT06,MICT,293,111.0,183.0
-0.591892435902467,3.0850769179006,-0.357036420147213,1.1731137944082,-28.1465373285743,44.7893989836223,6,MICT01,6_MICT01,MICT,65,111.0,183.0
5.89067674344744,11.6404895565865,1.77658155965654,-52.2343356709118,-104.253241281832,154.695126388695,16,HIIT03,16_HIIT03,HIIT,104,145.0,207.5
-2.98412093218582,-11.1771612106592,1.19091478231864,45.1203471386729,94.759359554036,-6.47519076461279,6,HIIT04,6_HIIT04,HIIT,336,111.0,183.0
1.48879139910739,-2.74993559837067,-1.77485490595001,6.40855324781273,11.5994815374524,-28.6935933914807,16,MICT04,16_MICT04,MICT,207,145.0,207.5
2.42551556758241,-0.290867272486225,-1.59918978091751,157.148088321916,-65.3375949319767,146.010882999623,6,HIIT02,6_HIIT02,HIIT,174,111.0,183.0
-4.55969719807401,9.62425013431298,0.187259886828585,17.5745360470806,69.618224883582,-23.4840574277331,6,MICT01,6_MICT01,MICT,343,111.0,183.0
-1.02162883141461,-4.96861006928006,1.4098597434397,7.22930234707332,97.5151542715529,-78.5171082247142,6,HIIT04,6_HIIT04,HIIT,292,111.0,183.0
1.19312436912138,0.394224745603759,-1.1035853971201,40.8416485782746,-40.9573362311273,74.3544331501859,6,MICT02,6_MICT02,MICT,177,111.0,183.0
3.63108267424342,-3.31434082245276,-2.84617861562038,1.05129804862356,-5.58226252213977,-35.9990472425735,16,HIIT04,16_HIIT04,HIIT,200,145.0,207.5
-1.57748073641711,-4.5368558963462,0.573961111801557,-13.5893982312078,73.8287339535416,-142.12690440814,16,MICT01,16_MICT01,MICT,281,145.0,207.5
2.3985993171889,3.83566452090146,0.302954354723422,-31.2662239882492,-181.827391411527,58.9851704709723,6,MICT04,6_MICT04,MICT,139,111.0,183.0
6.29344094050221,1.42963175780997,-3.08419808163286,-10.9704615409388,-59.2755580719227,59.6000757896781,16,HIIT05,16_HIIT05,HIIT,175,145.0,207.5
-0.542875043126345,-3.58957658778541,1.06827012127155,-15.2025711651447,85.0309343207195,-88.8179326669586,6,HIIT02,6_HIIT02,HIIT,298,111.0,183.0
-3.14276359608373,-4.5893209419881,1.65307069670476,-20.5612388914571,72.8318749522457,-94.4099113742123,16,MICT02,16_MICT02,MICT,331,145.0,207.5
1.71459176337892,0.929893929464994,-1.21882243635395,40.5514727053528,-81.9878335545851,80.8055457040571,6,MICT03,6_MICT03,MICT,168,111.0,183.0
-1.88369924071957,7.04975566356365,0.469741960169586,-7.28806220953021,-22.9599211944816,108.58457667001,16,HIIT03,16_HIIT03,HIIT,58,145.0,207.5
-2.34906168307123,2.9066044628035,-0.11957633161545,23.9182753987252,38.4086429617608,28.6981096478167,16,HIIT05,16_HIIT05,HIIT,5,145.0,207.5
1.93833289653577,9.91882588119828,0.835475613320579,-27.9505405221365,-73.7530762413287,138.251845105779,16,HIIT06,16_HIIT06,HIIT,85,145.0,207.5
1.86787251317544,5.36777972710535,0.32987871523899,-20.6366428664199,-106.697403180494,60.8612879071278,6,MICT03,6_MICT03,MICT,88,111.0,183.0
0.51392771110218,-3.31449334983605,0.390284171642347,-18.0240632037589,78.9558641838686,-119.409569092375,6,MICT01,6_MICT01,MICT,252,111.0,183.0
6.75482684716475,2.8464681218632,-2.84081238123869,-21.2892006318674,-61.336293965026,88.9952548045264,16,HIIT03,16_HIIT03,HIIT,168,145.0,207.5
1.24050822353598,4.45558974390846,-0.0827156788374996,-9.13425219786932,-89.4705422322389,56.0086348446124,6,MICT02,6_MICT02,MICT,90,111.0,183.0
-4.07515510580008,-8.38850554791955,2.38311389421656,4.93062151696123,69.5911167278321,-127.106998539414,16,HIIT04,16_HIIT04,HIIT,325,145.0,207.5
-1.24630272031549,-2.84015038481113,0.509976514553789,-21.7873522477626,72.5577284233135,-126.113838600089,16,MICT02,16_MICT02,MICT,309,145.0,207.5
-0.572909485528786,-2.81651456708683,0.390901533191273,-21.6382874720168,61.7143851707717,-89.6014743542289,6,MICT06,6_MICT06,MICT,299,111.0,183.0
0.202105586995014,-3.14136003347403,0.329313459330555,-41.401809314725,51.8530543968374,-137.211082027107,6,MICT01,6_MICT01,MICT,266,111.0,183.0
0.511868412609328,-5.85161482874044,-1.56518156870795,190.637186433365,164.274909255148,51.958009168494,6,HIIT04,6_HIIT04,HIIT,240,111.0,183.0
-0.234066405504894,5.08211267435415,0.121907838076707,16.2573438263785,-37.1774997951249,84.4390047177641,16,MICT04,16_MICT04,MICT,72,145.0,207.5
-1.21150630234922,-8.51595671679254,0.0376527103650695,184.334208176811,127.881093268271,159.219548748624,16,HIIT02,16_HIIT02,HIIT,265,145.0,207.5
-0.158883012318005,-5.39436961602537,7.85966217156049,3426.60550045579,1521.829374285,1502.3311438458,16,HIIT01,16_HIIT01,HIIT,288,145.0,207.5
-2.31039554770466,-7.96687300179045,0.912409136729847,155.967559927861,137.747174888817,144.510237978443,16,HIIT02,16_HIIT02,HIIT,280,145.0,207.5
4.25995679811989,4.62299216062775,-0.501744433123193,-298.567966804695,-137.812774155551,-254.503842993358,6,HIIT01,6_HIIT01,HIIT,141,111.0,183.0
0.793409805815156,-3.57400761141381,-1.54392007786119,3.7998673810085,30.8620837975775,-61.9764632518664,16,MICT02,16_MICT02,MICT,218,145.0,207.5
-1.41065165849431,-8.33067177360197,0.952955666358088,14.3396096416722,71.5466020875418,-36.8079289865209,6,MICT02,6_MICT02,MICT,337,111.0,183.0
1.91657781667844,-3.7022504312988,-2.2631739208644,669.54032085976,69.8696782170271,635.073397375242,6,HIIT03,6_HIIT03,HIIT,199,111.0,183.0
3.95171118725632,6.16864502455715,0.675533883803625,-291.993976396266,-147.533033148902,-248.160509343312,6,HIIT05,6_HIIT05,HIIT,131,111.0,183.0
1.63772972928937,-7.72750353442599,-2.12981239361801,9.59331352258135,27.7199039841282,-140.78363258173,16,HIIT04,16_HIIT04,HIIT,228,145.0,207.5
3.11890841697076,4.95070127914171,0.798507465630629,-24.7473072736994,-182.983989486232,73.492658383292,6,MICT03,6_MICT03,MICT,130,111.0,183.0
3.72234163749972,3.7487974184941,-0.395652745879878,-236.231110435539,-112.05015601361,-201.45402808999,6,HIIT01,6_HIIT01,HIIT,150,111.0,183.0
-1.24179640946366,-5.11970576258812,0.330786595044077,-0.377676047888906,78.0390687461083,-140.69069583662,16,MICT03,16_MICT03,MICT,275,145.0,207.5
1.08556058589041,-3.11882912274026,-0.982776869458874,28.1198870256591,104.255284590889,-24.525671125545,6,MICT03,6_MICT03,MICT,211,111.0,183.0
-1.09600626405082,9.08886822542294,0.745176355398945,-17.2105143044732,-40.7052124844301,118.317673372385,16,HIIT03,16_HIIT03,HIIT,66,145.0,207.5
-6.68589356431974,5.15012016638501,0.0238523243106915,25.0635387951989,40.3032261556047,102.003702440461,16,HIIT05,16_HIIT05,HIIT,31,145.0,207.5
-3.0131557577604,0.991938620111996,-0.022804411617423,-22.8375159904501,4.22960533811209,38.0333320672221,6,MICT01,6_MICT01,MICT,26,111.0,183.0
-2.27680343598138,-5.98613851297391,1.44190653375408,7.55197956807698,62.8156558641392,-151.751631107024,16,HIIT05,16_HIIT05,HIIT,307,145.0,207.5
-8.24016978206997,-22.0171891991061,2.69863126225702,-3.18031009362703,22.3339683495543,44.6915762960624,6,MICT03,6_MICT03,MICT,13,111.0,183.0
-4.84950543652204,8.24010572967738,0.491846960088903,-54.9660025193498,-3.32416301387263,47.1524386368071,6,HIIT05,6_HIIT05,HIIT,19,111.0,183.0
7.08200607798939,4.89197857775925,-1.95433504844155,-29.642780944878,-85.3766175197774,110.469346624131,16,HIIT06,16_HIIT06,HIIT,160,145.0,207.5
1.14172513537317,-0.0258289891949854,-1.33374617611056,45.9900008660144,-20.2404337491692,73.5467174337017,6,MICT02,6_MICT02,MICT,181,111.0,183.0
13.036145145263,6.80437152545212,7.72408559726362,-233.986688625971,-32.640876332859,-253.75415325756,16,HIIT01,16_HIIT01,HIIT,145,145.0,207.5
1.1663195565334,-3.45319500537837,-1.74480057998093,3.62978598175006,27.9254767851444,-54.0920484651238,16,MICT04,16_MICT04,MICT,215,145.0,207.5
0.880415781027727,-2.39007082582329,-0.614302367560044,32.0545619753122,92.7099546497656,-11.501010307989,6,MICT01,6_MICT01,MICT,214,111.0,183.0
5.4537793446965,-2.62885405506937,-3.16508945059522,-44.9017343278921,35.1732508135124,-71.7905242716693,16,HIIT01,16_HIIT01,HIIT,195,145.0,207.5
-0.596310848839375,7.43309685597103,2.16563735968122,-252.31945608017,-190.204383942605,-104.374165492302,6,HIIT03,6_HIIT03,HIIT,67,111.0,183.0
0.97568575581589,4.68251362683989,-0.0857274562427403,-4.23601690575976,-79.4501121049781,59.8445573930355,6,MICT05,6_MICT05,MICT,79,111.0,183.0
-2.902330734029,1.79307011413195,-0.525982220987609,-21.3613875429726,1.24356534424377,45.3739790125035,6,MICT06,6_MICT06,MICT,27,111.0,183.0
-5.06080349136662,-7.17364675921956,2.79389864763283,14.7205042868188,71.2367760888158,-112.05656798732,16,HIIT06,16_HIIT06,HIIT,329,145.0,207.5
-0.247238356527957,5.84462641368773,0.251376486490336,9.67649573495124,-40.96655331077,87.5777504361993,16,MICT05,16_MICT05,MICT,74,145.0,207.5
5.07857829325884,5.90458563280841,1.19661047576528,-52.2488053117952,-136.120178407668,94.0977663549696,16,MICT03,16_MICT03,MICT,128,145.0,207.5
3.53742228952416,11.354499774175,1.03339633288069,-32.0311927463876,-86.7918391696293,152.072865225836,16,HIIT06,16_HIIT06,HIIT,91,145.0,207.5
5.73980926614526,5.34242982210059,0.19302360178661,-42.6593694729506,-144.242517767956,95.2759435313223,16,MICT05,16_MICT05,MICT,141,145.0,207.5
0.69240970817814,-3.94774786716366,-0.798010321811119,349.448575558053,203.566709507577,271.023333687381,6,HIIT02,6_HIIT02,HIIT,219,111.0,183.0
4.28144694658584,6.39381590113248,1.86036753901647,-26.7605022524913,-101.615904478891,100.938991635977,16,MICT03,16_MICT03,MICT,112,145.0,207.5
-0.898484210205761,3.64441090421386,-0.24605780418429,-110.213115155651,-91.0524485124181,15.3597589402845,6,HIIT02,6_HIIT02,HIIT,50,111.0,183.0
1.78904908346926,1.27105474536664,-1.14653199329634,35.5010585639483,-96.017811385072,81.6076632193774,6,MICT03,6_MICT03,MICT,165,111.0,183.0
0.607722928755472,3.72979882998938,-0.127577500063625,-6.91491299375961,-58.707324366884,46.8904310701263,6,MICT01,6_MICT01,MICT,80,111.0,183.0
0.597661616377446,-2.84519659786148,-0.605573171492951,14.1691565552776,101.188419443319,-53.1050149934039,6,MICT01,6_MICT01,MICT,226,111.0,183.0
-4.51854550767595,-7.95101962631275,2.50052155752585,6.466087507758,71.055815835401,-122.322308374966,16,HIIT04,16_HIIT04,HIIT,327,145.0,207.5
4.54431601925572,-2.30218542580276,-3.2686495687607,-2.24986435851873,-15.2785602908092,-7.30052854344252,16,HIIT04,16_HIIT04,HIIT,193,145.0,207.5
-0.27199491075149,-3.98176133643694,1.13487081613327,-19.9434762749806,70.8612551003565,-104.941917726576,6,MICT06,6_MICT06,MICT,288,111.0,183.0
1.25281111069809,-1.35513284057414,-1.44483214315544,54.268244773039,25.2413582492619,50.978774798177,6,MICT03,6_MICT03,MICT,189,111.0,183.0
-0.772887269573468,2.12000844437695,-0.834251217537774,-3.52264307285076,-11.518271137613,50.8812417606273,6,MICT04,6_MICT04,MICT,43,111.0,183.0
4.61922765766917,3.43242824231568,-0.833643470205271,-25.3161076283871,-118.415323818498,88.0987966932182,16,MICT03,16_MICT03,MICT,155,145.0,207.5
1.57826827063719,2.03059672537203,-0.596546775275297,12.6073008336303,-127.040827080156,67.3916756721042,6,MICT05,6_MICT05,MICT,156,111.0,183.0
2.62315331808416,4.15243540186424,0.68565558629538,-10.5447316012431,-165.400858552374,78.0163373538083,6,MICT02,6_MICT02,MICT,138,111.0,183.0
7.80829246930027,11.3605952678439,1.73422145299806,-63.4518327386412,-122.597835688181,159.665904731931,16,HIIT03,16_HIIT03,HIIT,116,145.0,207.5
8.03850854268689,7.21553746314253,-1.05139270135918,-46.0491012758778,-102.65646417562,141.726565870689,16,HIIT03,16_HIIT03,HIIT,146,145.0,207.5
0.0351919401601288,-3.45464670632038,0.324341117395963,-29.540431146126,68.1552804388628,-128.446874173783,6,MICT02,6_MICT02,MICT,275,111.0,183.0
-6.43404724815743,-4.05767727359817,2.8904556286125,20.7845019722138,81.3654728203541,-86.8247940444148,16,HIIT06,16_HIIT06,HIIT,340,145.0,207.5
9.32262030452559,10.1726571513152,0.645005632834982,-56.0547606196841,-137.85111693577,162.894685880801,16,HIIT06,16_HIIT06,HIIT,132,145.0,207.5
-4.69636257150461,1.65309288768927,-0.0725353841758223,27.3253077947252,28.5558554449051,71.0505831085229,16,MICT01,16_MICT01,MICT,25,145.0,207.5
-0.696399451118905,-8.94603800306428,0.0867545524458958,12.6044223903169,55.7405044593941,-195.423048835905,16,HIIT04,16_HIIT04,HIIT,260,145.0,207.5
3.23812595329035,0.97098873628974,-1.47315128805417,3.13781137952447,-67.0810035116326,63.9928346756148,16,MICT04,16_MICT04,MICT,176,145.0,207.5
-0.836929120150366,-4.48579325568571,0.0271729321866601,2.83311686950375,76.1775562421191,-132.247480072613,16,MICT01,16_MICT01,MICT,262,145.0,207.5
-5.27219776564906,-6.87761328524612,2.60780468869529,9.9955390249867,73.4309480900812,-111.438615636368,16,HIIT04,16_HIIT04,HIIT,331,145.0,207.5
-2.3740327708003,6.33311506563496,0.0698249159046664,-1.7942538981804,-11.7589286950164,106.717042277409,16,HIIT03,16_HIIT03,HIIT,52,145.0,207.5
-5.43472359804508,5.46032873258581,-0.160023925264761,18.7862858598904,29.0065005204763,108.064308569118,16,HIIT05,16_HIIT05,HIIT,36,145.0,207.5
-1.49618239440626,0.959167724116468,0.276473920770064,20.462929182001,36.2010688464813,6.10330499843517,6,MICT05,6_MICT05,MICT,351,111.0,183.0
-1.7424731380476,3.27398152443352,-0.337498414499735,22.2596053314613,-3.01924925790738,78.5158856146335,16,MICT05,16_MICT05,MICT,50,145.0,207.5
-1.00088424944718,-7.39853087461226,-2.03179949868873,182.035137707438,95.1173416719854,153.732042178032,16,HIIT01,16_HIIT01,HIIT,251,145.0,207.5
-2.23230612132058,-5.6559977449546,0.722746390000027,15.6955338995495,40.9752411201496,-30.9349716931493,16,HIIT03,16_HIIT03,HIIT,352,145.0,207.5
-1.59064636774243,-4.88989514267818,0.44014126002596,-13.5106876978898,76.3039665669491,-148.31269914719,16,MICT01,16_MICT01,MICT,279,145.0,207.5
-14.4204684795235,-23.2670313150682,2.07832408821252,48.8721898651367,71.6372946088952,70.7187311735425,16,HIIT04,16_HIIT04,HIIT,15,145.0,207.5
6.32507916009902,5.45396599344698,-3.73278599662405,-338.35287759289,-72.5689815451833,-280.403019971631,16,HIIT01,16_HIIT01,HIIT,151,145.0,207.5
3.86935440366205,4.09182405683432,-0.629034888961359,-337.717418200749,-115.318635302873,-300.424328240005,6,HIIT05,6_HIIT05,HIIT,140,111.0,183.0
5.1191713514959,10.8729305693045,1.32030658118525,-36.2142117571666,-98.8866231431119,156.59953700461,16,HIIT04,16_HIIT04,HIIT,102,145.0,207.5
-0.258125145768896,12.9216299784563,-11.7196857355595,-3755.44722618712,-2073.40530330612,-787.929680764462,16,HIIT02,16_HIIT02,HIIT,115,145.0,207.5
6.07358087854353,0.891165669529405,-3.33220106415717,-9.95858614720549,-37.5665944141388,60.6876364868472,16,HIIT03,16_HIIT03,HIIT,177,145.0,207.5
0.0416367243536042,-4.03849577802126,0.575464986508255,-23.6157025216817,76.2840045574103,-124.80268583143,6,MICT06,6_MICT06,MICT,275,111.0,183.0
-6.55836029877045,-13.842872598427,1.29107884845436,25.4832547976187,37.4381622819144,31.8517435351512,16,HIIT04,16_HIIT04,HIIT,7,145.0,207.5
-4.9927922531541,2.86503413458152,-0.231005672661003,36.2460744019552,33.560526418866,73.8118139251779,16,MICT05,16_MICT05,MICT,24,145.0,207.5
-0.664692985809537,-3.03130466561673,0.414232867714509,-41.2065092259303,62.6014325834829,-102.56582205353,6,MICT05,6_MICT05,MICT,299,111.0,183.0
-1.45851660820118,-5.51638415679985,0.532340098531051,-0.903897723965235,80.8617944595724,-145.489636187682,16,MICT03,16_MICT03,MICT,277,145.0,207.5
-0.377063521718618,3.1923313033831,-0.409939951163385,5.58264010726005,-27.0106579367057,50.8558506521604,6,MICT04,6_MICT04,MICT,58,111.0,183.0
-1.80790503931049,4.03298165455145,-0.0476034989116413,-124.468371381869,-104.752034102833,14.7426142992828,6,HIIT03,6_HIIT03,HIIT,45,111.0,183.0
0.290359645822492,-7.70170401650353,-1.5127809936076,199.114495254852,82.7601283944854,153.979817482429,16,HIIT01,16_HIIT01,HIIT,239,145.0,207.5
0.854308514564952,5.09054119619976,-0.126477112795243,-16.4703981224837,-87.6699264225244,55.3661207247131,6,MICT03,6_MICT03,MICT,78,111.0,183.0
-3.37723552712475,4.72495470798269,0.622238558484362,-122.264918297208,-79.6070284101855,15.8233441933329,6,HIIT01,6_HIIT01,HIIT,33,111.0,183.0
-0.682710882747877,-3.80634457803171,0.414209473057127,-7.93220851838675,89.7377670583462,-63.1682611673045,6,HIIT06,6_HIIT06,HIIT,313,111.0,183.0
1.53177230210999,-3.43581987129305,-1.71220710446308,20.174395812096,19.0037297615633,-41.5856306734753,16,MICT06,16_MICT06,MICT,213,145.0,207.5
-0.180750698425359,-7.70476921315838,0.368581035181321,199.907214523816,95.5926304229836,162.770313536893,16,HIIT01,16_HIIT01,HIIT,247,145.0,207.5
-2.43855039375738,-4.59799270314152,1.43828541987494,-19.9098581471378,72.2286703550764,-98.2530162687923,16,MICT05,16_MICT05,MICT,325,145.0,207.5
-0.448205480059587,-5.064826017058,-0.247938472443109,8.0701146941392,78.3282053434415,-131.157430577342,16,MICT03,16_MICT03,MICT,257,145.0,207.5
-1.56613114031436,2.85471841949368,-0.419217052567063,26.3025792848196,-2.6714786774608,80.7293406509044,16,MICT04,16_MICT04,MICT,45,145.0,207.5
3.46236274319539,4.90413835213779,0.367510631904084,-229.614763584389,-164.17540866275,-195.077531472455,6,HIIT02,6_HIIT02,HIIT,132,111.0,183.0
3.43504903616587,2.03170575588764,-1.1863193425628,-166.715979076776,-105.768691154044,-159.681641710032,6,HIIT02,6_HIIT02,HIIT,157,111.0,183.0
-0.691197278127801,-5.22563323039747,1.67557062947503,-3.79235965602633,103.024816224422,-90.9488337883339,6,HIIT06,6_HIIT06,HIIT,285,111.0,183.0
-0.786291164572806,6.17818802925543,0.802254197475642,-215.924293751236,-170.11236988629,-76.4321390896057,6,HIIT03,6_HIIT03,HIIT,64,111.0,183.0
-0.641863593615148,-3.5852432608122,0.277132010623272,-37.0492326406493,55.3120808480376,-112.21991065676,6,MICT04,6_MICT04,MICT,287,111.0,183.0
-2.01158468275791,6.80866977453424,0.34568218647849,-4.73015378682801,-18.7089702984873,108.142166948593,16,HIIT03,16_HIIT03,HIIT,56,145.0,207.5
6.87770077627915,10.6892375331508,1.48704291084146,-51.7861706075245,-120.892834506983,159.898065378638,16,HIIT04,16_HIIT04,HIIT,113,145.0,207.5
-3.35699931044321,1.95599748327484,0.0207046495956613,-21.3263168429992,8.05348924229758,38.7313382438794,6,MICT01,6_MICT01,MICT,24,111.0,183.0
-9.98640831560573,30.1073881461329,1.54552690702809,54.9000219674998,62.0650251121152,86.9895553784944,16,HIIT02,16_HIIT02,HIIT,344,145.0,207.5
3.43642934112149,2.67513794993812,-0.815916370443362,-205.766302899778,-119.689986409141,-192.242004422359,6,HIIT02,6_HIIT02,HIIT,150,111.0,183.0
6.70100278016038,-0.539288461629983,-3.11496642702531,-148.060299163082,26.4043754213531,-157.738582842182,16,HIIT01,16_HIIT01,HIIT,183,145.0,207.5
-1.87966877810937,7.17161422710953,0.0065804355665682,-1.65621809825905,-17.6052301858242,117.579847976065,16,HIIT06,16_HIIT06,HIIT,59,145.0,207.5
2.95156420874853,-1.63893071499554,-2.35759596590057,360.764359869972,-49.9673156740613,353.173985969175,6,HIIT03,6_HIIT03,HIIT,182,111.0,183.0
0.0927909437793456,-5.45311925458971,1.20715792597841,64.9412949732652,141.923245469259,-58.2620594702667,6,HIIT06,6_HIIT06,HIIT,266,111.0,183.0
-5.26907831796048,-15.6617317340229,2.29492794816143,-12.6701900935389,9.06039143375998,26.517895804324,6,HIIT05,6_HIIT05,HIIT,8,111.0,183.0
5.0464734551091,5.12294970109167,0.0082133477735811,-46.8959087383234,-136.956734679496,93.8742648824258,16,MICT03,16_MICT03,MICT,138,145.0,207.5
-1.60331127305627,-4.94974970813695,0.513846837355599,-4.30860727537754,76.1944670132468,-138.576339238519,16,MICT03,16_MICT03,MICT,283,145.0,207.5
0.339357358372256,-3.94874625782949,0.607440631301792,-22.1071915912526,83.0376346349564,-127.887192466723,6,MICT05,6_MICT05,MICT,270,111.0,183.0
0.564269852925443,-5.1377075700392,1.74801417836662,100.932908272549,162.988051264933,-30.328011352342,6,HIIT06,6_HIIT06,HIIT,252,111.0,183.0
0.959707911649291,4.96979284863508,-0.0806203319792766,-4.38668140784645,-80.1394170565403,61.168772217332,6,MICT05,6_MICT05,MICT,78,111.0,183.0
5.0053677925722,4.38131759907661,-0.0950871990275934,-33.167201538252,-127.167463363397,94.6954017995043,16,MICT03,16_MICT03,MICT,147,145.0,207.5
-18.4798755292205,-45.8551315040135,3.94372812845533,42.7643746725285,63.2684444598761,59.3283751372994,16,HIIT04,16_HIIT04,HIIT,13,145.0,207.5
3.9891044556081,6.30053439978779,1.40936894508188,-7.43196921649812,-87.0543861721012,105.56048204411,16,MICT02,16_MICT02,MICT,106,145.0,207.5
-0.308781226169168,3.76848303762352,-0.348803778454997,6.07853646161884,-32.6515347947384,53.1881940850192,6,MICT04,6_MICT04,MICT,61,111.0,183.0
5.60144961310324,-0.568483323041694,-3.20704121348267,0.548475279717176,-34.9286038843178,23.5155917679905,16,HIIT05,16_HIIT05,HIIT,185,145.0,207.5
8.47724336382796,9.13828694128852,0.52471338256981,-52.9908529276858,-130.757126786114,154.54037705401,16,HIIT06,16_HIIT06,HIIT,133,145.0,207.5
0.0822398723636096,-8.85799750193949,-0.822616961661379,24.5726634930255,56.6054634492791,-178.687694669733,16,HIIT05,16_HIIT05,HIIT,253,145.0,207.5
-8.06030048117703,2.15694445206612,-0.0109117187193145,158.723983086585,133.12097024624,-87.6475175157357,16,HIIT01,16_HIIT01,HIIT,28,145.0,207.5
1.22888328282623,-1.46003386990977,-1.47417075782894,53.8971578590476,30.1516605801713,48.4682197737006,6,MICT03,6_MICT03,MICT,190,111.0,183.0
1.81364128949329,-2.04766894706006,-1.88151578107527,8.39059465190591,-1.59485502286365,-8.65366192619051,16,MICT04,16_MICT04,MICT,201,145.0,207.5
-1.41268498589385,-2.86853592288532,0.46140898341848,-29.9270070795441,74.1574928084954,-130.757975485863,16,MICT01,16_MICT01,MICT,310,145.0,207.5
8.22143336116338,8.03625161026092,-0.772679346633104,-49.8412765183434,-119.245313363861,143.90388541381,16,HIIT05,16_HIIT05,HIIT,141,145.0,207.5
-0.263507772681732,-5.0962067005012,-0.438800852984388,11.1549999740402,78.745724887443,-123.424600975014,16,MICT05,16_MICT05,MICT,251,145.0,207.5
4.28211552279357,9.25707725830211,0.582284418666419,-115.948003419007,106.85627786724,37.475118530251,16,HIIT01,16_HIIT01,HIIT,98,145.0,207.5
4.10171736609011,2.74510291219288,-1.14279044276615,-215.079387890072,-86.110845572586,-197.78524298912,6,HIIT06,6_HIIT06,HIIT,153,111.0,183.0
8.13719598774773,8.50260717184896,-0.273763756146756,-56.8546601004562,-117.573100790869,149.293574479503,16,HIIT03,16_HIIT03,HIIT,137,145.0,207.5
0.802159785318092,-4.76020235322081,-0.566544897120404,423.441025490252,231.971404489045,339.51963912355,6,HIIT03,6_HIIT03,HIIT,220,111.0,183.0
3.07021747728934,5.56214509542086,0.76200327478151,-13.6911641698928,-148.547582206351,83.747364690159,6,MICT03,6_MICT03,MICT,113,111.0,183.0
1.97109154892287,-1.54392766308096,-1.82879753885882,392.952159784731,-19.1932696034919,370.076932612268,6,HIIT02,6_HIIT02,HIIT,185,111.0,183.0
-0.502098948317903,-5.10466806532061,0.886387731679809,-27.343820112447,86.3042972265198,-98.5367614452243,6,HIIT05,6_HIIT05,HIIT,291,111.0,183.0
4.63928523929187,5.96094409054674,0.870005240673876,-30.9550859058676,-118.507381699394,102.566221012303,16,MICT04,16_MICT04,MICT,117,145.0,207.5
-1.51562457648638,-5.08825595499679,0.346454194650127,-4.29479700648379,85.0698527545279,-62.3147168374763,6,HIIT02,6_HIIT02,HIIT,324,111.0,183.0
-0.0999549962587307,-3.31243972434156,0.626257273975414,-17.0595154647408,69.3174172145486,-108.05636830364,6,MICT01,6_MICT01,MICT,281,111.0,183.0
-1.27396161972935,2.36692409617674,-0.868439143993018,-11.275269969526,-8.96595052679019,51.0375709159864,6,MICT04,6_MICT04,MICT,38,111.0,183.0
0.815146552958911,-4.04267466764109,-1.10004997966619,438.943018068926,154.792716260538,384.783443801963,6,HIIT01,6_HIIT01,HIIT,209,111.0,183.0
-4.37044264703826,3.72644380228091,0.49545624265026,-109.708743285044,-46.5616210997191,30.8254420784073,6,HIIT05,6_HIIT05,HIIT,29,111.0,183.0
5.74795821051896,6.0142976623815,0.76690116654393,-57.1016765601805,-138.028976748885,97.4366948090098,16,MICT06,16_MICT06,MICT,131,145.0,207.5
-0.420400331776846,-2.04730541772613,0.326194369163885,-35.1942939389427,54.5119671366761,-99.8560860237943,6,MICT02,6_MICT02,MICT,306,111.0,183.0
2.05815384649341,5.58027824279494,-0.282747780546957,-2.84797816899385,-106.670121492909,79.146563314237,6,MICT03,6_MICT03,MICT,96,111.0,183.0
-1.24239165679742,-3.81045051923762,0.363255339104951,11.5042104338204,73.1614397419984,-53.4983984319384,6,MICT06,6_MICT06,MICT,324,111.0,183.0
-0.660138681847961,-2.43030533860203,0.403202138121727,-33.9816656192321,64.8519636769755,-102.845886336224,6,MICT03,6_MICT03,MICT,308,111.0,183.0
-2.75245006586411,-4.85241153114118,1.58263658412353,-18.6700999359146,72.3795630373935,-102.656940535995,16,MICT03,16_MICT03,MICT,326,145.0,207.5
1.09392980688447,-2.85743432847792,-0.807229609458431,13.2298235414286,89.1147056180968,-47.0544971186418,6,MICT04,6_MICT04,MICT,215,111.0,183.0
-1.51809687691063,-3.14678149390305,0.669870397271071,-22.2852300393892,72.5813272626845,-120.013054198797,16,MICT02,16_MICT02,MICT,316,145.0,207.5
-0.761763222809382,-3.33950487400329,0.685923760531299,-28.0471926156949,69.6601386565998,-111.793675005153,6,MICT03,6_MICT03,MICT,296,111.0,183.0
-0.0742948104900333,5.42299975264142,0.106349869491577,25.5690148651252,-36.5614854954098,87.2359112079174,16,MICT02,16_MICT02,MICT,73,145.0,207.5
4.50797565728188,7.06964994919622,0.015626848304251,-235.825378139623,-179.41910156763,-184.225606041514,6,HIIT03,6_HIIT03,HIIT,121,111.0,183.0
0.0661038946686673,-5.28355245680003,2.65028735327011,39.0070264626295,129.784177991961,-77.3146909943073,6,HIIT06,6_HIIT06,HIIT,269,111.0,183.0
7.52174587211471,10.2091658971826,1.52174961359637,-49.3660173406361,-121.420479918674,159.418222662655,16,HIIT06,16_HIIT06,HIIT,117,145.0,207.5
2.00973096714563,-1.63871001024456,-1.87414372803851,9.24076311377886,-11.1511103979044,4.71371485512381,16,MICT04,16_MICT04,MICT,197,145.0,207.5
-1.53840390040407,-4.31301069602923,0.701587978508334,-14.1811763932787,73.9873160380926,-135.897581733537,16,MICT02,16_MICT02,MICT,288,145.0,207.5
4.04947613620531,7.26248778292858,-0.716019321451709,-184.978712250611,-180.355173241114,-127.374730156262,6,HIIT03,6_HIIT03,HIIT,108,111.0,183.0
3.08401516191812,0.0217437081466856,-1.80744345235182,10.5124896000623,-51.1630304980924,45.8040086675899,16,MICT03,16_MICT03,MICT,183,145.0,207.5
-1.43822754178425,4.34064759419753,-0.133743627550649,8.28469954451074,-13.3486960344995,78.0528796410541,16,MICT06,16_MICT06,MICT,61,145.0,207.5
0.0495835319766573,2.71002720233908,-0.243921582642447,26.3750705342198,43.6676177874902,27.5110044156807,16,HIIT06,16_HIIT06,HIIT,0,145.0,207.5
5.21225751799114,5.84577705801372,1.38796955373903,-41.4401298389417,-136.316508820867,101.457164935476,16,MICT04,16_MICT04,MICT,128,145.0,207.5
4.07137608043819,5.56413446426987,0.12842608408349,-285.502446335057,-135.89807816006,-247.299090308253,6,HIIT06,6_HIIT06,HIIT,133,111.0,183.0
-1.51413261856631,-3.48773040439879,0.658448739954614,-5.44974420398676,65.7717004207079,-60.6039112126183,6,MICT02,6_MICT02,MICT,330,111.0,183.0
-0.103299843012823,-8.4842299349146,0.382233881603948,38.6456901207273,43.6400885306729,15.182220629114,6,HIIT04,6_HIIT04,HIIT,353,111.0,183.0
1.39409382463769,1.3844251384873,-0.769024933823616,31.5639535336334,-90.2134876819131,78.285676996047,6,MICT01,6_MICT01,MICT,167,111.0,183.0
1.34016451700261,-2.45224216107057,-1.2607601382034,27.7928031296955,5.56925188545413,-28.2137423427245,16,MICT01,16_MICT01,MICT,212,145.0,207.5
-4.57104034436569,1.42529125653172,-0.17847375024286,33.3340298313562,27.2040608468484,74.6204094418317,16,MICT05,16_MICT05,MICT,27,145.0,207.5
1.96825307255741,-3.58008425814368,-2.22232518796171,656.891978167186,60.7702905275615,624.219674752509,6,HIIT03,6_HIIT03,HIIT,198,111.0,183.0
-0.673423984097181,-6.04487045027073,0.648743050500005,-13.8790726118756,33.0150554127776,-26.8445802140526,16,MICT01,16_MICT01,MICT,353,145.0,207.5
4.81868291804381,10.5218446411715,1.64353042290569,-46.7173230374757,-94.5197121649417,145.451921076174,16,HIIT03,16_HIIT03,HIIT,101,145.0,207.5
1.34794745985846,8.66965172810363,0.575497164045637,40.3540491630423,142.748085728904,-2.74422638846819,16,HIIT01,16_HIIT01,HIIT,83,145.0,207.5
-9.14345179256774,-30.0283611905121,3.69849272146346,-17.2422258796911,6.57223647882985,37.0000370824036,6,HIIT06,6_HIIT06,HIIT,11,111.0,183.0
-4.1447169405582,13.5216617368201,-0.17581752850478,18.663426916688,44.3055439056748,-7.44653661182349,6,MICT02,6_MICT02,MICT,348,111.0,183.0
-4.56199224075429,-3.71453750064129,0.301432634400405,163.765477996124,103.990257052866,75.6010051983648,6,HIIT01,6_HIIT01,HIIT,340,111.0,183.0
-0.377831494783369,4.94686393159522,0.0104594905972153,17.8230362285005,-33.6731051913484,83.6404025257701,16,MICT04,16_MICT04,MICT,70,145.0,207.5
0.150742374592149,-4.04254122643827,0.62733199524799,-22.7863225328972,78.1447703837544,-126.728773867516,6,MICT06,6_MICT06,MICT,273,111.0,183.0
-0.379061020754376,-3.74674557241673,0.215031249018807,-44.8204408428335,60.3972428432546,-126.95406680873,6,MICT05,6_MICT05,MICT,282,111.0,183.0
-1.72153966288297,-4.23120871183332,0.539985088453341,-19.8049031043937,72.5746086280316,-139.670893876681,16,MICT01,16_MICT01,MICT,289,145.0,207.5
-0.500232630031014,-5.78362252050419,0.537439635525184,17.7015362005502,33.6866122919974,3.01356537729903,6,MICT06,6_MICT06,MICT,353,111.0,183.0
-3.56297924295512,-7.8159501196878,2.32227260729496,7.9446172347766,68.0662898104341,-127.273560761451,16,HIIT05,16_HIIT05,HIIT,322,145.0,207.5
4.00395206901051,3.47565917392088,-1.02374845939379,-323.9950434166,-106.181111585121,-291.048843675875,6,HIIT05,6_HIIT05,HIIT,143,111.0,183.0
0.786083247603488,9.65335602586269,1.11833682660869,-28.672033458367,-62.1736064021914,124.316654486254,16,HIIT03,16_HIIT03,HIIT,79,145.0,207.5
0.234239616082426,3.89340318241352,-0.046233807047595,7.34956960309848,-43.4286703036199,55.5696386825112,6,MICT06,6_MICT06,MICT,64,111.0,183.0
7.38598255792876,5.68679440473638,-1.73719522102028,-31.1483018627442,-87.7631159986873,129.975997718423,16,HIIT04,16_HIIT04,HIIT,156,145.0,207.5
-1.60164870987538,2.94929371584967,-0.38218777950361,31.8956941601186,-0.0823358623673966,84.5224530142859,16,MICT03,16_MICT03,MICT,45,145.0,207.5
-0.330629795046245,6.15510728196247,1.3877271288736,-216.497908249921,-158.510442300683,-75.2255106603915,6,HIIT02,6_HIIT02,HIIT,67,111.0,183.0
-5.61878425138515,4.35996230098889,-0.760638238071865,149.922440319795,147.027924049444,-67.2625267944361,16,HIIT02,16_HIIT02,HIIT,36,145.0,207.5
0.959227085477579,-3.20819710471945,-0.314520606325805,-4.00043114319961,106.744209624344,-80.7908013504571,6,MICT02,6_MICT02,MICT,229,111.0,183.0
-0.628557912741015,2.34475795170188,-0.832233629455632,0.356955692787842,-13.7045266324779,52.9797685719922,6,MICT04,6_MICT04,MICT,46,111.0,183.0
-3.90204514984781,5.60917070327572,-0.0845409469942728,11.3497748471877,13.3463546044479,113.414219346734,16,HIIT05,16_HIIT05,HIIT,44,145.0,207.5
0.277406492842353,3.93180508563143,0.102836127803242,-2.59383126515725,-62.2809743838406,49.4126802412928,6,MICT02,6_MICT02,MICT,75,111.0,183.0
-2.07317134779394,4.0177250080231,-0.315967815822659,-135.20976435411,-80.4938955229076,24.0093955695073,6,HIIT04,6_HIIT04,HIIT,44,111.0,183.0
-6.86307123952809,9.42953492744604,-0.557694895870045,43.3795438002823,59.2321971704435,87.9675214953377,16,HIIT04,16_HIIT04,HIIT,22,145.0,207.5
-1.16370044534787,2.40922143510996,-0.755043984948235,-15.9376910122884,-12.2292069341037,48.4652209409075,6,MICT06,6_MICT06,MICT,37,111.0,183.0
1.7627826570202,2.17751978133629,-0.641315620779963,10.5263239172349,-123.979304813786,72.4642653275347,6,MICT02,6_MICT02,MICT,161,111.0,183.0
-6.85095976410637,9.6034996769585,-0.459742956251972,36.4542511474347,61.0783773227753,83.1490698161798,16,HIIT06,16_HIIT06,HIIT,22,145.0,207.5
3.07683956175406,0.940591250671185,-1.56971545937258,-71.815167101679,-89.2826525497085,-71.5442616157493,6,HIIT02,6_HIIT02,HIIT,163,111.0,183.0
-3.4111071131289,4.42500715881443,-0.26317431961863,2.75369390188247,9.73902535743972,65.2799728730047,6,MICT05,6_MICT05,MICT,23,111.0,183.0
-4.16242052007908,-8.15897754162735,2.0815705836924,15.4525378746069,71.7603805303239,-138.074544382906,16,HIIT03,16_HIIT03,HIIT,320,145.0,207.5
-0.837282011932771,3.94123585119088,-0.251326169615132,19.7873527239983,27.6262419387167,23.1942752039903,16,MICT03,16_MICT03,MICT,3,145.0,207.5
0.389207066776104,-3.13774077226302,0.54320792366337,-36.0045757821657,56.9524507592071,-133.730728065396,6,MICT01,6_MICT01,MICT,263,111.0,183.0
-0.0631772962762732,-4.98254989024758,-0.676495992808858,11.9435913184101,72.5693588538759,-115.577957369917,16,MICT03,16_MICT03,MICT,246,145.0,207.5
-0.713998398034914,-5.11834667910236,0.147660384483608,3.63394380819286,77.5507162023073,-137.123370871799,16,MICT03,16_MICT03,MICT,262,145.0,207.5
-0.654120078076515,4.18341570079145,-0.261150910382718,30.7567462938675,43.9382636595835,29.629990140233,16,HIIT04,16_HIIT04,HIIT,1,145.0,207.5
-1.31159298997029,-3.09961447910659,0.445467559753437,-22.8157318581793,71.9890410193674,-131.558307459723,16,MICT02,16_MICT02,MICT,303,145.0,207.5
0.348854770036493,-5.54990324684599,1.39685583871476,11.4015243287631,122.152693337828,-106.751395959866,6,HIIT05,6_HIIT05,HIIT,265,111.0,183.0
-4.53635984943205,3.93519314325212,-0.427695473138989,41.439634949459,32.8321536803521,73.3450953772539,16,MICT03,16_MICT03,MICT,23,145.0,207.5
1.36629754270567,1.56778527609745,-1.0564343083433,21.0754202145112,-107.308322971529,73.5293618063216,6,MICT01,6_MICT01,MICT,164,111.0,183.0
-0.578041917352362,-2.89744855986606,0.445500313515476,-21.4086066299987,63.8469718690445,-90.7231369797163,6,MICT06,6_MICT06,MICT,300,111.0,183.0
3.07091278916769,-0.144926191597974,-1.7912387921958,14.1740695465395,-51.1797632758645,41.4321002381892,16,MICT05,16_MICT05,MICT,184,145.0,207.5
3.1567440212793,5.40727859967158,0.78846854834058,-14.8292460807487,-156.530894918605,84.7273216347398,6,MICT03,6_MICT03,MICT,117,111.0,183.0
-8.01834546368719,5.58606058219162,-0.601472045412131,162.390808237657,130.739541574413,-95.558681919751,16,HIIT02,16_HIIT02,HIIT,18,145.0,207.5
2.58061171900507,5.30464154364908,0.704574228992549,1.13328354428043,-134.316948518073,89.0589689479643,6,MICT05,6_MICT05,MICT,108,111.0,183.0
-0.957688087341909,-4.41341262862124,1.17740102711044,-3.16637011052314,92.5019318218771,-80.224342149312,6,HIIT04,6_HIIT04,HIIT,297,111.0,183.0
7.5527327927169,1.74531129281041,-2.65851248129608,-226.82166617994,11.2825402132089,-220.679557886892,16,HIIT01,16_HIIT01,HIIT,173,145.0,207.5
4.73060209196133,3.88341694751168,-0.546383892055217,-23.2708947603731,-124.292430754039,96.6962082462207,16,MICT04,16_MICT04,MICT,152,145.0,207.5
5.5102086879076,10.5603686469948,1.59335587990206,-50.5595844140843,-100.665474703036,147.974270241356,16,HIIT03,16_HIIT03,HIIT,105,145.0,207.5
2.62536635092757,4.09528820452283,0.922395129524766,6.55709290729975,-142.41530148156,93.3845171330238,6,MICT01,6_MICT01,MICT,135,111.0,183.0
-3.10948406147185,-5.02102411794254,0.828112807083297,44.6697113457683,92.7912493681455,-10.3950857362445,6,HIIT06,6_HIIT06,HIIT,331,111.0,183.0
-7.93635557110661,2.72352701478425,-0.0453203058477725,36.0647257004098,46.4700150832565,97.1285521732652,16,HIIT04,16_HIIT04,HIIT,27,145.0,207.5
-5.35480748781727,-7.55849698056626,2.90455687284627,16.5599869454813,72.9468059262195,-103.697198098675,16,HIIT06,16_HIIT06,HIIT,332,145.0,207.5
1.14308812263393,-2.62678756624132,-0.980320196954067,17.8908065147755,81.5796199366319,-31.9018169920817,6,MICT04,6_MICT04,MICT,210,111.0,183.0
-0.400957643253985,-4.21268600672091,1.44222130457308,-25.8938194052298,72.6668219638148,-124.274793007582,6,MICT03,6_MICT03,MICT,286,111.0,183.0
1.01996416053846,-0.365043307251912,-1.09510559666477,50.2827046830688,-9.08655644146864,62.6367845152471,6,MICT01,6_MICT01,MICT,186,111.0,183.0
1.27538933908239,0.641006376174662,-1.01880294336583,42.5461850087241,-59.199218046507,76.883520316515,6,MICT01,6_MICT01,MICT,175,111.0,183.0
-0.963260967239252,-5.25933098528677,0.171151234915965,15.8788499157874,73.3940558856914,-132.712072158605,16,MICT06,16_MICT06,MICT,267,145.0,207.5
-0.466471519797534,-2.9997001711554,0.450342142000293,-36.1103598365754,74.2668888781425,-96.0262502561136,6,HIIT02,6_HIIT02,HIIT,305,111.0,183.0
-1.1342844538096,6.50920620444421,-0.444413350123768,25.8475917973672,38.1491676517636,26.8778235878995,16,HIIT03,16_HIIT03,HIIT,4,145.0,207.5
-0.228482727552135,-3.48117748352249,0.991580919205501,-35.6715831354601,57.4972845240417,-118.787020937344,6,MICT02,6_MICT02,MICT,289,111.0,183.0
-2.76635350022913,-1.63329472421132,0.704998834869474,-2.36599918615765,3.35766789768595,26.0919107789913,6,HIIT01,6_HIIT01,HIIT,6,111.0,183.0
-0.0381740140065431,9.22357725348483,0.952302760785355,-24.0577821807265,-53.6619570989141,119.459186529405,16,HIIT03,16_HIIT03,HIIT,74,145.0,207.5
-0.463595437567653,-2.21010932335883,0.390650120593923,-34.8180524636908,65.0632368699689,-88.5957261676031,6,MICT05,6_MICT05,MICT,309,111.0,183.0
-1.43294616294637,-5.4675398078892,0.721327743648451,5.29502033962446,65.9968038592863,-45.8211730720092,6,MICT02,6_MICT02,MICT,334,111.0,183.0
1.97980378242972,-2.73676864326456,-1.96026384259487,17.532134825815,6.23112728524895,-24.3685752418969,16,MICT05,16_MICT05,MICT,206,145.0,207.5
-3.59229285050424,13.5738422267444,0.233937655995637,28.1633808624015,47.7333839983796,3.58724807989673,6,HIIT02,6_HIIT02,HIIT,349,111.0,183.0
5.06699826824152,4.74297667842773,-0.0475970313459893,-38.0824963529763,-131.192017101759,95.4143872732135,16,MICT03,16_MICT03,MICT,143,145.0,207.5
0.919722597216199,-0.753678004694275,-1.10054515846574,47.3037248897659,11.3413583824541,49.9845606764,6,MICT01,6_MICT01,MICT,191,111.0,183.0
-0.552770172630843,-5.53499110931199,0.476202004365956,1.27603192892475,108.210242632681,-94.7319181545372,6,HIIT06,6_HIIT06,HIIT,280,111.0,183.0
0.128833365602158,-5.52141393459351,-0.931992521069116,22.9045467580323,66.9145021601656,-109.627756674167,16,MICT06,16_MICT06,MICT,242,145.0,207.5
8.09350595027396,10.1446284662434,1.41457416380146,-50.4882499275778,-123.490312964656,164.490622944461,16,HIIT04,16_HIIT04,HIIT,124,145.0,207.5
-1.57079038143527,3.03224459816007,-0.484875805060886,37.64066613895,-3.53320433616037,84.3106770239149,16,MICT02,16_MICT02,MICT,46,145.0,207.5
-0.332874971225638,-3.47156449920064,0.495735963523096,-20.6796317975602,68.305882998231,-108.908182449359,6,MICT01,6_MICT01,MICT,286,111.0,183.0
2.36710077485689,-3.04641181818319,-1.85914201278297,509.311072988542,6.84942614046934,467.125198605659,6,HIIT06,6_HIIT06,HIIT,195,111.0,183.0
0.491975133914641,-3.97932324060566,0.153089478497173,-49.6857819829702,65.405559286668,-160.462967129153,6,MICT06,6_MICT06,MICT,258,111.0,183.0
-0.0765089905056292,-5.7183551724772,0.774932574832155,-10.2223804071771,105.289481606308,-111.402574356236,6,HIIT05,6_HIIT05,HIIT,275,111.0,183.0
0.496635399374277,-6.39213520243618,9.81051567972123,49.3586549868369,51.6791437985897,92.2974632695359,16,HIIT01,16_HIIT01,HIIT,261,145.0,207.5
0.64631439817639,4.86131435406149,0.0047161661499439,-3.59243657601979,-71.9230332071607,59.3150194385276,6,MICT05,6_MICT05,MICT,74,111.0,183.0
2.32227352285436,-6.62680014895495,-2.68113863593692,7.29764873482218,20.6050822416366,-112.484131812471,16,HIIT06,16_HIIT06,HIIT,219,145.0,207.5
1.06352497231535,-0.523606926297144,-1.26818461751423,47.5726521192413,5.20883842345058,65.422470217356,6,MICT02,6_MICT02,MICT,186,111.0,183.0
-0.493191267118984,4.02706483445474,-0.428470073809972,7.95562768887947,-40.3189895727213,61.7933216069417,6,MICT03,6_MICT03,MICT,61,111.0,183.0
2.84226184555451,0.34082152887544,-1.6585798314127,27.1421717159348,-79.6032973558457,21.8955062851024,6,HIIT02,6_HIIT02,HIIT,168,111.0,183.0
3.42382693646267,-6.4327806405967,-3.09529075406822,11.1263196090814,8.72795373367729,-83.3156900529203,16,HIIT03,16_HIIT03,HIIT,212,145.0,207.5
-2.42913673554711,-6.43831455736346,1.03484870657769,126.576847806814,132.853332443295,125.415683045187,16,HIIT02,16_HIIT02,HIIT,290,145.0,207.5
3.0113559857874,10.6600200969583,1.29718075744254,-22.9812410737178,-77.8396800452751,147.190287234159,16,HIIT04,16_HIIT04,HIIT,90,145.0,207.5
0.418228619685027,-5.46670777630125,1.34285288506906,29.8732860815315,132.614603524509,-94.0929899591099,6,HIIT05,6_HIIT05,HIIT,262,111.0,183.0
-1.60730991540271,-5.43367794971104,0.638174465696896,-8.23707818175836,78.0466096909819,-145.32761162481,16,MICT05,16_MICT05,MICT,281,145.0,207.5
-1.40136519420248,-4.7190880472394,0.880388050728025,3.35671332821057,90.1714436755197,-56.9700583937601,6,HIIT04,6_HIIT04,HIIT,319,111.0,183.0
-1.31964515896797,3.08850216128607,-0.911690310193062,-120.487872488924,-88.606042012177,14.4590288726399,6,HIIT02,6_HIIT02,HIIT,46,111.0,183.0
3.80040097679854,6.20686700721203,1.17289018852348,-9.529604374409,-87.7415320850537,104.107868272526,16,MICT05,16_MICT05,MICT,107,145.0,207.5
-1.37643952593634,3.68584748832394,-0.0843156675643354,21.0096952600798,-7.47760817714502,79.4082383874821,16,MICT01,16_MICT01,MICT,59,145.0,207.5
-9.30983117482764,39.0850292842525,1.2136304642154,13.7856115931019,52.9887832721997,-50.1524429916196,16,HIIT06,16_HIIT06,HIIT,347,145.0,207.5
4.09177952804561,2.67736424848575,-0.941989288835171,-10.0907102011325,-105.574965786892,89.9219827470183,16,MICT02,16_MICT02,MICT,163,145.0,207.5
2.24229874702374,4.68092111717083,0.587981355610132,-0.378273421469842,-112.74942413931,77.6131695129637,6,MICT02,6_MICT02,MICT,108,111.0,183.0
-2.23402606020393,5.7789053593872,0.013701709335858,23.1841551361394,39.3216709391371,3.0531072454392,6,MICT04,6_MICT04,MICT,350,111.0,183.0
-11.8564602993116,-10.9431499107368,1.06339359548998,50.3402544280464,73.2984693596254,75.1676130531245,16,HIIT04,16_HIIT04,HIIT,16,145.0,207.5
2.10408169222211,2.18421626550471,-0.906821614743423,19.5475305523753,-130.308149079058,80.6417434774857,6,MICT03,6_MICT03,MICT,157,111.0,183.0
5.42513524001956,6.50299939846642,1.44704321985596,-42.8872240600025,-132.218810449264,100.595909999196,16,MICT05,16_MICT05,MICT,123,145.0,207.5
-2.29406443373256,7.37742522458755,0.297311856939375,-3.91711327519139,-17.6090129472062,113.244806183125,16,HIIT03,16_HIIT03,HIIT,55,145.0,207.5
2.58737843404941,3.49698002680297,-0.10203747757842,-19.413369864561,-179.47352232839,62.0429870333036,6,MICT03,6_MICT03,MICT,146,111.0,183.0
5.27211432749396,3.99106894623906,-0.57735246518718,-24.0451310264703,-129.191064611046,90.5639085562793,16,MICT05,16_MICT05,MICT,154,145.0,207.5
-1.58487153818339,4.02028559318505,-0.153892469701852,9.97510904866637,-8.9827952718741,77.2739396086385,16,MICT06,16_MICT06,MICT,58,145.0,207.5
-1.51335826669375,-4.95995508195537,0.433563278580332,-9.74977104597472,74.9800568578051,-138.692151062462,16,MICT04,16_MICT04,MICT,284,145.0,207.5
4.46210513939162,3.53475384719415,-1.31763812602444,-315.052762818811,-104.552130775504,-284.213470858175,6,HIIT06,6_HIIT06,HIIT,144,111.0,183.0
-0.351486925771167,-5.03876347586626,-0.467621789019926,8.840225779782,77.169922529479,-127.832261287585,16,MICT03,16_MICT03,MICT,254,145.0,207.5
-0.814760663134547,2.65645883559817,-0.725300977123655,-4.30067698517078,-29.6582976111213,58.5671955672045,6,MICT03,6_MICT03,MICT,47,111.0,183.0
0.776269446883825,-4.19365589759175,-1.16407081524178,417.136804911158,165.89097196428,358.068594751088,6,HIIT01,6_HIIT01,HIIT,211,111.0,183.0
1.37536360408161,-3.68557479463939,-1.64651862036419,20.201713534359,24.7279109569522,-49.7873195007265,16,MICT06,16_MICT06,MICT,216,145.0,207.5
2.25711858740772,-4.16885149530939,-2.29592767507124,509.77548944717,73.3996611955946,421.79668311772,6,HIIT04,6_HIIT04,HIIT,206,111.0,183.0
-6.32921029280253,-4.76410657208086,1.59281774714249,-46.4080894036353,3.20471614497775,42.8569789342654,6,HIIT02,6_HIIT02,HIIT,16,111.0,183.0
-0.155442195339984,-3.5265314859906,0.639276474288239,-18.6590938713872,70.4212437480224,-111.220885802916,6,MICT01,6_MICT01,MICT,282,111.0,183.0
3.30171450198578,1.10957442993837,-1.44015071010174,2.4443178838877,-69.7250322443833,66.1968229351398,16,MICT04,16_MICT04,MICT,175,145.0,207.5
-1.09808588846163,-5.18445759804599,0.268335273700693,-6.37225385846133,77.0124031636679,-142.476070744143,16,MICT04,16_MICT04,MICT,273,145.0,207.5
-0.72521876785994,4.78346136200387,0.655836203796883,-151.322237135188,-123.935349485032,-22.295885567724,6,HIIT02,6_HIIT02,HIIT,60,111.0,183.0
2.20032041444872,5.76567716044468,0.409979078395436,-1.03536727158609,-61.2299511805804,96.8555390813734,16,MICT01,16_MICT01,MICT,94,145.0,207.5
-0.627347687490191,-3.67399932388186,0.61491877820775,-20.286566562316,88.5603552069726,-77.992780766803,6,HIIT06,6_HIIT06,HIIT,304,111.0,183.0
3.75281903690715,4.64219163417733,-0.144199185110461,-335.416807727784,-121.690726342951,-296.014599622119,6,HIIT05,6_HIIT05,HIIT,138,111.0,183.0
3.68520426063917,-3.97060631777355,-3.17999221514295,1.39886702080158,0.7388916293766,-49.1775678603717,16,HIIT06,16_HIIT06,HIIT,202,145.0,207.5
2.6981509419952,4.83552082559252,1.02630529634667,-9.41275205871273,-151.201092591614,81.3073212005468,6,MICT05,6_MICT05,MICT,114,111.0,183.0
0.381943364421698,-4.56529282521991,0.646226658798983,64.5857371844277,165.732000235226,-56.3364386344131,6,HIIT02,6_HIIT02,HIIT,250,111.0,183.0
0.0885110368237308,3.72620343926507,0.329678288010612,7.44587702761121,-48.4235841350813,53.8756323842689,6,MICT02,6_MICT02,MICT,71,111.0,183.0
-0.361499822798483,-3.56749625132379,0.279461923515606,-6.53313402575143,82.6863633130011,-65.4343418679183,6,HIIT05,6_HIIT05,HIIT,305,111.0,183.0
2.20904409928375,4.86706531097449,0.562507820140938,7.96578217494131,-95.4063946521683,78.1675872595238,6,MICT02,6_MICT02,MICT,100,111.0,183.0
-1.88911593410777,-3.36321230335475,0.750481093302076,3.70637026572378,74.2857086347095,-41.8219459727548,6,MICT05,6_MICT05,MICT,330,111.0,183.0
1.61569002797645,2.1852251960566,-0.719804237332696,10.6390581716829,-145.913611984482,79.8292793017107,6,MICT06,6_MICT06,MICT,154,111.0,183.0
2.96861776084021,6.10208978420689,0.693997600851596,-4.63843095133015,-77.2668127590297,99.8426187033848,16,MICT05,16_MICT05,MICT,99,145.0,207.5
0.251617175379684,6.49244702837758,-1.30556833804636,-333.762998597129,-179.61098703705,-195.497228186572,6,HIIT06,6_HIIT06,HIIT,78,111.0,183.0
-2.01805118749509,-6.22207831639356,0.289941762676533,84.2177345228154,94.3585373737983,10.6041363843038,6,HIIT01,6_HIIT01,HIIT,328,111.0,183.0
1.70919349258946,-2.79526091344406,-1.71365353573982,471.357461702425,32.7440077390378,454.1121263121,6,HIIT01,6_HIIT01,HIIT,192,111.0,183.0
0.225150583467136,-4.48090635559912,-1.20364342506056,2.91922028102506,58.7479035751597,-96.3306394374765,16,MICT02,16_MICT02,MICT,232,145.0,207.5
2.57488413682721,-2.43850056182905,-2.29724966070904,390.119830802086,-38.3004932368465,359.894691546504,6,HIIT05,6_HIIT05,HIIT,186,111.0,183.0
1.34291928495155,0.979177291158429,-1.00562147937199,37.6789615219644,-66.9209471786007,80.7096778837307,6,MICT02,6_MICT02,MICT,172,111.0,183.0
0.514197326857084,-3.79504739002788,0.121721739171862,316.535537712618,210.554395499479,232.105873853598,6,HIIT02,6_HIIT02,HIIT,222,111.0,183.0
2.69431160203416,4.38936494049372,0.548840099989752,-8.64918038436252,-158.387728273014,82.8324853010814,6,MICT02,6_MICT02,MICT,131,111.0,183.0
2.64410758554158,5.688738232139,-3.26573822716353,-255.130463316692,-171.014375895009,-167.144837975124,6,HIIT05,6_HIIT05,HIIT,93,111.0,183.0
0.0552714467016016,-4.66083649662047,-0.993052523759024,2.45051658432207,65.0062034595051,-104.690456642782,16,MICT02,16_MICT02,MICT,236,145.0,207.5
3.08501291233467,-5.20243667460528,-2.90503686557362,3.9234324088357,9.9763649031671,-76.8884047772715,16,HIIT06,16_HIIT06,HIIT,209,145.0,207.5
6.72416017843274,2.72669387098111,-2.86826922267508,-18.9206018784426,-73.9445221064375,79.1626634575749,16,HIIT05,16_HIIT05,HIIT,169,145.0,207.5
-7.43936639439195,8.13644071275854,-0.125675078010978,36.1279438961084,53.4386512937999,84.1442584823539,16,HIIT03,16_HIIT03,HIIT,23,145.0,207.5
-4.7137601267615,-14.4140312576654,2.85635715815562,15.9447754240377,76.8695103812234,-92.8361646067634,16,HIIT05,16_HIIT05,HIIT,336,145.0,207.5
-10.5053840157865,-35.2053767198057,4.08106091178694,-28.1673174891921,1.51168329787055,27.7406769402859,6,HIIT03,6_HIIT03,HIIT,11,111.0,183.0
-1.16031364329934,5.20890313839823,0.86168887814874,-160.579104461997,-109.155770467239,-8.80336654372647,6,HIIT04,6_HIIT04,HIIT,57,111.0,183.0
4.78729529015397,12.8927227305174,-3.61557484873581,-3501.42563328684,-1940.97525881205,-767.233273108882,16,HIIT02,16_HIIT02,HIIT,118,145.0,207.5
-3.28210697859446,-6.81978054303367,2.11198155253129,8.6773904412158,67.3525484457859,-132.359094840531,16,HIIT05,16_HIIT05,HIIT,319,145.0,207.5
1.34641244649712,-2.46476514973417,-1.7076444062481,7.64451521054981,4.01764538748927,-24.0712345733926,16,MICT02,16_MICT02,MICT,206,145.0,207.5
0.988402565841378,-3.82690839361494,-0.427054253694504,1.19932493316099,114.488144040916,-90.4822360612532,6,MICT03,6_MICT03,MICT,229,111.0,183.0
1.14953829494887,-1.60999148730786,-1.33130557469494,28.991173176184,29.665132060205,19.3325264718381,6,MICT04,6_MICT04,MICT,192,111.0,183.0
-0.697937909053535,-2.6542275454747,0.424212472664795,-10.9090603025003,67.116701661411,-65.398345790364,6,MICT04,6_MICT04,MICT,319,111.0,183.0
-1.43679702447381,4.82787899599556,-0.193428113557497,17.0543984198089,-20.1653766916398,82.501106484389,16,MICT05,16_MICT05,MICT,62,145.0,207.5
3.50766441949452,5.31280663266046,-0.219983774096478,-197.449802144144,-173.217357096962,-154.485470044066,6,HIIT02,6_HIIT02,HIIT,122,111.0,183.0
-2.34500884535929,-7.06988489086907,1.55667604274934,14.7322650641453,62.3903760502866,-166.932329033972,16,HIIT06,16_HIIT06,HIIT,300,145.0,207.5
0.504064607869318,-3.28645757823307,0.0064520595274015,2.26871199263666,100.012879431765,-93.1388002539318,6,MICT01,6_MICT01,MICT,244,111.0,183.0
-0.82837328577164,3.9600494365465,-0.436423700866513,15.6697643848142,25.6070713157972,21.0027386501058,16,MICT02,16_MICT02,MICT,3,145.0,207.5
6.78837363254774,1.40385891969925,-2.46669712216936,-210.095163893564,12.4183577090779,-205.448154161302,16,HIIT01,16_HIIT01,HIIT,174,145.0,207.5
0.403742573155257,-5.48670303666061,1.43452696134645,23.8848338302512,129.224677210804,-98.2647678033641,6,HIIT05,6_HIIT05,HIIT,263,111.0,183.0
0.300771453627737,-4.38330718629964,-1.27566156040409,2.87952581586968,55.1140603080018,-92.0850712802524,16,MICT02,16_MICT02,MICT,230,145.0,207.5
1.16287622007389,-3.23663818308394,-0.511781209812224,15.5202023653077,109.757186796212,-50.8301992226118,6,MICT03,6_MICT03,MICT,217,111.0,183.0
-10.4593325135974,29.8915138067564,2.9921977102304,31.3674224780662,86.6785813459886,-76.6024816841088,16,HIIT03,16_HIIT03,HIIT,343,145.0,207.5
1.53053583078121,1.67419724629219,-0.849652098400499,20.9488011411491,-111.987991534721,70.7765057314675,6,MICT05,6_MICT05,MICT,160,111.0,183.0
-4.47874510384916,5.27511915583853,-0.0898204121938806,14.0421270040714,18.9774487267737,111.965463577141,16,HIIT05,16_HIIT05,HIIT,41,145.0,207.5
-1.12741230564036,4.24923662756038,-0.120218700434271,32.8881914718695,-18.9627308922908,83.0152516466649,16,MICT02,16_MICT02,MICT,61,145.0,207.5
-5.13353268395827,20.3002845072958,-0.232717759319069,37.212382893166,67.328814177527,1.68723446437191,6,MICT04,6_MICT04,MICT,345,111.0,183.0
3.8904461461342,7.31774064649303,0.273234456305004,-244.291985578959,-165.499947642198,-170.225107242032,6,HIIT04,6_HIIT04,HIIT,117,111.0,183.0
0.625438182233642,-5.2074879083429,0.848050400531554,94.415365237325,167.651345145399,-39.0744284390713,6,HIIT05,6_HIIT05,HIIT,249,111.0,183.0
-3.57333205461459,-4.74429692299874,1.80214984808075,-27.6824253003505,72.4434403188773,-90.9170854916353,16,MICT05,16_MICT05,MICT,332,145.0,207.5
1.46687395197049,1.87131032595113,-1.03750980486373,17.659682858711,-133.668380503888,83.3075825046548,6,MICT06,6_MICT06,MICT,156,111.0,183.0
-0.496123565036362,-2.27597565767853,0.194177791114196,-12.9217129839532,64.8829727218574,-77.5648389407324,6,MICT06,6_MICT06,MICT,310,111.0,183.0
5.23300977847883,4.27530100516181,-0.130077778323061,-35.6841722294642,-124.679861751723,89.8116029439579,16,MICT06,16_MICT06,MICT,148,145.0,207.5
-4.23157806781576,-11.3760590214102,1.27230391758004,-7.57865597423247,13.2282668005429,18.0831238954662,6,MICT06,6_MICT06,MICT,8,111.0,183.0
2.57642527475494,-6.677086495631,-2.40834626175988,17.1616119773061,19.0492040968678,-115.143470556363,16,HIIT05,16_HIIT05,HIIT,221,145.0,207.5
12.9877809396353,7.01324031577651,7.91306435108654,-79.6678451553703,48.8374728902752,-221.317420202144,16,HIIT01,16_HIIT01,HIIT,143,145.0,207.5
-5.84303104370646,5.7432451294244,-0.141799995844562,20.8919257710926,33.3338230784107,105.867917313242,16,HIIT05,16_HIIT05,HIIT,34,145.0,207.5
4.25700675463644,1.98783913224059,-1.52282832008448,-6.31015901242715,-94.1096472999218,76.695679952803,16,MICT03,16_MICT03,MICT,168,145.0,207.5
-2.60508388854774,-2.4253384250927,0.0974684566024987,17.109996719695,23.1518577122184,22.9140641609886,16,MICT02,16_MICT02,MICT,6,145.0,207.5
-0.779493257928006,2.54004367557929,-0.468687316505389,-5.05186383764118,-21.3362115678534,41.212972649081,6,MICT01,6_MICT01,MICT,57,111.0,183.0
0.607688446909577,4.54021404744037,0.137066256679709,-6.17147827722971,-66.9153814030289,50.5741372841196,6,MICT06,6_MICT06,MICT,70,111.0,183.0
3.57980002041634,7.60235559854676,1.6747455164695,-206.74744599053,-167.698026411835,-157.871928584981,6,HIIT05,6_HIIT05,HIIT,119,111.0,183.0
1.06500171083191,-1.38288068438165,-1.27470562955191,37.5193549117886,27.3369769740943,44.6310739653888,6,MICT06,6_MICT06,MICT,186,111.0,183.0
5.00707228893489,-1.94615335449959,-3.42670541819718,1.0997302376887,-13.5571885174483,5.56365371381386,16,HIIT03,16_HIIT03,HIIT,191,145.0,207.5
1.19241033127034,-1.88647850080518,-1.11105283745932,17.8152362308983,52.1624383599303,0.0169488342477604,6,MICT05,6_MICT05,MICT,195,111.0,183.0
4.90387753997333,6.0915036874805,1.21249983732626,-31.8610993536262,-116.674709405337,104.715619409125,16,MICT02,16_MICT02,MICT,119,145.0,207.5
0.674956617772188,-3.68698897788701,0.367527669187027,-16.3688371387262,95.6023593287298,-124.564815625901,6,MICT02,6_MICT02,MICT,251,111.0,183.0
4.27516626904711,-3.6977076999044,-3.16199229309373,5.73005719794364,-3.16084013860012,-32.0334625851684,16,HIIT03,16_HIIT03,HIIT,200,145.0,207.5
2.82448879524554,-0.306989238781918,-1.79208899658611,128.395190612946,-55.3178086303802,139.613627591808,6,HIIT01,6_HIIT01,HIIT,174,111.0,183.0
-6.92014033756446,-4.03667442045321,2.58680329365302,29.8603935864539,87.0668776221908,-84.1860594856893,16,HIIT03,16_HIIT03,HIIT,340,145.0,207.5
-0.555778873876904,-2.31534048212296,0.212867288739741,-6.3483842912252,66.7189456960988,-70.6791098530535,6,MICT06,6_MICT06,MICT,315,111.0,183.0
-4.32756618080157,-0.0132569362009023,0.287131902485616,13.7578606148348,24.8721477509947,54.7319491933057,6,MICT02,6_MICT02,MICT,17,111.0,183.0
-1.98094821227167,-7.94980828945794,0.714226320788858,34.0809332469662,78.7215221458664,-12.6821221746006,6,MICT04,6_MICT04,MICT,338,111.0,183.0
4.18504708797139,6.24129445398411,1.94309022393716,-10.2392874284014,-93.2730983843806,106.036902081313,16,MICT04,16_MICT04,MICT,108,145.0,207.5
-0.238384153932706,-4.68446945692002,0.11130527765058,-16.1911053394916,99.4119950271703,-119.108076963961,6,HIIT02,6_HIIT02,HIIT,275,111.0,183.0
1.14594863009711,5.87311552173665,0.466869548393798,6.00832829341998,-53.8058475351866,92.0615902837759,16,MICT03,16_MICT03,MICT,84,145.0,207.5
1.15968049944903,-2.41108057910849,-1.0681583529595,34.6844564467036,78.1455846307418,0.0860957001265205,6,MICT03,6_MICT03,MICT,203,111.0,183.0
-2.95949362128963,12.6785181673057,0.566873418515459,-13.1993127883856,35.3998128376696,-33.9643922864243,16,MICT06,16_MICT06,MICT,349,145.0,207.5
-20.1727279550557,6.46438650039034,-44.8864790662298,-867.301728229271,-444.503155839255,-363.655281140617,16,HIIT01,16_HIIT01,HIIT,138,145.0,207.5
4.02504957967804,6.29070568787646,-0.0262608795081133,-264.623300412523,-163.513559631056,-213.86832450545,6,HIIT05,6_HIIT05,HIIT,124,111.0,183.0
-1.27583086236023,-2.97487664349121,0.516713283378333,-13.7049611280939,72.717049639042,-123.336246342427,16,MICT03,16_MICT03,MICT,307,145.0,207.5
-3.51678707179632,1.75308234445318,-0.663219769658773,-14.9277367758458,-5.57490704181873,59.7940913642555,6,MICT03,6_MICT03,MICT,27,111.0,183.0
1.18889345663495,-3.00945242046088,-0.899134922505399,14.7419705983544,90.7335887932178,-45.3662788835172,6,MICT04,6_MICT04,MICT,214,111.0,183.0
2.08688904494097,2.06875754110867,-0.907474963384045,21.9071408593609,-126.128070812431,81.1483461084113,6,MICT03,6_MICT03,MICT,158,111.0,183.0
-1.40710756419601,2.92794356501294,-0.415960730187216,25.321174364987,-4.79393192025423,80.0695232809998,16,MICT04,16_MICT04,MICT,47,145.0,207.5
-0.748801973877877,3.18895461493678,-0.151842459850901,18.825971782817,22.9407063682776,33.9390617475812,6,MICT05,6_MICT05,MICT,2,111.0,183.0
-2.26751155052304,-6.84162685285798,1.26700035022659,11.5015772777145,62.2900450604387,-163.284599837658,16,HIIT05,16_HIIT05,HIIT,297,145.0,207.5
6.2884224633609,10.4985691391396,1.64083613349326,-54.3567741181333,-107.097881071948,150.762601570881,16,HIIT03,16_HIIT03,HIIT,110,145.0,207.5
0.0631598118437342,4.09897601051802,-0.0740995696605412,4.96803670886007,-48.3466738247257,59.0505406805967,6,MICT05,6_MICT05,MICT,66,111.0,183.0
-2.0926952326479,-7.6598116240346,1.12223708208236,13.3219660910519,61.6472299857617,-175.179618914356,16,HIIT06,16_HIIT06,HIIT,295,145.0,207.5
-7.65087815051417,3.11902025018806,0.231519462633725,27.1396229113597,40.4346441086474,87.1550839432412,16,HIIT03,16_HIIT03,HIIT,27,145.0,207.5
3.45494447098976,4.65829379191168,0.208380533166048,-241.698409191447,-161.193342396593,-208.644529251491,6,HIIT02,6_HIIT02,HIIT,134,111.0,183.0
3.05052020545263,5.98762493317763,0.779304954305362,1.6052948764964,-74.8444892536573,101.432861576662,16,MICT04,16_MICT04,MICT,97,145.0,207.5
3.5170128583999,1.53413403413806,-1.38365262071398,0.0231436169915744,-77.7521471023385,72.3046262045983,16,MICT04,16_MICT04,MICT,172,145.0,207.5
0.721082881581946,-3.50809137421093,-0.795221890577802,-14.4384014285993,101.114071735101,-108.529932501749,6,MICT05,6_MICT05,MICT,233,111.0,183.0
-5.17939798547756,6.34504200897951,0.420963698468672,-70.4910808068238,-13.6850059364762,50.0106960966323,6,HIIT04,6_HIIT04,HIIT,23,111.0,183.0
2.1750628675773,3.39613429136164,0.369794723211752,-16.23452258249,-163.281182013297,66.2111208093937,6,MICT01,6_MICT01,MICT,143,111.0,183.0
0.780018846953145,-11.4896871070765,0.376241338537769,41.1450659018195,45.2879801906671,16.6157612386233,6,HIIT04,6_HIIT04,HIIT,354,111.0,183.0
-0.960217608878585,-3.95328040632875,0.704078732463062,-3.76376652951657,89.0879096285393,-67.0933726731832,6,HIIT04,6_HIIT04,HIIT,313,111.0,183.0
-1.23729229845822,-5.02984416839021,0.345602510746112,-4.89425781895754,82.5925850206063,-143.851626855392,16,MICT02,16_MICT02,MICT,275,145.0,207.5
0.751617941572697,4.62171927271066,-0.0405305262659095,-4.05281122478173,-73.8291144892404,58.2296288940597,6,MICT05,6_MICT05,MICT,76,111.0,183.0
2.9635751283409,5.69858308735151,0.867597938448827,-10.9262012910681,-134.530449634429,82.9689433237726,6,MICT03,6_MICT03,MICT,107,111.0,183.0
2.49221258167292,6.56916021881684,-2.51655537755196,-221.995101119608,-166.863428296088,-117.870877371875,6,HIIT04,6_HIIT04,HIIT,96,111.0,183.0
-0.610212812778555,-3.62509324667007,0.530075436240305,-20.0235324761955,88.367339845498,-76.945874159621,6,HIIT06,6_HIIT06,HIIT,305,111.0,183.0
-0.217631651739992,8.80201963139788,-8.10909237052974,95.6268132049071,256.20982017972,110.464510777457,16,HIIT01,16_HIIT01,HIIT,103,145.0,207.5
0.759580954432629,-6.97652590197683,0.390961302460884,12.9046081776702,34.5037018483128,-4.23663218406268,6,MICT01,6_MICT01,MICT,354,111.0,183.0
1.21610769824753,7.50302574044291,-1.17108635916629,-309.550666312307,-205.362136914476,-190.691781672441,6,HIIT03,6_HIIT03,HIIT,84,111.0,183.0
-1.99136525335396,1.73772518128721,0.279368314246512,26.235123163572,42.7524896696437,4.64039859778095,6,HIIT02,6_HIIT02,HIIT,351,111.0,183.0
-5.03570277892764,19.5317941879638,1.21073099067347,-23.1399652425473,63.5249012652748,-60.015156689903,16,MICT03,16_MICT03,MICT,344,145.0,207.5
3.37734364837085,6.86415020616696,1.31828723430605,-216.226332758708,-161.423051382121,-167.761101536032,6,HIIT05,6_HIIT05,HIIT,120,111.0,183.0
-11.7784508772093,-29.1488508438643,2.57614935646453,29.069359481971,38.0469064202981,42.3426222493151,16,MICT05,16_MICT05,MICT,12,145.0,207.5
5.22830750298046,10.7748679544768,1.36964986127704,-52.4456453637986,-102.682358292564,149.340793495502,16,HIIT05,16_HIIT05,HIIT,104,145.0,207.5
-1.87312812349081,-4.84770087499945,0.502401788519911,18.7550969569058,72.6102112492951,-30.1671805931315,6,MICT04,6_MICT04,MICT,333,111.0,183.0
0.672100375838259,-3.04629113429163,-0.113659178197108,3.98452623587758,98.529157077779,-77.3511219291427,6,MICT01,6_MICT01,MICT,234,111.0,183.0
-1.50671186884706,-5.06407440991713,0.590826355817118,-2.78332992381965,76.8665724882279,-139.644100510193,16,MICT03,16_MICT03,MICT,280,145.0,207.5
2.35325796139277,6.14799859341801,0.774458682529466,8.22700977148096,-66.1504608756157,98.3835423721528,16,MICT02,16_MICT02,MICT,92,145.0,207.5
5.96528685500277,10.441620131546,1.38698949664832,-39.1938855028229,-103.984485827807,157.332842940178,16,HIIT06,16_HIIT06,HIIT,106,145.0,207.5
2.44625653811488,5.21846529147745,0.697336914856886,-0.37380983393006,-126.232689100731,88.4148249544678,6,MICT04,6_MICT04,MICT,110,111.0,183.0
-5.26553445904567,-8.85239642308522,2.94624608787675,17.1789467621475,73.580962919168,-101.003509556061,16,HIIT06,16_HIIT06,HIIT,333,145.0,207.5
-0.301426963929291,-5.10451972979991,-0.561127886931,0.670530326995377,76.0965228942931,-128.563796322484,16,MICT04,16_MICT04,MICT,251,145.0,207.5
-1.9060680608192,2.38433899445577,-0.377345215863683,-12.0353901983016,-13.3163885235651,52.1421565520388,6,MICT02,6_MICT02,MICT,35,111.0,183.0
8.20126623176655,4.7815626288262,-0.783981798178612,-277.803344994056,-23.2388240480248,-266.749411025602,16,HIIT01,16_HIIT01,HIIT,156,145.0,207.5
-3.04975981524135,-4.45256971905849,1.62993707713076,-19.8753957389239,73.2548652316369,-96.5211732800348,16,MICT02,16_MICT02,MICT,330,145.0,207.5
1.55102146288004,5.93525560462694,0.441802996069661,-5.87216991547996,-56.0802614291235,93.9399535080183,16,MICT06,16_MICT06,MICT,88,145.0,207.5
2.15406879154657,-4.16790182405655,-2.16356356745874,515.831544210959,81.0526559252547,425.418266069851,6,HIIT04,6_HIIT04,HIIT,207,111.0,183.0
3.87847478749328,1.54831658705439,-1.53233439346799,0.989304165404686,-88.1105616549037,68.0047335620144,16,MICT05,16_MICT05,MICT,171,145.0,207.5
1.72975266999785,10.4689091832647,0.839782883356308,-19.6583853735009,-69.9605122586824,139.893109460222,16,HIIT04,16_HIIT04,HIIT,84,145.0,207.5
-2.06856330858131,2.64164659219257,-0.526826901689539,38.3812226882708,2.39050736132444,82.4049426183394,16,MICT02,16_MICT02,MICT,40,145.0,207.5
-0.788460475120864,-4.74089127260904,0.718650365178332,-24.0634500427539,91.3536956695699,-94.0549021319927,6,HIIT06,6_HIIT06,HIIT,293,111.0,183.0
-1.20753026039675,3.1305052062807,-0.381901424339072,24.2590168856137,-8.74051530727239,79.235466406379,16,MICT04,16_MICT04,MICT,51,145.0,207.5
2.20066645275391,5.87489655530094,0.700476592322313,6.33363700136755,-65.6269671018687,97.7965946724235,16,MICT04,16_MICT04,MICT,91,145.0,207.5
2.2194219905036,-1.17712310740549,-1.7186088978171,302.144561165161,-39.5477024696787,283.706808866174,6,HIIT02,6_HIIT02,HIIT,181,111.0,183.0
0.57483546604109,6.13465864566707,0.331500167397011,-2.37263118479202,-45.5586370403443,91.6278699944332,16,MICT06,16_MICT06,MICT,80,145.0,207.5
3.44579219936691,-2.44235526416947,-2.25490754804269,356.925612130169,-27.7823655851634,303.952730294486,6,HIIT04,6_HIIT04,HIIT,189,111.0,183.0
2.99199640946748,-0.208382839632207,-1.86267328803145,11.2266971743407,-46.4855782893762,40.1392341698183,16,MICT03,16_MICT03,MICT,185,145.0,207.5
0.383855551019143,-4.22009410586611,0.727774200307619,167.88672331112,212.160856878821,56.3094884856157,6,HIIT02,6_HIIT02,HIIT,237,111.0,183.0
-1.34968955867415,-2.69619340010105,0.481489148558689,-29.0634019013551,71.7357944819781,-124.473682717298,16,MICT01,16_MICT01,MICT,312,145.0,207.5
3.4630833137263,-5.33088744888479,-2.68598390651875,92.1791784015653,45.5311768082508,49.1481649550662,16,HIIT01,16_HIIT01,HIIT,213,145.0,207.5
-2.38916005554327,-5.0037538714351,1.24139788822729,91.0158341977771,127.269583396995,106.549102521425,16,HIIT02,16_HIIT02,HIIT,308,145.0,207.5
-4.61019943812014,22.2633663079866,0.49790373164933,-25.4826244304171,56.6877271069286,-51.9444247775583,16,MICT01,16_MICT01,MICT,346,145.0,207.5
0.647792773416815,-5.64714627542658,0.164136635060984,34.0954977897452,162.440419401623,-97.7202868760066,6,HIIT03,6_HIIT03,HIIT,255,111.0,183.0
-1.59154409283308,-3.44205882455592,0.687219588661705,-21.5115046911668,73.3456138382478,-132.281457954998,16,MICT01,16_MICT01,MICT,298,145.0,207.5
4.91084502533556,5.50054675172321,1.13419868748467,-33.6460830645418,-119.654874804466,102.921804274895,16,MICT02,16_MICT02,MICT,126,145.0,207.5
-1.22188969802863,5.03598689467312,0.946191507491993,-203.61011674642,-132.487155008161,-45.4231135331181,6,HIIT05,6_HIIT05,HIIT,54,111.0,183.0
-2.21992472184669,-8.07567312985741,1.04036827882785,9.37984454097999,59.9802116662398,-188.583106802874,16,HIIT04,16_HIIT04,HIIT,283,145.0,207.5
0.118514042048881,-3.31892463453129,0.195677093317595,-43.2515795121267,52.8188428917687,-141.425046260798,6,MICT01,6_MICT01,MICT,267,111.0,183.0
3.71188065558708,1.71583891114609,-1.69985592338058,-144.790988621154,-84.2155160969373,-118.605726165847,6,HIIT01,6_HIIT01,HIIT,161,111.0,183.0
0.689047350323528,-4.04774729489048,0.439150209696215,316.933902193745,194.653798802367,210.112656365493,6,HIIT05,6_HIIT05,HIIT,225,111.0,183.0
-4.32254424906436,6.95913851968719,-0.508235065053863,39.2726729831977,40.7860236219374,71.1082416905139,16,MICT05,16_MICT05,MICT,21,145.0,207.5
3.49149882814048,0.72177203063747,-1.67986994148975,5.77863313973096,-66.4726826743686,59.5934639919664,16,MICT03,16_MICT03,MICT,177,145.0,207.5
0.883669441631405,-2.68972276948036,-0.740613288664273,-0.206352258010072,94.96406470281,-56.2521798068772,6,MICT02,6_MICT02,MICT,220,111.0,183.0
-2.42677210280934,-7.03042962824488,1.38811590576799,9.79317194597639,63.7583932690683,-173.804183200121,16,HIIT04,16_HIIT04,HIIT,294,145.0,207.5
0.895329676393343,4.4123539501954,0.0652867638802683,-6.22916333185012,-77.7262881675855,52.6078972496572,6,MICT02,6_MICT02,MICT,82,111.0,183.0
1.52361038111083,9.96659052802761,1.21287432315983,-32.2858355926159,-69.0138097714632,128.391907658185,16,HIIT03,16_HIIT03,HIIT,83,145.0,207.5
-7.33456084557485,3.50372600060712,-0.504370792082913,154.70085524292,143.628305193909,-75.1770567621636,16,HIIT02,16_HIIT02,HIIT,30,145.0,207.5
-0.624533886152703,2.59522981860783,-0.749507804727757,-0.1650682748957,-24.5102536326767,60.706569988669,6,MICT05,6_MICT05,MICT,47,111.0,183.0
0.612970232592715,-3.44644232853681,0.422128668648997,-25.0751132273743,83.0208330174051,-130.541964434004,6,MICT02,6_MICT02,MICT,254,111.0,183.0
-3.26237707126714,-4.27292587552309,1.76521994017371,-25.1833919649082,73.7827490652928,-96.4727064948813,16,MICT05,16_MICT05,MICT,329,145.0,207.5
0.6806159382907,-4.18792399165083,-0.518269492586513,354.416528407899,214.648964808554,270.972582183277,6,HIIT02,6_HIIT02,HIIT,220,111.0,183.0
0.70068775972467,5.49216707210899,0.189502534393084,10.4054499055076,-49.2664557997351,87.5398213806178,16,MICT04,16_MICT04,MICT,79,145.0,207.5
-6.46142764391964,1.4255865546361,1.04195952377383,-53.5953461572215,-9.43484059542588,39.8989140368072,6,HIIT03,6_HIIT03,HIIT,17,111.0,183.0
-1.16894627871576,-8.90928429233874,0.257658058343347,19.3503836196071,53.9436796312758,-184.814885496317,16,HIIT03,16_HIIT03,HIIT,267,145.0,207.5
6.92609123913288,3.24703351584105,-2.67682807046485,-22.9995563992923,-64.4427096599434,96.0453414046068,16,HIIT03,16_HIIT03,HIIT,166,145.0,207.5
2.66122952636444,-0.142306220925533,-1.61575468663684,100.647578524255,-55.8932849937524,112.728750328947,6,HIIT01,6_HIIT01,HIIT,173,111.0,183.0
-2.64056918907366,-6.95056967365143,1.15807708776611,130.341136893916,139.047228167112,130.155912355328,16,HIIT02,16_HIIT02,HIIT,291,145.0,207.5
3.11894256228844,0.712964386329721,-1.56412966973346,4.44010123897455,-61.7746896972072,59.3772875701325,16,MICT04,16_MICT04,MICT,178,145.0,207.5
0.610350576962245,-5.31997094507769,-0.741778201855684,127.421436837381,168.906677896629,4.36211003493918,6,HIIT06,6_HIIT06,HIIT,242,111.0,183.0
0.349358383578372,-3.7083874463107,-0.664733968450091,-24.1027219010727,85.5178002178308,-135.261612471168,6,MICT05,6_MICT05,MICT,251,111.0,183.0
5.00052556993501,4.42734117166677,0.175008748013202,-30.7157513475894,-132.544498485704,100.453569985852,16,MICT02,16_MICT02,MICT,149,145.0,207.5
1.5981133102896,9.82666909205082,0.821815754513385,-25.6730032963456,-69.4519379784908,136.698653275462,16,HIIT06,16_HIIT06,HIIT,83,145.0,207.5
-0.530815233950995,8.03782922988757,0.0482207214067966,68.0467065424347,147.622642714251,-7.93754178533037,16,HIIT02,16_HIIT02,HIIT,73,145.0,207.5
1.11124239404032,-2.10827600851415,-1.20594653110228,13.971824952578,61.9787612466468,-10.4179109546514,6,MICT05,6_MICT05,MICT,198,111.0,183.0
-1.70606478243683,-5.09962906008566,0.826822552047273,11.4370848328265,37.1389322959228,-32.4509449693945,16,HIIT04,16_HIIT04,HIIT,352,145.0,207.5
-2.11347640792828,-4.18205308388036,1.08264345420216,-31.508147076886,72.3425361636644,-112.973656393249,16,MICT01,16_MICT01,MICT,323,145.0,207.5
0.242131659815461,9.31114398658855,-5.64360925394842,-112.224264935961,126.23078872583,64.7141773886182,16,HIIT02,16_HIIT02,HIIT,96,145.0,207.5
16.9710336593398,9.92627342553033,20.6366965252538,116.568986838918,295.838098506784,167.511111897999,16,HIIT02,16_HIIT02,HIIT,102,145.0,207.5
0.823364735664363,-1.64261097478507,-1.02468597862839,38.2713554841582,54.9136400705816,17.3886424733724,6,MICT01,6_MICT01,MICT,203,111.0,183.0
-3.09736344644055,-4.76755642559196,0.906636964164542,28.1813675441897,89.4020184016386,-23.9044944297822,6,HIIT04,6_HIIT04,HIIT,331,111.0,183.0
1.32206611917981,1.22208287546524,-1.00143904709459,30.8720424024353,-79.8046730330399,77.6039931735456,6,MICT02,6_MICT02,MICT,169,111.0,183.0
3.24137086944978,6.30693296557211,-0.636941555876846,-146.199753511647,-168.702583773768,-89.0482280636995,6,HIIT02,6_HIIT02,HIIT,103,111.0,183.0
-0.891350896973772,7.91502378678963,0.0830946783792002,85.163330967208,138.409752045639,-29.6017738616497,16,HIIT01,16_HIIT01,HIIT,72,145.0,207.5
-0.043997449244861,1.65921450549143,-0.140156831431686,21.0903104233737,31.0481179233089,24.9388366142529,16,MICT05,16_MICT05,MICT,0,145.0,207.5
-1.9699822479777,-3.85199619897916,1.07629980067119,-15.1623242659599,72.9299301666731,-110.780382551686,16,MICT03,16_MICT03,MICT,320,145.0,207.5
-2.41147052532286,-4.9127177460837,1.23904456329237,-8.42127237986779,72.9274841245747,-101.070379190719,16,MICT04,16_MICT04,MICT,324,145.0,207.5
-7.26740364474591,5.27359542218602,0.0625803746062404,32.4683334450374,48.0014904881701,81.7781675214491,16,HIIT03,16_HIIT03,HIIT,24,145.0,207.5
2.87796345037851,5.82618974773608,-0.971006740521588,-140.262316260208,-146.225604091306,-93.5403073041426,6,HIIT06,6_HIIT06,HIIT,101,111.0,183.0
-4.2824543713042,6.23655768681267,-0.435992453137323,39.7514772071643,44.3816523987668,66.6681085178864,16,MICT05,16_MICT05,MICT,19,145.0,207.5
2.58958831443016,5.26310648930311,0.931703129360295,15.5363356489748,-106.481858814861,93.1110647134962,6,MICT06,6_MICT06,MICT,99,111.0,183.0
1.092747045004,-4.86510070420297,-0.975528888380636,391.74321333092,156.341269176852,272.438740513988,6,HIIT04,6_HIIT04,HIIT,222,111.0,183.0
0.608100664443936,-3.97867710293821,0.388161395672321,-39.5200840761648,72.5155797193976,-150.278867936845,6,MICT05,6_MICT05,MICT,260,111.0,183.0
1.00873686181935,4.10181665285496,-0.118010807793519,-6.25368955366641,-68.354060894414,52.77299514937,6,MICT01,6_MICT01,MICT,85,111.0,183.0
-3.16470455745232,-5.54132822434354,0.848617454570059,48.6338884034228,92.7289023806747,-6.26289665221625,6,HIIT06,6_HIIT06,HIIT,332,111.0,183.0
5.67339253466984,5.02507762458193,-0.122524321392184,-40.5171481075854,-143.397924365868,93.9505839955922,16,MICT05,16_MICT05,MICT,144,145.0,207.5
2.37626890911598,4.98681328812962,0.66726990738398,-0.052758830241251,-114.173716762671,79.345478726665,6,MICT02,6_MICT02,MICT,107,111.0,183.0
0.376740852062801,4.61569080128602,0.534054920743443,2.01316813627509,-58.0995299497907,61.3117803040736,6,MICT03,6_MICT03,MICT,69,111.0,183.0
8.3298354221517,9.71066441517981,0.910624121560662,-54.4827780586473,-131.978541996557,157.09589556064,16,HIIT06,16_HIIT06,HIIT,127,145.0,207.5
0.793759486559464,-8.68768847044197,-1.51314433769401,21.6819771572671,40.7145565782348,-158.192748646315,16,HIIT03,16_HIIT03,HIIT,241,145.0,207.5
1.52952543667804,5.74022806764765,0.372557401923016,10.0447458339711,-57.007135066171,93.5236488542378,16,MICT04,16_MICT04,MICT,85,145.0,207.5
-2.59044960556951,-4.36931403423104,1.25981616638942,-32.8610401606862,72.498524942838,-106.261512690002,16,MICT01,16_MICT01,MICT,327,145.0,207.5
0.0612466541963341,3.56404735142579,0.0228685706480053,-0.350175781154688,-41.927383036968,47.4739976544451,6,MICT01,6_MICT01,MICT,72,111.0,183.0
4.99160306477174,-3.59020883363224,-3.18404035811772,-3.51830581478687,37.15947640441,-36.5031769306581,16,HIIT01,16_HIIT01,HIIT,200,145.0,207.5
3.78925240112212,5.68673917153174,0.256452777669532,-207.298784074772,-174.987014614541,-168.391319849423,6,HIIT02,6_HIIT02,HIIT,126,111.0,183.0
1.39950162194628,-3.69590037131314,-1.74698245982919,644.993459645419,89.1550761732827,580.642489271731,6,HIIT05,6_HIIT05,HIIT,204,111.0,183.0
-2.32941165374142,2.44861230917468,-0.290492371515486,72.0250369206491,53.470567585503,-46.6337940693541,16,HIIT02,16_HIIT02,HIIT,5,145.0,207.5
-0.961677303926639,4.99586192648296,0.648832735238301,-153.524140185732,-127.844167026913,-27.6075479846474,6,HIIT01,6_HIIT01,HIIT,56,111.0,183.0
5.42932771788531,-2.39293765073953,-3.74357513195644,2.13219958983579,-12.0546941352568,1.93984234082478,16,HIIT03,16_HIIT03,HIIT,192,145.0,207.5
1.24635335871686,-8.19911431402146,-1.54047041945427,185.16910164148,88.8311374298774,150.100252714378,16,HIIT02,16_HIIT02,HIIT,238,145.0,207.5
-0.699457989842906,9.14471879108177,0.490999570064672,-7.58912012246345,-44.4443984839846,125.492615693725,16,HIIT04,16_HIIT04,HIIT,70,145.0,207.5
2.23850611764906,-0.443398131998577,-1.66729549104796,8.52016233636978,-37.5799062657145,29.6669877972224,16,MICT02,16_MICT02,MICT,189,145.0,207.5
1.24257765005614,-3.87254379163952,-1.24248748803545,663.84571126266,110.508212032562,592.591040934987,6,HIIT05,6_HIIT05,HIIT,206,111.0,183.0
-0.698846237093326,2.87972222206485,-0.385237434815651,-2.1454717605738,-25.888140766419,41.8560824884816,6,MICT01,6_MICT01,MICT,62,111.0,183.0
0.984885369301263,-3.77535755117667,-0.509901334513624,2.59924131135146,113.919681278716,-85.0491826075277,6,MICT03,6_MICT03,MICT,227,111.0,183.0
-2.31014027023736,-6.04593015531615,-3.82440353282873,3243.23833957701,1450.26213613983,1432.66099384959,16,HIIT01,16_HIIT01,HIIT,287,145.0,207.5
1.61522918870412,1.93270700321034,-0.710051004041001,12.3869722178307,-115.758529344842,70.9166246080029,6,MICT02,6_MICT02,MICT,162,111.0,183.0
-3.55335647056328,-6.43240565980644,2.02795875767449,79.5815382027703,121.538373436262,105.042387562759,16,HIIT02,16_HIIT02,HIIT,319,145.0,207.5
-3.76559668065412,-7.05652012585814,2.2385711807667,76.9294858877935,118.956769764746,103.955950466837,16,HIIT02,16_HIIT02,HIIT,321,145.0,207.5
2.87167053838985,4.40552844816156,1.42152956784658,-15.9229460237853,-168.821614642891,77.4375846768112,6,MICT04,6_MICT04,MICT,133,111.0,183.0
0.76523562486185,-2.14789749884808,-0.81046443547114,33.6942085770086,86.4062979083801,-4.63022453352005,6,MICT01,6_MICT01,MICT,212,111.0,183.0
-0.681405233563172,7.24443425220962,0.40862231142304,-312.130555024102,-187.294980365588,-150.574388700195,6,HIIT05,6_HIIT05,HIIT,70,111.0,183.0
-4.98718612304913,-13.6372877502032,3.2331257849721,64.912652359578,84.6756270545313,102.963111872162,16,HIIT02,16_HIIT02,HIIT,338,145.0,207.5
-1.47909066846795,-3.60487050065578,0.642504962836499,-9.73411414278916,74.1510121305429,-127.412101195812,16,MICT03,16_MICT03,MICT,299,145.0,207.5
-0.506816626363891,7.12067199055678,0.447871292477093,-325.921855105581,-181.312926795468,-170.721579503882,6,HIIT06,6_HIIT06,HIIT,72,111.0,183.0
-0.328022162156381,-3.13868018397455,0.571012381851381,-19.5804648103679,65.9589369603983,-101.366634304456,6,MICT01,6_MICT01,MICT,290,111.0,183.0
5.05829380424203,-2.05443214189325,-3.19589670542755,6.35508265333722,-21.3733797790986,-4.28672711800954,16,HIIT05,16_HIIT05,HIIT,192,145.0,207.5
6.74670653625958,3.65452534490103,-2.38165899483846,-22.626874907173,-68.687346537166,104.998405729563,16,HIIT04,16_HIIT04,HIIT,165,145.0,207.5
-6.41859541646245,20.9725401072235,0.893115774621615,33.094686534175,36.3318051599572,52.9680370330392,16,HIIT02,16_HIIT02,HIIT,349,145.0,207.5
8.94022801557671,8.2913032435107,-0.819016784003866,-45.9150966813233,-121.219609678752,149.680280954023,16,HIIT06,16_HIIT06,HIIT,145,145.0,207.5
-3.04204274228045,-10.4908261852835,0.665078930186494,83.053646625657,99.4556126095644,13.7595100385365,6,HIIT03,6_HIIT03,HIIT,335,111.0,183.0
-5.08501735994481,10.3955189258231,0.374293605469588,-67.8133933563728,-22.1480948250583,39.8825451556746,6,HIIT03,6_HIIT03,HIIT,20,111.0,183.0
-4.40912044032652,2.24961886829595,1.48204042540757,-16.3446262138872,70.3684498686523,-70.8733250799687,16,MICT04,16_MICT04,MICT,341,145.0,207.5
-0.98269202421619,6.21555041499632,0.300871125329393,-218.226764037092,-171.483305540754,-71.7447036009758,6,HIIT03,6_HIIT03,HIIT,62,111.0,183.0
1.44113977444337,1.40136170567657,-1.08464244828528,29.2601259546956,-87.6815578267292,79.2102426887236,6,MICT02,6_MICT02,MICT,168,111.0,183.0
-2.00389880514639,-7.62193828901693,1.17183272314201,20.7984004967182,77.7252840701337,-19.9129904164813,6,MICT05,6_MICT05,MICT,336,111.0,183.0
0.992303724730547,-8.35847013401604,-1.80200492442921,17.0245628146202,44.2219999863381,-159.563680223179,16,HIIT06,16_HIIT06,HIIT,238,145.0,207.5
0.796238872733747,-2.79983355825825,-0.802768427026166,-0.710819320803974,99.8608545963254,-62.9138752081024,6,MICT02,6_MICT02,MICT,223,111.0,183.0
3.75896579716653,5.48573940937653,0.479919638079723,-226.001878623062,-172.185655109078,-189.187687081767,6,HIIT02,6_HIIT02,HIIT,130,111.0,183.0
-3.1563453103331,-5.7407388548578,1.29838715814201,59.9197531857507,-132.33032650507,-147.292696528456,16,HIIT01,16_HIIT01,HIIT,313,145.0,207.5
5.08801775977822,6.47505265134334,0.841236292320639,-52.7192498779256,-124.261741124064,98.9615485551676,16,MICT06,16_MICT06,MICT,119,145.0,207.5
-1.66262827712463,-5.02606668955492,0.845116286387693,10.4069124466579,36.0585255581378,-31.0295626245488,16,HIIT06,16_HIIT06,HIIT,352,145.0,207.5
1.14666371691152,-0.731719181731501,-1.34572947277889,32.2019131950404,-13.6330893016124,45.9750037017373,6,MICT04,6_MICT04,MICT,181,111.0,183.0
-1.35479494067853,-3.18897553272066,0.539168327641914,-12.1433358258036,73.1387860584961,-125.488961436176,16,MICT03,16_MICT03,MICT,303,145.0,207.5
-1.94907853582476,-9.61710498269088,0.858425948241369,16.1612409063281,59.5958255673005,-195.476904700808,16,HIIT06,16_HIIT06,HIIT,277,145.0,207.5
4.466916947171,-2.50178678803251,-3.25208819173658,-1.65570301647783,-13.6727791535333,-11.5846136023109,16,HIIT04,16_HIIT04,HIIT,194,145.0,207.5
-0.206007601019631,10.0594827694873,1.03460107324371,-24.1731777286258,-54.4127249695732,124.521522572767,16,HIIT03,16_HIIT03,HIIT,73,145.0,207.5
-8.38197284458706,-29.0731194567277,3.89133760548051,-16.0665108784249,9.82511450891387,32.1285185226718,6,HIIT05,6_HIIT05,HIIT,10,111.0,183.0
1.59220390393217,-7.91444863188498,-1.8811084669034,20.4132985302305,34.1745726632208,-144.0363592451,16,HIIT05,16_HIIT05,HIIT,232,145.0,207.5
-0.392467226699077,-3.90408581518645,0.305987494078526,-8.79708713593869,85.7427992828433,-70.1852544050384,6,HIIT05,6_HIIT05,HIIT,304,111.0,183.0
-1.78177703467368,3.88555749193166,-0.239452444657513,21.380230275961,-8.10924267208176,81.1615710492323,16,MICT05,16_MICT05,MICT,54,145.0,207.5
1.91655440764018,-6.6644020839788,-2.01311877761172,18.4564178491589,26.5434297673104,-125.354833786567,16,HIIT05,16_HIIT05,HIIT,227,145.0,207.5
-4.78183265629369,8.87529315328502,1.49989555247034,-19.4211312597059,68.7577627403627,-66.260324945906,16,MICT06,16_MICT06,MICT,342,145.0,207.5
0.132129743943659,3.81960450461773,-0.145162668213747,9.05305161403186,-40.0816340265255,56.1983849258997,6,MICT06,6_MICT06,MICT,63,111.0,183.0
-1.03911538057047,4.39620912257704,-0.0406107118898003,19.599243744404,-22.1932846670755,81.0469943717499,16,MICT03,16_MICT03,MICT,63,145.0,207.5
1.53622115962972,-3.88786012665498,-1.79757844504488,20.974970719127,23.7250094590973,-48.8853004023645,16,MICT06,16_MICT06,MICT,215,145.0,207.5
4.17500416244758,2.92603701515254,-1.17777243009275,-278.84182924484,-90.6950957311107,-255.263794636715,6,HIIT05,6_HIIT05,HIIT,150,111.0,183.0
-1.67542219460548,3.53816493684731,0.0116482368180163,-125.029202385752,-81.4983012005921,14.5518868092733,6,HIIT05,6_HIIT05,HIIT,43,111.0,183.0
3.40318746879293,-2.09680292747481,-2.10269452255048,296.62300757761,-37.6921323336861,251.295836836896,6,HIIT04,6_HIIT04,HIIT,186,111.0,183.0
-2.34927040518851,2.23061872165576,0.261435502322259,36.6587614795512,44.020546573746,13.2325055218186,6,HIIT04,6_HIIT04,HIIT,351,111.0,183.0
-1.59833326279676,-3.30557876082059,0.685055723579408,-7.69744457298911,73.5255516246095,-110.877582659658,16,MICT04,16_MICT04,MICT,316,145.0,207.5
-7.38143502198227,12.0582195898274,0.720578021224295,169.139319518131,101.897897482241,81.5548188852956,6,HIIT01,6_HIIT01,HIIT,342,111.0,183.0
-0.897704940771959,2.54550162063814,-0.618684379926181,0.250788509316146,-25.2794846370587,51.3804150552553,6,MICT02,6_MICT02,MICT,52,111.0,183.0
1.6845400672539,6.93952602216992,-0.65914192970451,-273.269197097288,-185.448932903645,-162.880952599017,6,HIIT01,6_HIIT01,HIIT,85,111.0,183.0
2.48358718798489,-0.173993697920816,-1.63073323887087,135.760168147468,-68.0909374582527,125.56122748226,6,HIIT02,6_HIIT02,HIIT,173,111.0,183.0
5.17963237674596,4.88024368266257,0.498217083412335,-32.299191033347,-121.8847000334,97.577462597918,16,MICT01,16_MICT01,MICT,131,145.0,207.5
1.04025513363156,-4.00693588866208,-0.2283414946151,429.880141759941,158.397807189985,342.060690556827,6,HIIT06,6_HIIT06,HIIT,218,111.0,183.0
4.38142845617272,3.92823678428521,-0.774283992104328,-313.588775228532,-119.517387382805,-282.351153949693,6,HIIT03,6_HIIT03,HIIT,148,111.0,183.0
2.15987719828239,3.90325010083981,0.140858319424066,2.62054529984764,-137.878991669291,88.7538268713485,6,MICT01,6_MICT01,MICT,131,111.0,183.0
2.26265409729229,6.14947994984189,0.73338687515076,8.80088956805408,-64.8931216502552,97.4826140654128,16,MICT02,16_MICT02,MICT,91,145.0,207.5
3.60826658502293,6.61819015447766,0.835248199393144,-6.12330985376277,-85.0303080841408,106.616347443545,16,MICT05,16_MICT05,MICT,103,145.0,207.5
-1.65930899642777,-8.7385505198337,0.844203354677117,17.9631423073632,60.2130565177751,-184.70758494114,16,HIIT05,16_HIIT05,HIIT,276,145.0,207.5
-2.92137421087536,-4.59927321469475,1.71245824990707,-12.177736972412,69.717533707671,-97.040843184739,16,MICT06,16_MICT06,MICT,326,145.0,207.5
-10.6479477002793,35.661440683086,1.98464658763603,18.4884739168671,71.8201308576492,-69.9123757993161,16,HIIT06,16_HIIT06,HIIT,344,145.0,207.5
-5.81223535027986,22.9784531671676,1.5210504531893,16.8166575022374,45.5814216462472,-37.5866056747484,16,HIIT03,16_HIIT03,HIIT,349,145.0,207.5
-1.13102439019976,7.10214989679558,-0.437383919206348,28.9860079483279,41.690945147124,29.7679163381744,16,HIIT04,16_HIIT04,HIIT,3,145.0,207.5
8.28684304095387,8.0315885880848,-0.419062958005709,-46.2214896175881,-120.28306036601,146.74310549051,16,HIIT06,16_HIIT06,HIIT,142,145.0,207.5
0.666650578957566,-8.54669573994859,-1.26586269953236,191.881296055487,97.2465976829899,157.384648899192,16,HIIT02,16_HIIT02,HIIT,243,145.0,207.5
-10.9881836843628,46.3918351132474,2.82375739754647,27.7101904340711,75.1694878893447,-64.2643844767505,16,HIIT03,16_HIIT03,HIIT,345,145.0,207.5
2.34105143917839,4.01833534221674,0.299966752466263,-5.24638241348416,-177.58987834471,78.3100775574456,6,MICT05,6_MICT05,MICT,137,111.0,183.0
-2.77971706372205,-6.29136573828586,1.41083624555833,5.43836380721154,83.7387311468202,-34.2863440947678,6,MICT03,6_MICT03,MICT,339,111.0,183.0
1.10179478049945,0.0809182472819283,-1.23377996500056,43.6111282770454,-25.0676371409037,72.0742586237239,6,MICT02,6_MICT02,MICT,180,111.0,183.0
-1.33241115533741,3.26739914358645,-0.332537250540288,35.5851051554626,-8.39668633403631,82.5497333304769,16,MICT02,16_MICT02,MICT,51,145.0,207.5
-1.01049608956555,2.12010072398159,-0.842281032772817,-8.1759350111654,-10.011624558251,49.953215394296,6,MICT04,6_MICT04,MICT,40,111.0,183.0
0.832132470564358,6.65570558228172,-1.05439833880771,-294.331189034765,-189.360256325754,-162.941487840988,6,HIIT01,6_HIIT01,HIIT,78,111.0,183.0
-0.554081252578181,-2.07839051464364,0.389848360559703,-16.5070398782586,63.1805235629949,-69.9138736693543,6,MICT04,6_MICT04,MICT,315,111.0,183.0
0.0031537571687502,-6.34658374186996,0.517036211933353,-26.4660098656668,107.159505358094,-132.763864408435,6,HIIT03,6_HIIT03,HIIT,279,111.0,183.0
-7.61155133711917,3.82128570472882,0.183505819396104,30.6432997236157,45.3413171660303,83.5382053379469,16,HIIT03,16_HIIT03,HIIT,25,145.0,207.5
3.98932181771052,1.95045234117635,-1.37323212772849,-7.13634792089603,-92.7923807955097,75.6944831051696,16,MICT03,16_MICT03,MICT,167,145.0,207.5
-0.323380212765408,-1.80746272333744,0.150927966501012,-38.0999598308498,51.1303292503599,-94.7704341646916,6,MICT01,6_MICT01,MICT,314,111.0,183.0
-0.800344352619125,5.06631638000805,0.0174248954771311,5.25826775156576,-25.5356165929481,82.3454840558869,16,MICT06,16_MICT06,MICT,69,145.0,207.5
-2.51850955640786,5.20886551868539,-0.402133040594965,119.960869919679,127.715514891965,-54.2207026891715,16,HIIT01,16_HIIT01,HIIT,55,145.0,207.5
4.21247786085689,5.40045622337262,0.878847967189722,-15.3940251726185,-89.1393685928237,100.872684714389,16,MICT01,16_MICT01,MICT,114,145.0,207.5
-4.28054651618306,-8.07876191039261,2.6272043993188,72.2874345596027,112.822532150603,102.722053115046,16,HIIT02,16_HIIT02,HIIT,325,145.0,207.5
3.2291427857973,0.112044956465519,-1.53409907043157,26.9776395243603,-58.8515911237999,48.7200459793509,16,MICT01,16_MICT01,MICT,185,145.0,207.5
-2.61304689169162,-6.43195006171176,1.23823847875807,119.954667663676,137.088426132851,124.581217251048,16,HIIT02,16_HIIT02,HIIT,296,145.0,207.5
2.95370187974846,-6.11303001519025,-2.55553325106346,15.8023975791045,11.8879953818145,-98.8303427638813,16,HIIT05,16_HIIT05,HIIT,216,145.0,207.5
0.905989941878676,4.79893345102414,-0.105256391260444,-9.94511527905724,-81.4074263604734,51.8881842010808,6,MICT06,6_MICT06,MICT,75,111.0,183.0
2.84573473123092,-0.752410024609707,-1.65179535733704,32.3232932343351,-39.9816696673346,30.2619805284019,16,MICT01,16_MICT01,MICT,193,145.0,207.5
3.25621167113933,-4.76618434706677,-2.49859661219771,81.9103600731169,42.6673509459849,41.362922203744,16,HIIT01,16_HIIT01,HIIT,212,145.0,207.5
1.23730665448776,-4.73674647404183,11.2670510944519,3254.24685453757,1564.14146841034,1566.44585192632,16,HIIT01,16_HIIT01,HIIT,276,145.0,207.5
5.71697960140812,-1.15967750772597,-2.9215435983437,-107.754907776849,28.6502718223828,-122.891287912066,16,HIIT01,16_HIIT01,HIIT,187,145.0,207.5
-1.30553303491005,-3.04914890830589,0.519815036008457,-13.0102205494415,72.8755476638851,-124.448691574576,16,MICT03,16_MICT03,MICT,305,145.0,207.5
4.37702177434292,6.27538275933928,1.63326119170063,-15.3325758297912,-96.5688320727087,105.814967052049,16,MICT02,16_MICT02,MICT,110,145.0,207.5
-0.838745976509917,1.71212101228646,-0.617875567506562,-18.0063233486074,-13.5582816622786,38.3875821789724,6,MICT01,6_MICT01,MICT,44,111.0,183.0
-5.4470873724055,3.94124737531642,1.00403085159684,-102.254044278041,-58.4014871483631,26.6108065786795,6,HIIT01,6_HIIT01,HIIT,26,111.0,183.0
-4.89331952513194,10.4024163150354,0.179724678558578,26.5574659273197,71.1342669295264,-17.2422442559256,6,MICT02,6_MICT02,MICT,343,111.0,183.0
-0.0532614440180454,-3.85608163814608,0.387426157313515,-11.5137211900281,79.596474150147,-112.574012547689,6,MICT04,6_MICT04,MICT,273,111.0,183.0
0.582265780803005,-4.78665043108316,0.770917095272777,97.0194206665646,164.339245561497,-32.0221128088021,6,HIIT05,6_HIIT05,HIIT,248,111.0,183.0
1.44911178534136,1.40869076597342,-0.927343175651128,24.9410209384482,-101.464210822787,71.3443308150926,6,MICT05,6_MICT05,MICT,162,111.0,183.0
0.569262972471728,-3.55186922640862,-0.436456066335019,-7.91228923870185,107.164865522017,-107.498415368608,6,MICT02,6_MICT02,MICT,243,111.0,183.0
-8.79522215926882,33.5349658343566,0.921620530373941,55.615696682728,-35.034866913288,-94.3732827015537,16,HIIT01,16_HIIT01,HIIT,346,145.0,207.5
-0.806727571250126,-9.0582825837106,-0.195324675783501,20.8690450177008,57.7049259553413,-187.894694820092,16,HIIT06,16_HIIT06,HIIT,264,145.0,207.5
-1.72915833062421,8.00989615794805,0.202402709659313,1.37601102974286,-27.5411192051844,120.052270264803,16,HIIT04,16_HIIT04,HIIT,62,145.0,207.5
-0.534757050983705,-3.40644164667744,0.323062720881694,-25.8710745952922,58.4058255999788,-81.0242516170925,6,MICT01,6_MICT01,MICT,324,111.0,183.0
-0.38480894650356,2.98598873771321,-0.419281987590594,6.73975937087954,-29.5758539864471,59.1998901641698,6,MICT05,6_MICT05,MICT,55,111.0,183.0
-3.05500477837293,5.43718644908108,-0.298927976495051,15.2611013673139,2.30019265577995,109.790854090845,16,HIIT04,16_HIIT04,HIIT,47,145.0,207.5
0.699576839837709,-5.7314822406809,-0.960712109225922,104.632390379549,209.71157176586,-24.5039209621501,6,HIIT03,6_HIIT03,HIIT,242,111.0,183.0
-0.240509979188061,-8.82037515251353,-0.39128784105504,25.1717303421932,60.1986433344806,-182.74002983177,16,HIIT05,16_HIIT05,HIIT,259,145.0,207.5
-6.24033096568035,-10.6481346744,2.5345046833756,28.7530880990061,85.9935258144335,-86.5418895305432,16,HIIT03,16_HIIT03,HIIT,339,145.0,207.5
-0.311122678907777,-5.03337159078017,-0.517154705471542,9.31382899040822,76.1452065698097,-125.272637459794,16,MICT03,16_MICT03,MICT,252,145.0,207.5
-1.37460814322754,4.51845439540354,-0.837775193200939,-154.080317841496,-122.397210915627,-15.6153380078422,6,HIIT01,6_HIIT01,HIIT,50,111.0,183.0
0.601487336971468,-4.24821400845746,0.113577947176887,-23.1299340920472,93.7211313981146,-143.223331083992,6,MICT03,6_MICT03,MICT,250,111.0,183.0
-1.66593122461385,-4.77131146564765,0.880736523804738,-11.7192695115155,78.6225029746254,-140.811411830153,16,MICT02,16_MICT02,MICT,286,145.0,207.5
6.69615073450941,3.833802714062,-2.25720404731921,-25.1212181398316,-74.1690027285063,96.0457689467312,16,HIIT06,16_HIIT06,HIIT,165,145.0,207.5
-1.6033825479675,-4.39516038203676,0.597007854020178,-16.7835202441941,75.4786200189124,-139.450547775972,16,MICT02,16_MICT02,MICT,291,145.0,207.5
-0.715773578581753,-7.02484357150551,0.404868815297997,-12.2432668106004,32.7371165089612,-25.7281047499114,16,MICT05,16_MICT05,MICT,353,145.0,207.5
2.94612487667878,0.367373283747689,-1.70775470405755,6.33752932210093,-53.5790432190222,52.0376902822281,16,MICT04,16_MICT04,MICT,181,145.0,207.5
5.12633413755437,4.19434757255466,-0.36431757355093,-26.8542120970213,-127.167293539966,95.9890816171381,16,MICT01,16_MICT01,MICT,141,145.0,207.5
-3.708992424305,4.80026739781757,0.391681851343861,-109.670231397825,-50.16659926575,40.9996210967619,6,HIIT04,6_HIIT04,HIIT,33,111.0,183.0
9.03476729906085,9.79121215823051,0.101940552471591,-62.6386418125495,-126.940890206542,158.257800246893,16,HIIT03,16_HIIT03,HIIT,134,145.0,207.5
3.90207016933711,1.83709188527904,-1.39892935271668,-164.432884685101,-74.1942291333033,-153.583090634647,6,HIIT06,6_HIIT06,HIIT,159,111.0,183.0
2.07104447088166,5.85140368789894,0.648727945885929,7.32943344689361,-64.0134758379241,97.3243912842281,16,MICT04,16_MICT04,MICT,90,145.0,207.5
0.417569852618322,-4.32253277281417,0.848151146459568,111.144119890934,191.43838091626,-5.87928671701522,6,HIIT02,6_HIIT02,HIIT,242,111.0,183.0
-2.24643004418524,-7.99797749067138,1.24298590528404,13.6416745621677,61.0259203055415,-175.855437280546,16,HIIT05,16_HIIT05,HIIT,287,145.0,207.5
-15.1601683764645,-34.0736903437389,5.24915677491611,82.777154899671,63.4719413051015,-51.8835764950391,16,HIIT02,16_HIIT02,HIIT,9,145.0,207.5
3.60364054344546,-6.072665278689,-2.75512675252791,95.683740817805,59.2395433846318,68.2938029615431,16,HIIT02,16_HIIT02,HIIT,213,145.0,207.5
-2.85340435459273,-6.0850750545965,3.26141833052714,79.89694764033,-134.914527546446,-149.518857035153,16,HIIT01,16_HIIT01,HIIT,311,145.0,207.5
4.82851964020429,6.07849696834674,1.26818250595315,-35.7085952489124,-119.90373496483,98.9819040044347,16,MICT05,16_MICT05,MICT,120,145.0,207.5
4.07141396133733,-3.46425915508576,-3.13882812180714,0.709644337805555,-6.98271126055655,-33.3462442203758,16,HIIT04,16_HIIT04,HIIT,199,145.0,207.5
-0.920560425934561,2.29993184593296,-0.624223714509655,-4.09757981010838,-24.4073323854665,50.3761165234516,6,MICT02,6_MICT02,MICT,49,111.0,183.0
-1.38521477431652,7.88418914541125,0.19859930066063,-6.18954355622021,-27.8818787638003,120.872331879378,16,HIIT06,16_HIIT06,HIIT,64,145.0,207.5
8.24363032458225,8.20007784789905,-0.670346436749709,-50.8788885107476,-120.339989909315,144.907361653803,16,HIIT05,16_HIIT05,HIIT,140,145.0,207.5
1.36081614366351,10.3605097290466,0.781740236376322,-19.1561688524613,-67.7532500433939,137.111783017129,16,HIIT04,16_HIIT04,HIIT,82,145.0,207.5
2.84247236974806,5.62149682465897,0.993212716534259,1.47902939518,-112.667038339004,86.1397824117465,6,MICT03,6_MICT03,MICT,101,111.0,183.0
5.56811216698693,4.0089229792128,-0.348536287355978,-17.6462485095011,-127.718822270344,98.6458928628587,16,MICT01,16_MICT01,MICT,148,145.0,207.5
-0.945262205874331,7.11118754746392,0.0806690538633734,84.149010270467,131.530864296368,-30.151367958847,16,HIIT01,16_HIIT01,HIIT,71,145.0,207.5
2.68061873759468,-5.96692440243176,-2.78838881990397,5.31787684732168,15.2845572301243,-95.6618218123279,16,HIIT06,16_HIIT06,HIIT,214,145.0,207.5
1.135083580119,-1.57436127470408,-1.05002704637757,22.7947783504735,41.6641504751372,11.9019926025966,6,MICT05,6_MICT05,MICT,192,111.0,183.0
-0.432854412186786,-8.93267437279293,-0.0930807980704947,15.2771756592472,57.1339524760774,-191.715214436566,16,HIIT04,16_HIIT04,HIIT,257,145.0,207.5
-0.331024845293918,-5.03508878105041,-0.500690553337282,9.04151839709069,76.6597484398809,-126.607889684042,16,MICT03,16_MICT03,MICT,253,145.0,207.5
-0.98381538821759,-3.02776119438202,0.506775857371096,3.94975092652923,36.6973591763181,-7.7425089415118,6,MICT03,6_MICT03,MICT,352,111.0,183.0
1.51432985216131,0.139924804664256,-1.52572163372413,50.1842401304877,-51.1773871974045,78.9086622608389,6,MICT03,6_MICT03,MICT,174,111.0,183.0
6.66038105888843,2.64862900547278,-2.93300208462801,-20.3366847268152,-59.4952989033786,85.5597907875787,16,HIIT03,16_HIIT03,HIIT,169,145.0,207.5
1.89100005776963,6.25128967404344,-1.64738937975142,-269.785185435297,-164.492874559814,-176.894683399621,6,HIIT06,6_HIIT06,HIIT,90,111.0,183.0
-4.00862290118235,19.8053130278243,-0.273521088239169,26.3346053376568,52.2236060660655,-0.729336295911105,6,MICT06,6_MICT06,MICT,347,111.0,183.0
-4.68521693728789,-7.66527117686752,2.76106509294948,70.4634938594566,108.846229232439,102.435942209193,16,HIIT02,16_HIIT02,HIIT,327,145.0,207.5
5.73644215723348,10.7809698608027,1.13892172079096,-54.3195955825383,-107.164818915558,150.787842809532,16,HIIT05,16_HIIT05,HIIT,107,145.0,207.5
4.71382529874269,6.10618418268564,1.19468783855956,-47.8569218942338,-126.734992887596,94.8247631249334,16,MICT03,16_MICT03,MICT,121,145.0,207.5
-0.545342771045056,9.41972700063192,0.870423796179191,-21.4527791002034,-45.2081808976819,126.234575925358,16,HIIT05,16_HIIT05,HIIT,73,145.0,207.5
0.287613543757566,-4.55474427235201,0.514452231254348,50.727769358518,155.716379063873,-71.613391485253,6,HIIT02,6_HIIT02,HIIT,254,111.0,183.0
6.96769350881537,0.134814159152747,-3.02913426070743,-173.785963534693,22.8086616092372,-178.499954704999,16,HIIT01,16_HIIT01,HIIT,180,145.0,207.5
-1.72869508362235,-8.39728335951355,0.368780908921958,173.572381117452,133.827793219767,153.839406162115,16,HIIT02,16_HIIT02,HIIT,271,145.0,207.5
-0.864992472801868,6.25275055421832,-0.843606971958138,74.0664711819218,54.1283127587464,-49.1905563515379,16,HIIT02,16_HIIT02,HIIT,3,145.0,207.5
-0.416598272197088,7.54220692744888,0.124931304226194,-315.471723985365,-214.331979908766,-160.307970715348,6,HIIT03,6_HIIT03,HIIT,72,111.0,183.0
0.503843410438963,4.77264085473285,0.0561395460815766,-2.3158264238383,-67.0369248684267,58.9993471243043,6,MICT05,6_MICT05,MICT,72,111.0,183.0
0.358015995814757,-10.3023491319044,0.295932869490012,-11.4558077401158,36.1210946821217,-25.7536362224248,16,MICT05,16_MICT05,MICT,355,145.0,207.5
-2.56465688749238,1.43288773077961,-0.22955896060444,-24.4683830174927,-0.058217268309392,38.8473683450427,6,MICT01,6_MICT01,MICT,29,111.0,183.0
-4.81100862181445,-8.56893633617512,2.41795527509295,17.7275480301106,72.65597168368,-119.103786637141,16,HIIT03,16_HIIT03,HIIT,326,145.0,207.5
0.347234239660377,-5.11065655049851,-1.0308216681788,14.0924409918819,67.1734223434095,-105.327629265066,16,MICT05,16_MICT05,MICT,237,145.0,207.5
3.73354595229426,7.2323852727385,0.832580366377499,-147.589110308995,-166.709133944064,-103.360803424832,6,HIIT05,6_HIIT05,HIIT,115,111.0,183.0
-0.453543327066418,-8.9128189120313,-0.14011334132481,24.9175179112526,60.7682416542057,-183.547585765889,16,HIIT05,16_HIIT05,HIIT,261,145.0,207.5
0.632609213768758,-5.73638829459402,-1.11576282771258,182.434576561003,159.483209161305,47.6430535917085,6,HIIT04,6_HIIT04,HIIT,238,111.0,183.0
4.21893399514604,3.05424762413874,-1.13765264563396,-287.537874237355,-93.1630327500579,-262.563363628029,6,HIIT05,6_HIIT05,HIIT,149,111.0,183.0
-3.37376110762937,1.92945743772692,-0.478971443868891,-14.3726503675348,8.10955075757027,48.947694702892,6,MICT04,6_MICT04,MICT,26,111.0,183.0
-0.425196907931589,-5.13118200126981,-0.393119266875695,1.4482098917031,79.0219951936523,-133.200888690761,16,MICT04,16_MICT04,MICT,256,145.0,207.5
1.12844967479479,4.71987778953299,-0.0770680908250997,-3.99828207249489,-82.9474338534325,61.1612625027828,6,MICT05,6_MICT05,MICT,81,111.0,183.0
-1.95265640533892,7.68510753784373,0.119757461908877,3.67103424172414,-23.3007559469934,119.059622583754,16,HIIT04,16_HIIT04,HIIT,60,145.0,207.5
-1.43529411791956,4.2725697971798,-0.163142590467232,17.2558430334443,-16.3947404081698,78.8186843575603,16,MICT05,16_MICT05,MICT,60,145.0,207.5
2.42002673942491,4.58742065850463,0.666667394322327,-0.223311773558218,-119.491170230637,81.040200254726,6,MICT02,6_MICT02,MICT,112,111.0,183.0
-3.01428618844873,-10.0532620425524,1.0751532368463,51.2114111205851,93.6316839380557,1.33249495643642,6,HIIT04,6_HIIT04,HIIT,338,111.0,183.0
1.21792303259302,-2.73385450678713,-1.06831423293209,19.2279753779755,82.2396811556228,-29.9322493274607,6,MICT04,6_MICT04,MICT,209,111.0,183.0
-7.02609550069972,-22.9873006323835,2.32669497264668,17.7064583501163,24.5216618513985,49.3237601275464,6,MICT05,6_MICT05,MICT,12,111.0,183.0
3.70252457849432,0.554767833979519,-1.87284035079257,-73.1738575189544,-70.3447529897713,-71.7897625521516,6,HIIT05,6_HIIT05,HIIT,165,111.0,183.0
-0.982743204479042,-3.92861929138993,0.368350166387619,-14.4054037868093,82.3220602421359,-73.832003042034,6,HIIT02,6_HIIT02,HIIT,319,111.0,183.0
1.1077140885996,-3.8802615852098,-1.35576961652012,516.803561623135,117.719747870626,475.475626462627,6,HIIT01,6_HIIT01,HIIT,203,111.0,183.0
-1.58036110144709,8.39288140577502,0.664169002008091,-10.9122064123721,-28.5213871158393,122.153817466917,16,HIIT05,16_HIIT05,HIIT,66,145.0,207.5
0.963898725646348,-0.983281019385933,-1.17884259202511,47.5052824615384,19.7836643875983,46.3766002915705,6,MICT01,6_MICT01,MICT,193,111.0,183.0
4.38195786755236,3.77270953231829,-1.11910776718058,-322.854270926184,-107.309032439347,-290.474533542777,6,HIIT06,6_HIIT06,HIIT,143,111.0,183.0
-1.69929024381526,-4.08784322696244,0.504078620964416,-19.8846180828189,72.9524864987414,-137.927868934955,16,MICT01,16_MICT01,MICT,291,145.0,207.5
3.4369822173336,-4.7230675693193,-3.017003124048,3.60545282820031,1.23718088342207,-63.0613391547085,16,HIIT04,16_HIIT04,HIIT,206,145.0,207.5
-0.030483964198363,-4.98245824700319,-0.848827804272776,-0.407401670487036,69.7277495166492,-120.470677859744,16,MICT04,16_MICT04,MICT,244,145.0,207.5
-1.83341906664447,-1.2012610924023,0.172449852835211,-2.63232637884858,15.1053925905384,18.8693143738017,6,MICT04,6_MICT04,MICT,6,111.0,183.0
1.43364720026211,1.68068975805662,-1.19513649933058,-7.09692878034467,-126.511363417261,50.7376816626695,6,MICT04,6_MICT04,MICT,158,111.0,183.0
-0.374345930104522,-4.17171786139798,0.718975086108938,0.162293859273651,95.3604429760102,-112.158910369326,6,MICT03,6_MICT03,MICT,279,111.0,183.0
-0.667318123930467,2.85601996687707,-0.62115292874069,-0.160638385326687,-31.8811226138307,58.9716840552417,6,MICT03,6_MICT03,MICT,51,111.0,183.0
1.04460302700135,13.0494694438337,-9.3596959506219,-3833.21263529383,-2112.621977741,-793.016679672941,16,HIIT02,16_HIIT02,HIIT,114,145.0,207.5
0.307853694509099,-5.22268929278287,-0.0464909321264089,194.91109054199,166.735817955627,53.6610045240114,6,HIIT04,6_HIIT04,HIIT,244,111.0,183.0
-1.09098692638846,4.21528787506151,1.16214714650126,-163.726123377532,-109.606100733227,-17.3899366475498,6,HIIT05,6_HIIT05,HIIT,50,111.0,183.0
-0.0890397838635647,-8.78946507867191,-0.602822498457002,24.9063091313407,59.0809502785583,-181.927684994035,16,HIIT05,16_HIIT05,HIIT,257,145.0,207.5
2.34349547385326,6.71637729217077,-2.34765678158943,-231.710419886235,-168.648021556794,-122.984463506898,6,HIIT04,6_HIIT04,HIIT,95,111.0,183.0
-4.13634010215909,1.98882556128772,-0.194675818627379,28.9165828169058,23.1087800394719,77.1093288585712,16,MICT01,16_MICT01,MICT,29,145.0,207.5
3.77771021290988,1.91464214616655,-1.30868059034149,-207.317339642746,-91.0471875722182,-187.90086284027,6,HIIT03,6_HIIT03,HIIT,158,111.0,183.0
-0.153341531636842,-4.70112505667673,0.312600691399439,-22.973583344112,99.2074114170756,-127.139281118669,6,HIIT02,6_HIIT02,HIIT,272,111.0,183.0
4.93138511815081,3.31416754107586,-1.03759022999925,-18.7004474596201,-121.925441541125,85.2704651106527,16,MICT05,16_MICT05,MICT,159,145.0,207.5
2.36342038819674,3.74216486753379,0.479205438135652,-11.7658919743092,-162.432582745005,72.447159641191,6,MICT02,6_MICT02,MICT,141,111.0,183.0
-3.89236284094419,-7.13637937862447,0.871819959662889,7.24811311050162,22.7428813597043,20.8555524125664,16,MICT01,16_MICT01,MICT,7,145.0,207.5
1.18098770339333,-1.5214246756573,-1.17757778136077,26.8810125776582,35.9978633059587,20.0037146239236,6,MICT05,6_MICT05,MICT,190,111.0,183.0
1.68415291962019,2.32557725337907,-0.37152119395245,8.6512781318059,-138.1512782546,68.0559723912025,6,MICT05,6_MICT05,MICT,153,111.0,183.0
1.21377136419933,-1.7496435579857,-1.10187027874554,21.6180268843025,46.1688674413109,8.19261276698705,6,MICT05,6_MICT05,MICT,193,111.0,183.0
2.83593884018502,4.26249384487573,0.197365377053849,-21.6477713932868,-184.366447526675,70.4125930119279,6,MICT03,6_MICT03,MICT,138,111.0,183.0
-5.27228270332708,-8.65876920210802,-21.9474519508666,3267.31278534251,1602.87085112458,1613.85032462838,16,HIIT01,16_HIIT01,HIIT,273,145.0,207.5
-5.54806412463822,5.81075434117828,-0.470443532051563,27.4519913988043,28.0612795473161,108.353170861833,16,HIIT04,16_HIIT04,HIIT,35,145.0,207.5
2.6586644421019,0.0107007756774558,-1.75872875650952,7.28150312585723,-49.9624977775038,42.01787795691,16,MICT02,16_MICT02,MICT,185,145.0,207.5
0.972182238045388,-3.3729060716183,-0.727459911040111,6.11431600406508,97.9995691905198,-72.0420425238443,6,MICT04,6_MICT04,MICT,223,111.0,183.0
6.0149800076133,-0.677012904104853,-2.86156588064758,-132.969302627567,26.1630630370839,-143.731516538323,16,HIIT01,16_HIIT01,HIIT,184,145.0,207.5
4.13846440166357,5.68983276268902,0.0060812964788799,-280.57087368549,-141.984102108979,-239.926874939137,6,HIIT06,6_HIIT06,HIIT,130,111.0,183.0
2.77179977044815,-7.38776112719964,-2.81599654687603,13.9849912962209,16.4393247151189,-108.801855265398,16,HIIT03,16_HIIT03,HIIT,219,145.0,207.5
-1.29962964753643,-2.93410182041778,0.348958349207976,-10.4258057894956,30.1384298667548,-27.0381980731067,16,MICT06,16_MICT06,MICT,352,145.0,207.5
-2.00588818239602,2.69593953553661,-0.654443750735174,-18.892474062708,-3.82330275509468,47.8766944739538,6,MICT06,6_MICT06,MICT,31,111.0,183.0
-1.79937674638743,-8.66787248170764,0.965555719505732,16.9863441169092,60.0943379332434,-183.59745958419,16,HIIT05,16_HIIT05,HIIT,278,145.0,207.5
-0.496009808145416,-2.26975124720408,0.193230110666957,-11.6732260091242,65.2533984932072,-76.1522436532978,6,MICT06,6_MICT06,MICT,311,111.0,183.0
1.95158046412108,-7.30685947068981,-2.19906560621829,9.79351456602597,23.751861851084,-127.939170103262,16,HIIT04,16_HIIT04,HIIT,224,145.0,207.5
2.32433271857777,4.34761341493621,0.353787765138315,-8.15011537146979,-146.111310678538,82.6139038954742,6,MICT01,6_MICT01,MICT,127,111.0,183.0
-1.04249845504932,3.2671873919828,-0.310888485202356,-3.47307279913996,15.3754070230215,22.1501487891563,6,MICT03,6_MICT03,MICT,4,111.0,183.0
2.48860572579788,4.53961325961328,0.631723360853039,-6.66000880195704,-126.672384473636,80.4764523652727,6,MICT01,6_MICT01,MICT,117,111.0,183.0
-6.36773543852376,5.55407187605223,-0.0452379555080735,23.5546978661834,37.9546547695884,103.380699044378,16,HIIT05,16_HIIT05,HIIT,32,145.0,207.5
-1.39833485150452,-2.86603662010665,0.532790249418981,-27.5315204724192,71.1307464805655,-130.34838323466,16,MICT01,16_MICT01,MICT,304,145.0,207.5
1.11184736913677,6.15537483014034,-2.05370090502947,-312.826268056076,-173.73345467192,-195.425769657548,6,HIIT06,6_HIIT06,HIIT,84,111.0,183.0
-7.50245482604493,-25.2972132969964,3.07083200621782,-20.4688917582203,2.67315818775522,22.7423442384577,6,HIIT03,6_HIIT03,HIIT,9,111.0,183.0
1.32664460834759,4.87236581980472,-0.148947215481759,-8.87622921525357,-90.4180049302188,56.8965604498093,6,MICT06,6_MICT06,MICT,80,111.0,183.0
3.13267842859383,6.211913569458,0.976501677027136,-6.08859280797812,-77.2250753008774,102.14086535687,16,MICT03,16_MICT03,MICT,101,145.0,207.5
-0.561979939112333,-5.27239603924469,-0.119189281634416,19.5078750860784,73.4317946054785,-127.185404167813,16,MICT06,16_MICT06,MICT,258,145.0,207.5
-2.20777143641714,-8.19588008146377,1.16118563162431,14.3083477764164,60.6522044385516,-177.907193933607,16,HIIT05,16_HIIT05,HIIT,285,145.0,207.5
8.31603997271203,8.49389709948731,-0.0294637782929473,-44.9975898176718,-115.21691415126,156.64646675421,16,HIIT04,16_HIIT04,HIIT,140,145.0,207.5
-0.845206396913319,-3.46766762189547,0.343851693603547,-15.1430298898143,79.041166311902,-72.8565055518304,6,HIIT02,6_HIIT02,HIIT,318,111.0,183.0
-3.01331246218692,2.93670258545458,-0.380267580901819,29.1704810848653,16.5603585721844,81.0187624583239,16,MICT01,16_MICT01,MICT,34,145.0,207.5
-5.88861936532262,-6.98055768896942,2.6164960517944,67.9377922956544,-94.4127490826663,-135.067223571267,16,HIIT01,16_HIIT01,HIIT,329,145.0,207.5
2.5192134130753,5.39208423110085,0.426592537371851,-3.52690001809562,-64.7458500900299,95.5236106624536,16,MICT01,16_MICT01,MICT,98,145.0,207.5
2.93949853875406,7.11332856570559,0.261091045865871,-147.932875397432,-152.852141601394,-75.3846976516764,6,HIIT04,6_HIIT04,HIIT,104,111.0,183.0
3.99521533140525,6.21569799059574,1.35515389809727,-20.8999404833976,-87.4071760820838,104.458088424265,16,MICT06,16_MICT06,MICT,109,145.0,207.5
2.15139777521251,-2.94245269516308,-2.0248991803572,19.5822958751299,3.67454596390462,-23.302444973482,16,MICT06,16_MICT06,MICT,206,145.0,207.5
6.41207575701783,2.81187624136938,-2.70794086466524,-19.4014517353938,-60.326706066225,90.8970551922874,16,HIIT04,16_HIIT04,HIIT,169,145.0,207.5
4.2997408805756,7.40689559287631,0.209167369522589,-221.113284350764,-181.187912949083,-167.339682675478,6,HIIT03,6_HIIT03,HIIT,117,111.0,183.0
-2.19726226868933,3.75236444839821,0.284443875627874,-134.439163630215,-83.9965464553708,15.7689037528751,6,HIIT06,6_HIIT06,HIIT,40,111.0,183.0
1.19336862271573,-4.18480028529537,-0.78406192008201,508.96932515811,146.580218605445,425.820280729128,6,HIIT06,6_HIIT06,HIIT,214,111.0,183.0
7.65910549289176,5.77430747413397,-1.82957366100224,-37.1771110773133,-103.276813762697,120.551303170935,16,HIIT05,16_HIIT05,HIIT,154,145.0,207.5
1.50394371744387,1.21902027767458,-0.847002188541676,10.4072496569486,-97.4853573735652,58.3979464835508,6,MICT04,6_MICT04,MICT,163,111.0,183.0
2.17624013040864,9.08122761951488,0.466828423045762,19.5205407545968,167.112585287498,42.4981232594729,16,HIIT02,16_HIIT02,HIIT,87,145.0,207.5
-7.01895810513856,9.17262531092831,-0.337164109909376,36.425456046812,59.6639632783881,85.2812300530898,16,HIIT05,16_HIIT05,HIIT,22,145.0,207.5
1.60933553806843,1.40356675817295,-0.945616797462138,8.57034232401747,-105.479781282179,59.9339638660381,6,MICT04,6_MICT04,MICT,162,111.0,183.0
3.36772552878609,0.468200537892427,-1.70932589008299,10.9558417882199,-64.5048768495581,53.8995325183476,16,MICT05,16_MICT05,MICT,179,145.0,207.5
-1.17007260250602,-5.10036798864292,0.46829871901499,-3.17692481684105,77.696869779025,-141.18791902606,16,MICT05,16_MICT05,MICT,274,145.0,207.5
-4.40672206084695,6.15162520267792,-0.526558668371821,42.5596447081686,42.4788609474616,67.5149101644794,16,MICT03,16_MICT03,MICT,19,145.0,207.5
3.15675621555634,5.9963143444164,0.770731943934833,1.35642515184845,-76.0490178412472,102.364985224016,16,MICT04,16_MICT04,MICT,98,145.0,207.5
-2.5051701330413,-6.02800910443109,1.24915002906839,13.1772432639703,62.9045807326793,-150.377311002573,16,HIIT03,16_HIIT03,HIIT,308,145.0,207.5
-1.2494230033986,-8.89571037396307,0.327878144513915,19.057297591599,54.0825238342588,-184.91255948082,16,HIIT03,16_HIIT03,HIIT,268,145.0,207.5
1.26603350887409,-8.0630518861625,-1.8484866106415,13.2776864372766,39.0811746907184,-157.46854517379,16,HIIT04,16_HIIT04,HIIT,235,145.0,207.5
2.02113045455929,-3.14271882961021,-1.87690522661662,620.610383711078,34.6713807010396,593.175992236634,6,HIIT03,6_HIIT03,HIIT,195,111.0,183.0
25.4506070800989,12.4578658854668,33.3877165528774,-3204.66500101616,-1713.88598607912,-605.125254770889,16,HIIT02,16_HIIT02,HIIT,110,145.0,207.5
-0.396800069292825,2.87422255397712,-0.476466994190399,5.73437546903753,-22.4367790207319,50.9700590720351,6,MICT04,6_MICT04,MICT,55,111.0,183.0
-2.83307197905599,-10.3871364135052,0.749061442929229,34.4675497207495,92.1107072917739,-18.8135582238689,6,HIIT02,6_HIIT02,HIIT,337,111.0,183.0
2.31218783261941,4.90820962627031,0.699383148540953,5.55571564181626,-100.793019777247,78.3413819722983,6,MICT02,6_MICT02,MICT,102,111.0,183.0
5.91611777474735,0.273461773270221,-3.28549472515922,-6.69802549638515,-30.8838288021464,49.9551397835776,16,HIIT03,16_HIIT03,HIIT,180,145.0,207.5
-4.67855826162011,-19.956847895314,1.89932466537392,-3.75750203272903,19.3412073097545,21.7301121307421,6,MICT01,6_MICT01,MICT,11,111.0,183.0
0.394315748470024,4.08868637622766,0.0951307749247574,2.70206784882988,-51.1620067265348,53.6662560625862,6,MICT06,6_MICT06,MICT,66,111.0,183.0
-3.50066717696587,4.90248312270583,0.217030516684436,-119.860374228184,-61.5952708271545,26.8538822696076,6,HIIT06,6_HIIT06,HIIT,32,111.0,183.0
2.60050305549417,4.26134544379887,1.15823125272013,-3.31730179537139,-151.593574154058,87.2942159280759,6,MICT04,6_MICT04,MICT,130,111.0,183.0
0.407499899224478,-3.16705416506119,-0.373072819892325,1.09868063614552,97.7740351073852,-89.4700796018099,6,MICT01,6_MICT01,MICT,240,111.0,183.0
-0.514569330156345,-2.54410102351743,0.358137355307777,-19.2026731516084,63.30841528974,-85.6062166520849,6,MICT06,6_MICT06,MICT,304,111.0,183.0
-1.45465880672203,-7.59305623616934,-3.54888921356112,208.600619799689,112.191647514262,167.620413984571,16,HIIT01,16_HIIT01,HIIT,253,145.0,207.5
-7.9723816927176,20.0427324695795,0.329575319391025,65.2480829977534,92.9218773234154,15.9011837955571,6,HIIT04,6_HIIT04,HIIT,343,111.0,183.0
6.36967761722935,10.5160070929168,1.0604685470653,-52.4519936589436,-108.589363995887,154.777225292854,16,HIIT05,16_HIIT05,HIIT,112,145.0,207.5
-0.577998244202128,-3.21929715195038,0.431728634336638,-42.642761756039,53.3757642053965,-119.269491134889,6,MICT02,6_MICT02,MICT,295,111.0,183.0
-0.0448144228408651,-4.00716599342765,-0.650745950458996,-12.7650711297171,96.7034478037665,-137.687369816622,6,MICT03,6_MICT03,MICT,260,111.0,183.0
-1.62687647327598,-4.87921753374588,0.863920604639985,-8.4048923291561,80.6892535226293,-140.409017915484,16,MICT02,16_MICT02,MICT,284,145.0,207.5
2.29885786092051,5.88196979809818,-1.04142709354173,-143.470264367831,-157.943043359288,-77.6120873061454,6,HIIT02,6_HIIT02,HIIT,95,111.0,183.0
-0.344873147962671,-9.1056892001973,-0.316867281292468,23.7165942343155,58.4982362985502,-182.769756655893,16,HIIT06,16_HIIT06,HIIT,257,145.0,207.5
0.901628927858991,5.77309033464953,-1.74790033385171,-307.537438284952,-168.74938205015,-190.570096774801,6,HIIT06,6_HIIT06,HIIT,83,111.0,183.0
0.334381479522194,-4.95307012282282,-1.0504937972997,23.2834314355614,59.6245609813648,-95.7812974016543,16,MICT06,16_MICT06,MICT,237,145.0,207.5
-2.15659998984002,-4.47518126895101,1.142234265098,-7.69310328687267,73.1171953917069,-103.561922304013,16,MICT04,16_MICT04,MICT,322,145.0,207.5
-1.67278114631299,-3.9938699712368,0.767430722192079,-11.9326707189741,77.0388054960666,-126.08357750543,16,MICT05,16_MICT05,MICT,301,145.0,207.5
2.14010070316572,2.86171209007578,-0.902956112208079,-5.86849254406255,-162.277014894421,66.7901317420576,6,MICT03,6_MICT03,MICT,151,111.0,183.0
-2.91120155713751,-4.72114010719743,1.65071602713615,-19.5632412385067,72.1900348733331,-101.147104188135,16,MICT03,16_MICT03,MICT,327,145.0,207.5
-6.31589856706309,-4.35777289330017,2.66994995077351,19.8975417686059,82.8569695398667,-90.6976928581778,16,HIIT04,16_HIIT04,HIIT,340,145.0,207.5
-0.725097474594525,3.30366165912251,-0.392027651046653,13.5467898569702,-31.2951564023449,55.6242712520098,6,MICT02,6_MICT02,MICT,63,111.0,183.0
0.367178958780503,-3.7188517628205,0.802775197250419,-22.8222033303783,79.0839325696873,-123.92749623226,6,MICT05,6_MICT05,MICT,271,111.0,183.0
5.27259016811812,5.16911475569751,-0.222122932446306,-50.9809197243215,-132.758381881945,93.1754086843535,16,MICT06,16_MICT06,MICT,136,145.0,207.5
1.78455113667652,-2.1935736039319,-1.3758611564274,444.390448682202,5.23150297549648,434.774882819101,6,HIIT01,6_HIIT01,HIIT,188,111.0,183.0
4.27216726479051,2.42986018356705,-1.39886093314167,-254.284582435355,-101.2179549309,-230.642608962006,6,HIIT03,6_HIIT03,HIIT,155,111.0,183.0
1.46663099278872,1.85240836842844,-1.15842012079636,11.2784987471635,-124.739944529231,69.5508833237766,6,MICT01,6_MICT01,MICT,162,111.0,183.0
-1.0850892599934,5.52235704103231,1.12564906623369,-188.414935296959,-150.260024895899,-41.6600540476622,6,HIIT03,6_HIIT03,HIIT,56,111.0,183.0
-3.14312048127189,-6.53962753708674,0.877615652963941,52.9089927360974,92.7976729138893,-1.97300548859517,6,HIIT06,6_HIIT06,HIIT,333,111.0,183.0
-1.21386896141825,3.21765704839722,-0.880052013887685,-117.448951340067,-89.0055989816258,14.9881310433183,6,HIIT02,6_HIIT02,HIIT,47,111.0,183.0
-4.54179593607613,2.72224812368032,-0.0264581131885423,25.5953840780626,35.6358968098167,63.7995480349351,16,MICT06,16_MICT06,MICT,24,145.0,207.5
2.37025057281564,4.09332211287408,0.347672908060547,-6.21261336605011,-178.547488697259,78.5201189925162,6,MICT05,6_MICT05,MICT,136,111.0,183.0
-1.62272328447682,3.7031324325601,-0.194782624445207,20.0820317606232,-9.1120770263744,78.1605916192174,16,MICT05,16_MICT05,MICT,55,145.0,207.5
6.41936978997962,0.339439004091147,-2.72531268404356,-173.813525085986,20.41006916689,-176.697633948459,16,HIIT01,16_HIIT01,HIIT,179,145.0,207.5
-1.54843694531218,-4.24128750272786,0.555561912257049,-6.30004562349362,76.7207802174709,-128.788120266393,16,MICT04,16_MICT04,MICT,293,145.0,207.5
-2.09706717047453,3.26271824078738,0.565857814018854,0.153212113666257,5.11796488230444,28.1080100989328,6,HIIT01,6_HIIT01,HIIT,5,111.0,183.0
-0.984926886794885,5.33304157385048,0.415527068042757,-231.213121331003,-148.130409709841,-77.6785412854111,6,HIIT05,6_HIIT05,HIIT,60,111.0,183.0
2.88077861772305,-1.02137205495293,-2.07424064400547,17.7224300216942,-33.0976554828405,23.097350673342,16,MICT05,16_MICT05,MICT,191,145.0,207.5
0.784679537575565,-5.4527579845111,-0.560917839025546,91.3834490470315,181.311000338528,-31.5174401191374,6,HIIT01,6_HIIT01,HIIT,245,111.0,183.0
0.392197182277112,6.04136816960992,0.3297131400908,8.1267490323233,-48.0485268009557,90.3548090363746,16,MICT03,16_MICT03,MICT,78,145.0,207.5
4.9352552460613,4.00758009912349,-1.23769087001513,-277.179821661025,-108.656362584296,-241.639555365898,6,HIIT04,6_HIIT04,HIIT,144,111.0,183.0
1.27401109150135,-1.24845306892187,-1.41523668856225,54.7466213104061,20.4915238229617,53.6038855782644,6,MICT03,6_MICT03,MICT,188,111.0,183.0
-1.50661568823923,-5.30215035732512,0.494698136769412,12.1030379285776,91.4485137557388,-43.3717709917149,6,HIIT06,6_HIIT06,HIIT,322,111.0,183.0
0.921297053178925,-3.71279294076574,-0.32550149826632,-16.5863948457778,106.640644335569,-107.564675383567,6,MICT06,6_MICT06,MICT,230,111.0,183.0
-30.4205405892662,10.5083996514795,-63.8603882968601,-3051.64836064122,-1748.38858337677,-862.602080577873,16,HIIT02,16_HIIT02,HIIT,130,145.0,207.5
-3.17305388163565,3.11577626211511,-0.311977217546993,21.3394593253534,22.3908430007315,73.9650715948018,16,MICT06,16_MICT06,MICT,33,145.0,207.5
-11.7790603524481,-35.9583815365982,2.90161820546863,-6.49156969073771,1.20307096901975,44.8034173811237,6,HIIT01,6_HIIT01,HIIT,12,111.0,183.0
1.80158192116438,5.53426825550108,-0.303044155917457,-19.3065232008666,-112.458576499716,65.1124017983117,6,MICT03,6_MICT03,MICT,92,111.0,183.0
3.93370533228358,5.92108258938339,0.624930104656699,-319.011685599104,-139.266960941388,-275.976690353214,6,HIIT05,6_HIIT05,HIIT,134,111.0,183.0
-0.360487498027809,8.67932930542454,0.777273655390827,-21.631995748836,-45.1832714313681,121.247403364725,16,HIIT05,16_HIIT05,HIIT,74,145.0,207.5
-0.771562697118381,2.35098214760267,-0.510494306229395,-5.97256242889358,-19.2459293570576,41.1824045557531,6,MICT01,6_MICT01,MICT,55,111.0,183.0
0.637692209599609,-6.25283433683592,-0.158359280568724,34.9860427295304,166.417446390576,-101.764614181929,6,HIIT03,6_HIIT03,HIIT,257,111.0,183.0
2.49930070173068,4.91228541681473,0.409469135641807,-14.8137285065199,-173.467228716103,81.052106030218,6,MICT05,6_MICT05,MICT,121,111.0,183.0
-1.88502490299669,3.93248790022004,-0.0809517642696987,-160.904923106173,-115.493305739049,-11.5798988402872,6,HIIT01,6_HIIT01,HIIT,44,111.0,183.0
0.415084826680848,-4.57504331057597,0.697030527500255,69.5957975276591,168.901434155685,-51.1584054262282,6,HIIT02,6_HIIT02,HIIT,249,111.0,183.0
4.90092763015319,6.56814141736991,1.39908647990433,-30.958503826989,-119.730124598759,104.930599502414,16,MICT04,16_MICT04,MICT,114,145.0,207.5
-2.66596707735692,-5.56808930649207,1.45736094292229,91.8768061994739,132.100861536318,110.14784767218,16,HIIT02,16_HIIT02,HIIT,310,145.0,207.5
0.608829946937499,-4.15843909893839,-0.0728251101768229,-20.1044128047011,97.3906253487583,-138.076262754069,6,MICT03,6_MICT03,MICT,247,111.0,183.0
2.43129097198988,8.3470175672338,-2.10239541140165,-115.837089190773,102.951668816773,40.1576751921468,16,HIIT01,16_HIIT01,HIIT,99,145.0,207.5
-1.06841522664372,3.66698543191135,-0.220541307870449,32.3580353380315,-14.9480141730101,79.2386555152294,16,MICT02,16_MICT02,MICT,58,145.0,207.5
-0.670087590476992,-2.72782415586297,0.597722758535448,-34.887313351741,64.2634894977855,-108.584264650818,6,MICT03,6_MICT03,MICT,303,111.0,183.0
5.13720429589768,4.12961470096203,-0.358061905210747,-25.1384480714203,-126.546613855449,96.1508682863521,16,MICT01,16_MICT01,MICT,142,145.0,207.5
1.06022166540244,9.23221799735607,1.15406948029249,-29.3825156027305,-60.2247165764733,129.285658877171,16,HIIT05,16_HIIT05,HIIT,83,145.0,207.5
0.0918510375896943,-5.22978159688197,-0.433655256849564,55.3274549418833,136.55316132878,-63.93096349315,6,HIIT06,6_HIIT06,HIIT,263,111.0,183.0
-0.239329957389966,-4.43183117310527,0.628679697669581,-8.42797116231413,90.5562134153014,-83.8869188642878,6,HIIT03,6_HIIT03,HIIT,303,111.0,183.0
0.939822882647514,-3.41890453314472,-0.759310406543943,5.70353834421344,98.713416563156,-74.3652323674197,6,MICT04,6_MICT04,MICT,224,111.0,183.0
0.625302077825711,-5.47845834770774,-1.50140028519978,222.225275298613,206.751518345838,125.564073058155,6,HIIT01,6_HIIT01,HIIT,226,111.0,183.0
-4.8650553257294,1.87515222324728,-0.511399079995254,42.7502820782205,25.4288125093886,74.9928600131201,16,MICT02,16_MICT02,MICT,25,145.0,207.5
-3.24213157273286,1.2717837153846,0.458331519113406,40.3133577841685,80.1740928661298,-4.02976256117726,6,MICT04,6_MICT04,MICT,341,111.0,183.0
-5.72804755897684,-14.1798742504449,2.98712335980189,72.6754043476117,-69.0166778033071,-134.025699137619,16,HIIT01,16_HIIT01,HIIT,337,145.0,207.5
3.08424377043858,-1.15291937080079,-2.12700547759944,14.7430722679417,-34.8407530759135,20.2755656984162,16,MICT06,16_MICT06,MICT,191,145.0,207.5
3.53463397729433,3.00657419515989,-0.752116584219711,-221.881300311885,-127.58546400583,-204.933945755336,6,HIIT02,6_HIIT02,HIIT,147,111.0,183.0
-4.18247452965652,2.30563826132667,-0.573507288428209,43.4024901607313,18.8709129743866,80.8868631529219,16,MICT02,16_MICT02,MICT,29,145.0,207.5
4.0383693793036,1.12262003533321,-1.5373677595102,18.3111042754101,-86.5007444736314,71.3061298385179,16,MICT01,16_MICT01,MICT,175,145.0,207.5
3.14059740192504,1.2220766015608,-1.48851893728303,-107.07109825954,-93.1695066884677,-104.509251515327,6,HIIT02,6_HIIT02,HIIT,161,111.0,183.0
-0.968804822023377,-11.3791574567982,0.387620812142216,15.6829612232659,39.7503432193338,-28.7416605886378,16,HIIT03,16_HIIT03,HIIT,353,145.0,207.5
2.32398006072594,10.0376475405568,0.84390139234191,-29.5021088532012,-77.3376194778986,140.117225917265,16,HIIT06,16_HIIT06,HIIT,87,145.0,207.5
-3.32172917755569,3.61570839212902,0.166418719035481,-110.829312121302,-57.5123967192659,31.1995913799972,6,HIIT02,6_HIIT02,HIIT,31,111.0,183.0
0.57195825858373,-4.27872275972004,0.18500433564735,-26.4647661912297,90.4916500179287,-147.204952425421,6,MICT03,6_MICT03,MICT,252,111.0,183.0
-0.679716732533238,-5.69317471508006,-0.0840250934823166,18.6396011756398,75.9231206168325,-134.505182185555,16,MICT06,16_MICT06,MICT,260,145.0,207.5
-0.845697200662786,2.31055607585582,-0.589950073381337,-1.34264687016922,-24.3018715262969,49.3440693447928,6,MICT02,6_MICT02,MICT,51,111.0,183.0
-3.43816253541838,1.72380025321025,-0.0041859715673314,-1.34798793183892,4.50116709455919,54.7680371816244,6,MICT02,6_MICT02,MICT,25,111.0,183.0
2.08866522284509,4.57206339835191,0.379356631568636,1.72427029396607,-91.7714345367959,73.0712345821318,6,MICT01,6_MICT01,MICT,102,111.0,183.0
3.63417983230848,6.54973571813571,-0.311731774417571,-141.902704117,-156.737339803275,-100.184153717522,6,HIIT06,6_HIIT06,HIIT,109,111.0,183.0
-0.683183132538023,4.19250718115608,0.796364942435587,-125.76994838557,-105.593904644551,-0.125604064401383,6,HIIT02,6_HIIT02,HIIT,55,111.0,183.0
2.75170899092014,-1.90363205679167,-2.18967163882588,431.670831851011,-42.0841883350789,421.672286476459,6,HIIT03,6_HIIT03,HIIT,184,111.0,183.0
-1.60016476988324,-3.51505597013724,0.702961901644325,-1.72145135774245,73.3373532976924,-48.3651516866776,6,MICT05,6_MICT05,MICT,328,111.0,183.0
0.616599502625445,-4.3723139293545,-1.41227491251637,1.20176114093843,50.9957456811009,-88.8054542438885,16,MICT04,16_MICT04,MICT,228,145.0,207.5
1.09734535953556,4.57760864610646,-0.217733226484361,-9.84390456344581,-80.3462101214052,53.731577836991,6,MICT04,6_MICT04,MICT,81,111.0,183.0
0.062917128024181,-3.96796091936121,-0.153662325498836,-28.3577218183034,77.8093013659274,-138.67543890898,6,MICT06,6_MICT06,MICT,266,111.0,183.0
0.541029958707797,6.4582857361264,-1.31612468161684,-329.729710038538,-178.032803252706,-198.189017331869,6,HIIT06,6_HIIT06,HIIT,80,111.0,183.0
2.22621529689247,3.52081463521008,0.205819574718813,-16.4603536359351,-168.156754394867,67.6261727438746,6,MICT01,6_MICT01,MICT,144,111.0,183.0
0.621897481383227,-3.86595337113257,-0.008661235297012,-11.8554866112469,90.9272193186384,-117.236489286182,6,MICT04,6_MICT04,MICT,242,111.0,183.0
-2.36896828067802,-5.85396072657155,1.35813117311955,0.943120082789664,61.3049533218664,-161.465779231832,16,HIIT04,16_HIIT04,HIIT,306,145.0,207.5
0.115955097829353,-3.68472238213769,0.450577939114252,-30.3615095207612,70.7123498924638,-133.361844561922,6,MICT02,6_MICT02,MICT,274,111.0,183.0
-1.75593447585918,-4.0198732275585,0.792080512176562,0.960444105719442,68.2764095427644,-118.887745092012,16,MICT06,16_MICT06,MICT,298,145.0,207.5
5.62500834360663,10.4097677086232,1.38171438964052,-37.8781727541082,-101.127407835243,156.201291869809,16,HIIT06,16_HIIT06,HIIT,104,145.0,207.5
0.81604292617258,-4.1280363563225,-0.142158189109231,-15.9176268662158,102.490023941617,-125.920420217961,6,MICT03,6_MICT03,MICT,240,111.0,183.0
1.42208513450376,-0.420408286447293,-1.52092800818441,56.9345700725835,-22.3584726760416,75.2244523413073,6,MICT03,6_MICT03,MICT,179,111.0,183.0
2.88741976345936,0.252388705529251,-1.74123131720966,6.94351332665251,-50.7788949156258,49.4921968469569,16,MICT04,16_MICT04,MICT,182,145.0,207.5
1.15926012047974,-3.16693347905509,-0.657340183038731,23.2243294903955,109.498086880528,-36.2664107216564,6,MICT03,6_MICT03,MICT,214,111.0,183.0
-4.4660454158441,21.5346678308127,-0.280263575025389,29.2123328558395,58.6948785735907,-1.11985197183946,6,MICT06,6_MICT06,MICT,346,111.0,183.0
3.79635618257707,0.371094527040985,-1.9262142503892,4.60570645837259,-67.9625513958947,50.0308993490963,16,MICT06,16_MICT06,MICT,179,145.0,207.5
-4.37373239034158,2.77468321231488,0.593417078330458,46.1422784220765,92.523831935845,-3.92354858142846,6,HIIT02,6_HIIT02,HIIT,341,111.0,183.0
0.720371615434699,7.44096568920492,-1.28490574674345,-314.565226763713,-208.165439760938,-186.950757191749,6,HIIT03,6_HIIT03,HIIT,81,111.0,183.0
-9.55879862708779,-0.493479969918116,0.205804199696288,50.6945914491888,73.2210977669787,78.6595590284715,16,HIIT04,16_HIIT04,HIIT,17,145.0,207.5
2.76757678320183,0.0069780646196178,-1.7810922830789,8.0043166744842,-45.1731946410273,44.2236952378717,16,MICT04,16_MICT04,MICT,184,145.0,207.5
0.622864714159349,-4.14130123971251,-0.106859653465414,-19.5473639174122,98.3025034154761,-136.546193723329,6,MICT03,6_MICT03,MICT,246,111.0,183.0
5.00264720145299,3.70939845518131,-0.608999540173644,-31.9531043092843,-121.44550743474,84.2260337040142,16,MICT06,16_MICT06,MICT,153,145.0,207.5
1.36917919843907,-4.09261474336785,-1.18461183652542,558.110717005389,118.07641122219,484.086836671575,6,HIIT06,6_HIIT06,HIIT,210,111.0,183.0
-0.19623820483736,-4.82235066114432,-0.816310895932929,-0.54887747622884,73.1885774304276,-121.015562700386,16,MICT02,16_MICT02,MICT,244,145.0,207.5
3.24060934472704,-1.986899899445,-2.38413367281437,293.071325714187,-46.4947050024188,270.194772179348,6,HIIT06,6_HIIT06,HIIT,184,111.0,183.0
3.44731674717673,10.652552786839,1.07267172478784,-44.6396676801207,-87.9170227967523,143.753714270571,16,HIIT05,16_HIIT05,HIIT,95,145.0,207.5
0.263149087387913,-3.6953459870794,0.328224815707681,-21.4328919941144,80.7287855256682,-124.925216726251,6,MICT05,6_MICT05,MICT,269,111.0,183.0
0.627352805206953,-4.69512217799873,1.85728979992908,302.287010292419,173.641686884601,168.586745641695,6,HIIT04,6_HIIT04,HIIT,231,111.0,183.0
1.33404609615334,-8.93732726125073,-2.32003860631269,15.9067287620971,42.6063128980995,-161.854165731498,16,HIIT06,16_HIIT06,HIIT,235,145.0,207.5
-10.9585125734692,-26.4419073115996,2.90121742752937,12.1740465860753,34.7631605418558,35.2219299374694,16,MICT01,16_MICT01,MICT,12,145.0,207.5
0.717885862495443,-4.9855074553725,0.251885074057521,113.649311753965,201.411538210377,-0.71687070191253,6,HIIT03,6_HIIT03,HIIT,237,111.0,183.0
-1.6990539888572,-5.6128809783171,0.966081899598192,6.49639932617261,90.826112570506,-51.5106796610911,6,HIIT04,6_HIIT04,HIIT,322,111.0,183.0
-2.88563395087411,5.27978933324778,-0.711956287487266,125.727241419435,143.571902383624,-48.0031397179473,16,HIIT02,16_HIIT02,HIIT,51,145.0,207.5
3.85826341841317,0.720254908216668,-1.80652424911938,-59.34964351259,-68.8621074779707,-57.4482243478599,6,HIIT06,6_HIIT06,HIIT,166,111.0,183.0
2.1735154519453,-1.34179399279134,-1.47519205324238,31.2188388926933,-21.774549966208,8.46097126347877,16,MICT01,16_MICT01,MICT,200,145.0,207.5
-4.45378403762352,2.29641523685599,-0.161039775515394,23.7983920935993,29.2721808628375,73.1180555809273,16,MICT06,16_MICT06,MICT,29,145.0,207.5
0.843884459179505,-2.57263223872121,-0.497074536357992,19.7004986985708,92.9954349312691,-34.1950504739968,6,MICT01,6_MICT01,MICT,219,111.0,183.0
-3.05129278691941,1.86522828438487,-0.507625129449915,-22.1219948586311,2.4257486592612,44.4453564599868,6,MICT06,6_MICT06,MICT,26,111.0,183.0
-0.363617745378599,3.64795576462507,-0.388537918851935,6.69891197221221,-36.7850641294559,60.7569893177982,6,MICT05,6_MICT05,MICT,59,111.0,183.0
-2.10356935295676,-3.50667286432239,0.752971786771566,27.0851415364293,77.9797122079916,-35.1696580998711,6,MICT06,6_MICT06,MICT,331,111.0,183.0
1.21199225658455,-1.55037959601434,-1.35315374067038,30.9642293245988,22.9990979404028,25.3884806424582,6,MICT04,6_MICT04,MICT,190,111.0,183.0
2.80640557882898,-0.498036369985524,-1.54958713203719,30.5725775044276,-43.5217108550957,34.5618299759815,16,MICT01,16_MICT01,MICT,191,145.0,207.5
-1.54527512842023,1.98113889570241,0.127289865361581,-15.3490441536595,8.99662569016778,18.9071400648671,6,HIIT02,6_HIIT02,HIIT,5,111.0,183.0
-10.1663135736146,-25.959823486462,2.6251036493778,17.2088284145612,31.6452454390422,27.2778166765743,16,MICT06,16_MICT06,MICT,10,145.0,207.5
0.996220971606663,8.78115863655023,0.27735302337737,24.3619133832441,147.089362199072,13.5849723595526,16,HIIT02,16_HIIT02,HIIT,81,145.0,207.5
0.589207151700893,-3.32719821459105,0.266764039075065,-0.297366652066164,97.5676948964529,-97.6830572813971,6,MICT01,6_MICT01,MICT,246,111.0,183.0
-1.03285026471486,-3.02735876179019,0.501176770266,18.2201674354352,34.5841856355504,2.02343679871179,6,MICT06,6_MICT06,MICT,352,111.0,183.0
-0.683189839346748,-3.13102075919758,0.416512477132841,-42.6541286825826,61.7806136867413,-104.888060926653,6,MICT05,6_MICT05,MICT,298,111.0,183.0
3.71791079604723,0.727530645928507,-1.80878514125044,-91.2313483978597,-70.8041674842266,-88.3998311247779,6,HIIT05,6_HIIT05,HIIT,164,111.0,183.0
4.59717599348527,5.99049935877991,0.942497507542382,-31.1233818161203,-117.955442681581,101.818973652523,16,MICT04,16_MICT04,MICT,116,145.0,207.5
8.34003215843032,8.62968584840521,0.0390656820195892,-45.5754561397609,-116.239741685362,157.559423886809,16,HIIT04,16_HIIT04,HIIT,139,145.0,207.5
-1.41433159917309,-3.3813331089692,0.577832983838959,-11.0910701628274,73.5337539295807,-126.48840093857,16,MICT03,16_MICT03,MICT,301,145.0,207.5
0.279428501548637,-5.6277752089585,1.22746186689521,0.985832413662098,115.972993805754,-113.219811193304,6,HIIT05,6_HIIT05,HIIT,267,111.0,183.0
-8.57929223670171,5.72702061797766,2.91859213537304,32.0402851056247,91.4380834934042,-85.3445101488219,16,HIIT03,16_HIIT03,HIIT,341,145.0,207.5
-1.77919833983846,-8.8065381948662,0.72946076747673,17.1806186543189,54.7897569331174,-183.812541856196,16,HIIT03,16_HIIT03,HIIT,274,145.0,207.5
3.8327753390189,6.44629497293635,0.457748288575149,-284.803589892125,-151.872972369589,-218.336578803705,6,HIIT04,6_HIIT04,HIIT,125,111.0,183.0
-0.942263808359873,-5.01008675797336,0.149129269830754,-1.59505630737568,84.6223166542112,-142.102860943511,16,MICT02,16_MICT02,MICT,266,145.0,207.5
1.43582258632967,-2.06610735099831,-1.00332178446222,483.177925723588,24.6051458415137,451.837690694292,6,HIIT02,6_HIIT02,HIIT,192,111.0,183.0
3.80522359398088,-3.97772036433289,-3.10073664139633,1.89104807536603,-3.59282213640795,-46.3425598533787,16,HIIT04,16_HIIT04,HIIT,202,145.0,207.5
2.90723792889216,5.63997045203218,1.08885587135621,-0.961688412880097,-116.56305864474,85.4256154512024,6,MICT03,6_MICT03,MICT,102,111.0,183.0
-0.255202357857268,-4.85199706343787,-0.787825756948343,-0.168243242683016,75.6090559371432,-123.754680181142,16,MICT02,16_MICT02,MICT,246,145.0,207.5
-0.64086296386722,-3.52753116606029,0.431943890130768,-29.6570826449143,60.6802048255799,-104.171324531431,6,MICT06,6_MICT06,MICT,294,111.0,183.0
-1.98458242725087,-5.47768878551535,0.653902597844218,25.5293576244294,89.1274622859306,-28.6221991530353,6,HIIT06,6_HIIT06,HIIT,326,111.0,183.0
-0.334344356343191,9.80889082140971,0.497418241859892,-15.5505869628971,-48.2412992112117,133.200254508495,16,HIIT06,16_HIIT06,HIIT,72,145.0,207.5
4.99772360200414,5.03541321061029,0.532005349290833,-30.1324551330562,-115.825895016303,98.6513068853776,16,MICT01,16_MICT01,MICT,127,145.0,207.5
-3.39423966116494,5.71503302927978,0.0131631298579641,3.72926135948691,0.310194827427822,104.441081180044,16,HIIT03,16_HIIT03,HIIT,45,145.0,207.5
-0.395723765699699,4.86314523740149,0.0727023934747862,13.3653686925836,-28.2136615549484,83.8793003207173,16,MICT01,16_MICT01,MICT,74,145.0,207.5
3.32668556201055,0.305184983630956,-1.5026878005454,25.3861123393582,-63.9552322963403,52.9266759471265,16,MICT01,16_MICT01,MICT,183,145.0,207.5
1.65431015369473,-4.00877928870574,-2.11108325657916,665.977819858825,83.5265917223258,601.375262147993,6,HIIT05,6_HIIT05,HIIT,203,111.0,183.0
-7.95360624234332,4.91790239303741,2.66576132546398,17.7791491774977,81.666638698069,-82.5422773428153,16,HIIT05,16_HIIT05,HIIT,341,145.0,207.5
2.93964891088962,-5.07813309323434,-2.34901923972852,99.6561138345707,45.0106927029854,57.570421965521,16,HIIT01,16_HIIT01,HIIT,215,145.0,207.5
3.33431390386517,-0.739949113743544,-1.93020288079642,120.434746661349,-60.0182592559436,109.428152463041,6,HIIT06,6_HIIT06,HIIT,176,111.0,183.0
-0.296069197571043,-5.5000080959175,-0.465336932407453,10.9851260395314,82.1675960732192,-129.814077321033,16,MICT05,16_MICT05,MICT,252,145.0,207.5
1.51212931903792,-5.09470498893389,14.3248740022979,3237.45164872101,1533.30067773324,1530.68958282601,16,HIIT01,16_HIIT01,HIIT,278,145.0,207.5
7.31719912933494,4.34275447960766,-2.462758479185,-28.9880889280459,-91.0374208938382,103.028761879257,16,HIIT05,16_HIIT05,HIIT,161,145.0,207.5
-3.91624856307606,-7.66744279710344,2.47267567237914,13.7056089896689,65.74653153151,-128.844690106244,16,HIIT06,16_HIIT06,HIIT,321,145.0,207.5
-1.17077801679664,-2.65018999188977,0.496014272399109,-21.0023097983018,69.9928782709778,-120.832371413307,16,MICT02,16_MICT02,MICT,310,145.0,207.5
0.904494985791785,-3.77664030282387,-0.139463956945583,-21.158914801134,102.038848560281,-122.801517845191,6,MICT06,6_MICT06,MICT,237,111.0,183.0
-1.24939395427254,1.68396028835335,-0.555202238091668,-23.4097460304618,-11.162844170893,39.963104808132,6,MICT01,6_MICT01,MICT,39,111.0,183.0
-1.08636477408054,-8.99949284728752,0.201192403314372,21.3471318527561,59.6148268687596,-187.210195684993,16,HIIT06,16_HIIT06,HIIT,268,145.0,207.5
0.722574166168943,4.89598795314996,-0.0202161127068582,-3.95090093790152,-74.125557540974,59.6675271685007,6,MICT05,6_MICT05,MICT,75,111.0,183.0
-2.20808211207096,2.78894157754155,-0.499946875782115,29.3602718859882,4.32748675964307,81.8237754598529,16,MICT04,16_MICT04,MICT,39,145.0,207.5
-5.12097086534085,-6.78223339551543,2.87417997546429,68.738125991185,104.298484407923,101.937232555808,16,HIIT02,16_HIIT02,HIIT,329,145.0,207.5
3.26614348862354,-1.25884407711485,-2.10762955872375,198.865679523173,-54.1655503708329,181.99565915063,6,HIIT06,6_HIIT06,HIIT,180,111.0,183.0
3.66593123646506,9.19160644411671,2.34086097751816,4.35217122085328,166.468615375102,50.1573149153545,16,HIIT02,16_HIIT02,HIIT,89,145.0,207.5
0.831222650060952,-4.60093197429726,-1.48430491351252,15.5781439363096,51.3764489338323,-83.1011270356717,16,MICT05,16_MICT05,MICT,227,145.0,207.5
0.76194001355316,-2.06289643664449,-1.17328111443293,36.3022158149951,75.3426760985816,4.82338668945622,6,MICT01,6_MICT01,MICT,208,111.0,183.0
-2.05018384409049,-4.66374814007422,0.900528534030181,35.5077198713093,-18.3301723886638,-58.3722650728769,16,HIIT01,16_HIIT01,HIIT,352,145.0,207.5
-4.32254949028604,4.09821469965269,0.878980646355067,-107.217061387351,-65.8821888729602,23.0925912875627,6,HIIT01,6_HIIT01,HIIT,29,111.0,183.0
-4.48351691649937,2.0791998311435,1.61878396886605,-25.3765379078432,72.5554604125872,-72.4057412961239,16,MICT03,16_MICT03,MICT,341,145.0,207.5
-0.731058938016016,2.59197021242655,-0.407877342541027,-4.13851912127873,-22.9317738622071,40.2710866674886,6,MICT01,6_MICT01,MICT,59,111.0,183.0
-2.55563970496942,-4.32493371271103,1.52272696337487,-10.5879150057232,67.1866554720566,-94.5974560859932,16,MICT06,16_MICT06,MICT,325,145.0,207.5
-0.347476916473029,-5.5040920233655,-0.372362683438818,10.1239734153874,83.6871760748011,-133.537526033445,16,MICT05,16_MICT05,MICT,255,145.0,207.5
0.574553494525699,-8.75934156766759,0.569554811748019,25.5688398409938,40.0033775299042,11.9247868716443,6,MICT05,6_MICT05,MICT,355,111.0,183.0
5.52460960253631,0.357632656749829,-3.08387062023161,-10.7767191702414,-37.446965448669,48.7803024398864,16,HIIT04,16_HIIT04,HIIT,180,145.0,207.5
3.96233265815194,5.54830588713973,0.329688555836049,-336.370270979724,-132.996909617692,-294.088954450937,6,HIIT05,6_HIIT05,HIIT,136,111.0,183.0
-0.953292714413371,-9.02988192429756,0.256764183359265,22.1138305816755,60.3111984107072,-186.039121359619,16,HIIT05,16_HIIT05,HIIT,266,145.0,207.5
1.05223976040379,-0.863977043253098,-1.17505216125337,44.1792338249028,21.7689782547094,53.6736395807938,6,MICT02,6_MICT02,MICT,190,111.0,183.0
-0.0479643143127182,-4.06171072073645,0.078796085509486,-16.9387336505954,85.1176238420839,-72.2771140990803,6,HIIT01,6_HIIT01,HIIT,306,111.0,183.0
0.938684599065737,-3.87409610993135,-1.60222843692437,3.16827446312377,38.0208798713474,-67.917937654089,16,MICT04,16_MICT04,MICT,220,145.0,207.5
0.945117436803281,4.19009056006752,0.139792123912691,-6.64742820055708,-77.2866113024454,51.3119033579897,6,MICT02,6_MICT02,MICT,83,111.0,183.0
3.38176854817184,7.92982537594077,0.728631535533707,-185.812057753699,-165.769849968548,-108.785730062831,6,HIIT04,6_HIIT04,HIIT,109,111.0,183.0
5.55661946329345,6.31746794033742,1.2066063358111,-48.6004315250948,-139.764985806512,97.9504941383309,16,MICT05,16_MICT05,MICT,126,145.0,207.5
-5.84549594375334,-4.99346373833342,0.710382919544282,-5.34643636874084,22.8254461881283,55.136738369363,6,MICT03,6_MICT03,MICT,16,111.0,183.0
-2.09214547922395,-8.19259670613006,1.08993825613943,15.1952537646746,58.4988703016327,-179.291545714238,16,HIIT06,16_HIIT06,HIIT,284,145.0,207.5
0.788928795196734,-3.44541766739407,-0.453590220911918,6.43784929682959,101.197873025656,-81.946523390639,6,MICT04,6_MICT04,MICT,230,111.0,183.0
0.387819074628978,-5.01842721700434,0.731274159996283,41.157108184232,135.09932287714,-81.7451533794566,6,HIIT05,6_HIIT05,HIIT,259,111.0,183.0
5.06856201309055,4.82679212699103,-0.0297617474636929,-39.6082775449953,-132.275125570718,95.2939753162248,16,MICT03,16_MICT03,MICT,142,145.0,207.5
-1.14262668832654,3.26099263564087,-0.176857954393679,13.1523862590321,19.7927394677039,24.9289161475064,6,MICT02,6_MICT02,MICT,3,111.0,183.0
-1.72091736960819,3.19278860985821,-0.29786359032382,14.4227863602578,2.87160479950746,76.1482487981287,16,MICT06,16_MICT06,MICT,49,145.0,207.5
1.91846633806978,5.96706991494866,0.536747945487824,-7.39769811416235,-60.3234668892798,95.8916088042168,16,MICT06,16_MICT06,MICT,91,145.0,207.5
1.18203689798847,10.2914699091409,0.766889049076965,-18.7793870739938,-66.4691242804469,135.781826068822,16,HIIT04,16_HIIT04,HIIT,81,145.0,207.5
-6.99664530556364,2.38679270420094,2.5728657463997,-32.2416714559878,-12.3938406445259,53.8387807346964,6,HIIT01,6_HIIT01,HIIT,17,111.0,183.0
3.91043982118866,6.2392026873165,-1.07724054519669,-158.172631237314,-166.239348452695,-108.292371347211,6,HIIT05,6_HIIT05,HIIT,110,111.0,183.0
-1.26615796133031,-3.18885107359376,0.36459857408755,-12.4843079172514,30.7966046311271,-27.2502532846337,16,MICT03,16_MICT03,MICT,352,145.0,207.5
-11.1911035331812,38.3636565577271,1.3704131751034,52.8401500563583,58.9894728923693,83.7102862903519,16,HIIT02,16_HIIT02,HIIT,345,145.0,207.5
-0.880973043281136,7.86767840812938,-0.0553092562049864,73.6825928761635,145.804894676098,-12.7000365171068,16,HIIT02,16_HIIT02,HIIT,71,145.0,207.5
-0.616548568417015,-3.06152091871121,0.706889275060449,-21.7451723585118,65.4429960121565,-88.8560036691142,6,MICT04,6_MICT04,MICT,298,111.0,183.0
-5.18545660745542,5.44553477426868,-0.441758182730181,25.5342885855165,23.5356185426736,110.072142546001,16,HIIT04,16_HIIT04,HIIT,37,145.0,207.5
0.782807849040515,-2.22313419473698,-0.977132474311093,35.3838587697059,86.1929916370895,-2.09168507197427,6,MICT01,6_MICT01,MICT,211,111.0,183.0
-2.55209867813242,6.68872977366184,-16.7367163356148,-224.911264912776,-54.1744857038384,-245.547126625805,16,HIIT01,16_HIIT01,HIIT,140,145.0,207.5
-0.416886870366622,3.1671791915932,-0.476832435168122,5.90276505181603,-24.6906120316826,52.5348353706332,6,MICT04,6_MICT04,MICT,56,111.0,183.0
-0.931654137363609,-4.38384792347193,1.32250897165621,2.57044401470311,91.7454751290739,-76.2515484285873,6,HIIT04,6_HIIT04,HIIT,294,111.0,183.0
-0.005544417980666,-4.9601159210962,-0.736300945454218,12.1722766314811,71.6629593847822,-113.979651375298,16,MICT03,16_MICT03,MICT,245,145.0,207.5
-0.973395514020845,3.62266394276016,-0.228778567405789,14.459948795174,27.7642252672609,18.8289702845694,16,MICT06,16_MICT06,MICT,4,145.0,207.5
5.20868282651723,3.86789668770654,-0.637182665522665,-23.1358787106296,-128.048188155933,89.5054829798009,16,MICT05,16_MICT05,MICT,155,145.0,207.5
2.17915354543966,4.62656289618055,0.501154072021462,-0.476080057022189,-99.2223519179628,74.4269447051977,6,MICT01,6_MICT01,MICT,105,111.0,183.0
2.51159346182299,5.24724652934852,0.773455339941717,17.5351068656261,-102.83740310578,93.2436227069142,6,MICT06,6_MICT06,MICT,98,111.0,183.0
0.590525172223916,-4.8546104856635,-1.2707382176756,15.7919558752382,58.7810774752524,-91.7941456037125,16,MICT05,16_MICT05,MICT,231,145.0,207.5
-2.56584548520214,-8.04876341006543,0.684044388175096,26.4087033907128,86.188270104912,-25.4948378457934,6,HIIT02,6_HIIT02,HIIT,335,111.0,183.0
-9.58865587190202,33.1838751461403,1.36652141928379,124.536194244274,70.5689130542077,62.4936855793336,6,HIIT01,6_HIIT01,HIIT,347,111.0,183.0
-0.283428897933995,-4.29002590521706,-0.595314169013747,7.29407145336146,60.4424100985394,-112.635027026246,16,MICT01,16_MICT01,MICT,245,145.0,207.5
0.923325076787091,-12.3337040249585,-0.127766509443466,62.1406901832784,50.3435499681249,28.459400666356,6,HIIT03,6_HIIT03,HIIT,354,111.0,183.0
-0.0486870686246306,-7.71976934792914,-0.48761404388932,211.516901092495,95.7626740683913,165.849040457668,16,HIIT01,16_HIIT01,HIIT,244,145.0,207.5
-3.51839426151827,-5.52126464462754,1.75336632945477,-24.129051072792,70.1380131469504,-89.6217425861101,16,MICT03,16_MICT03,MICT,333,145.0,207.5
-1.78807151026308,2.66523362036539,-0.28547998167525,26.3982201012032,6.3979474026594,81.8313563034578,16,MICT01,16_MICT01,MICT,44,145.0,207.5
3.69252871141349,9.39805395514942,0.761223746118537,-124.593199982078,110.152261874606,49.2630829878049,16,HIIT02,16_HIIT02,HIIT,94,145.0,207.5
1.06809223890134,-3.05189850255529,-1.65228075582875,4.58597295541222,16.8890965709776,-44.7033726624528,16,MICT02,16_MICT02,MICT,212,145.0,207.5
-4.06806659296713,4.45861568935582,-0.818147010243039,140.569881636641,146.541500708662,-58.7109722219464,16,HIIT02,16_HIIT02,HIIT,43,145.0,207.5
-0.371344600866349,-1.94041822223908,0.118188388747051,-34.8290338265278,52.841908397512,-90.5296497282082,6,MICT01,6_MICT01,MICT,317,111.0,183.0
0.412401996282414,-5.39139556403569,-1.29979877620454,189.112269499646,160.882723617164,53.5305513741445,6,HIIT04,6_HIIT04,HIIT,241,111.0,183.0
5.10617553363255,5.69585662937212,0.921400103814383,-54.5634450014899,-140.079424061184,92.694144767489,16,MICT03,16_MICT03,MICT,131,145.0,207.5
0.557873840189269,-4.96910230119582,-1.17002324228745,219.566796445109,196.142396360072,129.255623187859,6,HIIT01,6_HIIT01,HIIT,225,111.0,183.0
1.86684512158066,-2.94782189183592,-1.84895636525793,19.3079381684872,8.17719857463753,-28.0323754402329,16,MICT06,16_MICT06,MICT,208,145.0,207.5
0.302039889808562,3.73819796121791,0.0329767709558551,5.0032633687702,-45.6961816398634,52.9751428149038,6,MICT06,6_MICT06,MICT,65,111.0,183.0
-0.809655415024502,-5.12745951239607,0.175437607278015,1.16166000784439,76.6662766546413,-139.512785519485,16,MICT03,16_MICT03,MICT,264,145.0,207.5
0.94959662650389,-1.97057684829096,-1.23883056050361,28.529336348432,70.4036951880464,9.64283799458793,6,MICT02,6_MICT02,MICT,203,111.0,183.0
0.457016391233291,-4.99227406002553,-1.14177974183332,14.9642628001226,63.1618955187246,-98.7865185971375,16,MICT05,16_MICT05,MICT,234,145.0,207.5
-0.548678495547911,-2.94202189420582,0.398738166558969,-40.2311933674039,52.4481039286398,-113.61301184136,6,MICT02,6_MICT02,MICT,296,111.0,183.0
-4.33677191528919,6.22100994903646,-0.72756037966899,42.2104572385869,39.2900770991997,65.7117086671851,16,MICT02,16_MICT02,MICT,19,145.0,207.5
0.524378694078139,11.032841038947,-10.1544818692169,-3520.0567740075,-1929.20723479839,-633.762446239025,16,HIIT01,16_HIIT01,HIIT,120,145.0,207.5
0.622800682282887,5.79893523596404,-1.55030451931209,-257.787580235842,-181.231671688626,-131.577772577709,6,HIIT02,6_HIIT02,HIIT,80,111.0,183.0
-2.36428634477643,6.29848724319704,-0.297718302807458,117.898512092302,133.664408033216,-51.528845774593,16,HIIT01,16_HIIT01,HIIT,59,145.0,207.5
1.32597889054874,-2.78571035723021,-0.542554065023382,4.47616082346309,93.2492310687786,-45.423096872709,6,MICT05,6_MICT05,MICT,209,111.0,183.0
3.46386449579899,0.824381153590504,-1.63231450135221,-104.445591915692,-68.7190702533939,-100.317112852492,6,HIIT05,6_HIIT05,HIIT,163,111.0,183.0
0.255846396099813,-4.78785508122118,-1.02742655141156,11.8333595366434,64.3611355322138,-104.713339474531,16,MICT03,16_MICT03,MICT,239,145.0,207.5
0.9796854263938,-3.05577181362485,-0.83331610613532,-3.18385667742428,101.57839202619,-58.9922771537673,6,MICT06,6_MICT06,MICT,213,111.0,183.0
1.57464758869645,8.75698651487635,0.323010063594429,28.2206048879018,142.397396206718,2.82812909091826,16,HIIT01,16_HIIT01,HIIT,85,145.0,207.5
-0.0481191864163786,-8.9714637508495,-0.738958211313403,24.9911142662421,59.2863502172156,-179.315415789637,16,HIIT06,16_HIIT06,HIIT,254,145.0,207.5
-0.562162100119859,-2.94850834641766,0.458504136323677,-39.2041069277962,55.4555152243089,-113.123873262975,6,MICT02,6_MICT02,MICT,298,111.0,183.0
4.16520709848723,-0.490078123833255,-2.12597393228667,44.2190696163291,-61.578701750382,25.2175427145957,6,HIIT04,6_HIIT04,HIIT,172,111.0,183.0
1.9191391611838,2.65730809812026,-0.0484806738285577,5.81822368508178,-157.096815906915,79.4333034703827,6,MICT06,6_MICT06,MICT,151,111.0,183.0
1.21364957281891,-4.1449187780298,-0.90431970670868,522.596274286205,140.2543632752,441.671513567858,6,HIIT06,6_HIIT06,HIIT,213,111.0,183.0
10.5356769917063,6.9662237577509,2.11116348713758,-370.584116215171,-99.7931264409963,-293.139156818477,16,HIIT01,16_HIIT01,HIIT,147,145.0,207.5
1.84312852496128,5.80707923620904,0.531311255721547,8.93577557651858,-60.9909108422803,96.1328233490453,16,MICT04,16_MICT04,MICT,88,145.0,207.5
-2.04201079354376,-5.84591697059725,0.741480045385756,47.0829563958056,92.1008694027113,-13.9430741278143,6,HIIT05,6_HIIT05,HIIT,327,111.0,183.0
4.6136660964937,2.06426241453979,-1.52349889807604,-11.4996322404806,-99.4625433656404,71.8254978857241,16,MICT06,16_MICT06,MICT,167,145.0,207.5
3.97577261763024,1.3757222590221,-1.36351169161425,13.8694369233659,-90.2394254901811,73.5000732310309,16,MICT01,16_MICT01,MICT,172,145.0,207.5
-4.04941415687657,-7.11245487916397,-12.3513249568711,3000.25166201646,1363.01989771481,1349.33391877984,16,HIIT01,16_HIIT01,HIIT,284,145.0,207.5
-1.76652797474269,3.79034197259522,-0.2112645913979,13.4561528258473,-2.12905535101415,79.4695818052508,16,MICT06,16_MICT06,MICT,53,145.0,207.5
0.882346559319298,-4.81910402378003,-1.54809014660735,21.893590163237,46.1609536119774,-79.6889497366841,16,MICT06,16_MICT06,MICT,227,145.0,207.5
3.15410165216107,-0.515366164761788,-2.0260206601566,16.0660138312178,-44.8361466016033,34.4566827529755,16,MICT05,16_MICT05,MICT,187,145.0,207.5
0.107816152938063,6.50468200286535,-1.33029890863741,-336.154380699351,-180.631282155823,-194.111734930744,6,HIIT06,6_HIIT06,HIIT,77,111.0,183.0
8.34767842039465,8.20341534494838,-0.315774027623972,-47.1475162143979,-121.907150807925,147.862113350032,16,HIIT06,16_HIIT06,HIIT,141,145.0,207.5
-3.15858814735174,-4.40119468756683,1.49812227782492,-9.28834951131247,72.3961839732534,-92.9709161693637,16,MICT04,16_MICT04,MICT,329,145.0,207.5
3.04189013392797,6.87659461045208,-1.39578679235086,-162.444703837869,-158.366472244204,-81.408534690658,6,HIIT04,6_HIIT04,HIIT,101,111.0,183.0
7.60491627497983,8.07730437645754,0.0862290507936368,-44.9090150861623,-113.272403939271,151.840868021071,16,HIIT04,16_HIIT04,HIIT,137,145.0,207.5
4.33344311218429,-2.79602557813922,36.7370636418305,291.512771447335,-53.7992736655785,-73.4855411734616,16,HIIT01,16_HIIT01,HIIT,297,145.0,207.5
-5.14328813870093,-6.73513438457286,2.34189818779398,64.5036805867845,-93.0810942786834,-129.6224126375,16,HIIT01,16_HIIT01,HIIT,328,145.0,207.5
2.70736995210985,-6.18308168606142,-2.40762517584529,127.140793541996,50.7126113453675,81.4336848585269,16,HIIT01,16_HIIT01,HIIT,219,145.0,207.5
0.180548723843071,-9.73320815341511,-1.24626366755642,25.3118252884956,60.8071859913321,-186.823481922943,16,HIIT06,16_HIIT06,HIIT,252,145.0,207.5
-1.34457043228655,1.92501292398288,-0.489552181320368,-10.6476726815279,-18.1156812494265,50.7915609356007,6,MICT02,6_MICT02,MICT,40,111.0,183.0
-11.4739803610695,-21.1196713081406,2.23625473240148,26.6755687259545,48.7199371566644,44.9420692222447,16,MICT06,16_MICT06,MICT,14,145.0,207.5
-1.80071674993384,1.45019393990217,0.634131791323498,-8.46005636227762,30.2714663177717,-27.9243233288444,16,MICT04,16_MICT04,MICT,351,145.0,207.5
2.28646690734384,4.6330081415789,0.548655980218581,-2.85953531706954,-108.936076153529,76.4560932252403,6,MICT01,6_MICT01,MICT,109,111.0,183.0
8.16018857856119,10.065123332874,1.36737746346165,-50.9521180609055,-124.171673146342,164.395423342169,16,HIIT04,16_HIIT04,HIIT,125,145.0,207.5
-0.939959260955664,4.60538045461543,-0.007986168143497,18.5472440014822,-24.9107019774603,81.7811580010691,16,MICT03,16_MICT03,MICT,65,145.0,207.5
5.20187079794225,5.76582845724266,1.17879275242824,-42.6704039276154,-138.170328290206,100.877457618508,16,MICT04,16_MICT04,MICT,129,145.0,207.5
-1.09699217450782,-3.29264397638964,0.261600075211721,25.5486646326766,40.4429028554249,5.35867421094741,6,HIIT02,6_HIIT02,HIIT,352,111.0,183.0
2.94190943774283,4.60529917646766,0.435942183857957,-26.5626380521494,-187.324468028153,69.3670327811635,6,MICT03,6_MICT03,MICT,134,111.0,183.0
1.52233115797984,5.21268960784748,0.171929056392973,-15.4363323107205,-96.2054370954454,60.8343696391339,6,MICT03,6_MICT03,MICT,84,111.0,183.0
-0.013553527562966,-3.61306794151698,0.283056118881257,-14.3496779182895,75.5989718026677,-113.668223653212,6,MICT04,6_MICT04,MICT,271,111.0,183.0
-1.18451012366661,-3.66975790066598,0.43448958625432,-10.701832227604,63.0600269170167,-62.3389447965956,6,MICT01,6_MICT01,MICT,331,111.0,183.0
5.3084517051545,-2.98231003539746,-3.18756349042012,-28.8961940807739,49.5156672416711,-39.0280384857264,16,HIIT02,16_HIIT02,HIIT,195,145.0,207.5
2.72584377955357,-0.599484626177792,-1.54295067592052,30.9144102292978,-41.0226745029022,31.9156674472925,16,MICT01,16_MICT01,MICT,192,145.0,207.5
-0.797624515667636,-3.50996453486417,0.781284109408287,-5.41616135449534,85.6306622575452,-67.7215926950324,6,HIIT04,6_HIIT04,HIIT,309,111.0,183.0
2.84444159854037,-0.685536811197139,-1.92315938248339,13.2641762555843,-36.009329090781,29.5490501507552,16,MICT03,16_MICT03,MICT,189,145.0,207.5
0.994066781147703,-2.63881452240315,-0.591692481481571,2.85385716583437,93.8776378122318,-48.9550739855803,6,MICT02,6_MICT02,MICT,218,111.0,183.0
0.419596167931762,-5.30461397960442,1.18918452543275,54.3721773843385,145.068944540542,-70.9735196109786,6,HIIT06,6_HIIT06,HIIT,256,111.0,183.0
2.27828355487661,-3.21286766316131,-1.7699987677127,530.70500427212,19.8650186909866,484.624909075652,6,HIIT06,6_HIIT06,HIIT,197,111.0,183.0
-8.54637374561672,14.8965099783483,2.27137672813601,20.4072987602071,81.145928929012,-83.978059674266,16,HIIT04,16_HIIT04,HIIT,342,145.0,207.5
1.93793148947074,7.07729370011733,-1.82577706558717,-252.91210920503,-172.689860085357,-131.945272659377,6,HIIT04,6_HIIT04,HIIT,92,111.0,183.0
0.91493643587604,6.23978990306699,0.314816835338959,3.9224297036014,-55.4158588348443,92.0177900189613,16,MICT05,16_MICT05,MICT,82,145.0,207.5
-1.16923232786262,3.83245362708815,-0.261069546007373,33.6078666104731,-14.5059186928761,81.9131452246454,16,MICT02,16_MICT02,MICT,57,145.0,207.5
-0.66691844749167,6.4157224241823,-0.500331092867511,-163.079064320757,-147.391784645678,-40.7460249389515,6,HIIT01,6_HIIT01,HIIT,64,111.0,183.0
0.626736699241373,-4.40377552925381,1.30802227886915,312.520965257566,169.025617821766,184.222088543682,6,HIIT04,6_HIIT04,HIIT,230,111.0,183.0
4.33616074483309,3.60255786859462,-1.13447354103764,-328.904669643185,-107.220310946383,-296.320602100739,6,HIIT05,6_HIIT05,HIIT,144,111.0,183.0
1.01891157726794,-0.32266096231639,-1.2393436281569,46.4173736165126,-4.10654489736358,67.6335518944586,6,MICT02,6_MICT02,MICT,184,111.0,183.0
-2.39612899781206,2.91076404788382,-0.0836873459168213,26.5538938981062,38.5987179264957,30.1037282625012,16,HIIT04,16_HIIT04,HIIT,5,145.0,207.5
-11.7372047074775,-9.99968969434463,1.0033791427729,47.6045465493072,69.4909937089597,67.9482002806928,16,HIIT03,16_HIIT03,HIIT,16,145.0,207.5
1.13509224924982,-2.88354648455684,-1.64617098758948,5.4790021149794,12.543109561636,-38.0145883902743,16,MICT02,16_MICT02,MICT,210,145.0,207.5
-2.66451986104598,-9.65851106716176,1.04527371610331,74.6290780388625,94.3452893065957,14.739948776781,6,HIIT05,6_HIIT05,HIIT,335,111.0,183.0
-0.988824652847779,-5.0189594570319,0.200006006505875,-2.16671420611742,84.3721147946155,-142.670543245522,16,MICT02,16_MICT02,MICT,267,145.0,207.5
-1.71571748533039,-4.20496049399489,0.825165897314093,-11.1335970177372,77.2904748687096,-127.852647257168,16,MICT05,16_MICT05,MICT,299,145.0,207.5
1.32723534066881,4.7756330958971,-0.185805463782899,-7.68871273472587,-92.4237121733879,59.9569307358786,6,MICT02,6_MICT02,MICT,91,111.0,183.0
-1.0673515667607,5.17904640145862,-0.718375765198675,65.3928283725349,45.7660680704443,-48.2587628799568,16,HIIT01,16_HIIT01,HIIT,4,145.0,207.5
0.717338414663812,-7.45226330649601,-1.41725250074396,191.083989704074,76.1578829158255,145.998378952765,16,HIIT01,16_HIIT01,HIIT,236,145.0,207.5
-3.98156020541343,4.5927175051114,-0.166414423968397,16.057037321211,25.2837274066303,69.5883853803898,6,MICT05,6_MICT05,MICT,18,111.0,183.0
-3.04535754355863,-5.21711973172601,0.925537857146037,23.2966223432305,92.9581639703058,-31.8631454433166,6,HIIT04,6_HIIT04,HIIT,329,111.0,183.0
-2.05291013195873,6.7263429555736,-0.224378049561837,111.285161808118,134.335867220934,-46.8613688092808,16,HIIT01,16_HIIT01,HIIT,62,145.0,207.5
-3.11703900560288,3.23242104943228,-0.619149644730214,36.5018514363296,13.4817736128187,84.4184454944262,16,MICT03,16_MICT03,MICT,34,145.0,207.5
0.380353699924733,9.36451738815179,0.540945636659428,-18.483650087252,-54.3815104017634,130.554550454893,16,HIIT06,16_HIIT06,HIIT,76,145.0,207.5
-7.01778600724179,-4.2893046443131,2.75618406168122,77.0051192289072,-60.8606942743499,-136.931002752697,16,HIIT01,16_HIIT01,HIIT,340,145.0,207.5
-0.40757926847598,6.58416248335115,-0.638100554791049,-318.495518751907,-183.376660415815,-167.245706587864,6,HIIT05,6_HIIT05,HIIT,73,111.0,183.0
-0.617804488864991,-4.15809467731681,0.371048066903203,-18.2294264116158,87.5193574667225,-99.1552991260307,6,HIIT02,6_HIIT02,HIIT,291,111.0,183.0
-0.707398187630195,1.92688340869597,-0.573860828046741,-10.2227484851876,-15.4080428463276,39.4455678575957,6,MICT01,6_MICT01,MICT,50,111.0,183.0
-1.10396788930877,6.50627113045753,0.767831858397015,-199.772198759706,-133.688332307059,-37.2838296878882,6,HIIT04,6_HIIT04,HIIT,63,111.0,183.0
-0.59576286075608,-5.27577502458786,-0.0934641464055515,18.678269886961,73.253616218125,-128.436611117707,16,MICT06,16_MICT06,MICT,259,145.0,207.5
4.9762840569456,2.78483312668442,-1.49147511654845,-219.349384344622,-89.646693872666,-199.308999978697,6,HIIT04,6_HIIT04,HIIT,152,111.0,183.0
5.13429269197389,5.48198998539399,0.432149202156932,-42.1980623757292,-139.582424997639,100.918994923217,16,MICT04,16_MICT04,MICT,132,145.0,207.5
-2.2497163515824,-7.29445111871139,1.27508953008165,11.6182171634974,61.4273955371001,-168.803351424418,16,HIIT05,16_HIIT05,HIIT,293,145.0,207.5
0.811848563302509,-3.53089014358797,-0.131975771440865,3.51634036420358,100.086132043937,-89.2888345801351,6,MICT04,6_MICT04,MICT,233,111.0,183.0
-0.823912118398432,-4.80089084833135,-0.106869847988667,3.06506754553332,78.3719841134017,-136.569801567715,16,MICT01,16_MICT01,MICT,261,145.0,207.5
2.44049506524846,6.13941281214369,0.818401270019258,7.50976961385372,-67.451661204653,99.1900166736401,16,MICT02,16_MICT02,MICT,93,145.0,207.5
0.062396869836449,6.14466443746714,-1.69497341741281,-316.862172680901,-180.924797253722,-176.254594155474,6,HIIT05,6_HIIT05,HIIT,76,111.0,183.0
4.49513120727526,6.2033991271858,1.76677331058133,-25.2749872597448,-109.666212083932,101.77442984524,16,MICT04,16_MICT04,MICT,112,145.0,207.5
4.56356000473112,-0.0209561009167913,-2.1469041339639,-3.95644236920702,-67.2071518428765,-17.6748786754047,6,HIIT04,6_HIIT04,HIIT,169,111.0,183.0
4.6661134992686,11.5087955253532,-3.15843150483365,-3715.97519959449,-2023.78544315301,-636.554146270007,16,HIIT01,16_HIIT01,HIIT,117,145.0,207.5
-2.30526326002592,-6.05209837663616,1.48787120301306,11.7609524558051,58.5687401682734,-154.838822961354,16,HIIT06,16_HIIT06,HIIT,304,145.0,207.5
0.198978026153531,-6.46615346003713,0.124593021917357,-41.3067218630961,106.745113300804,-152.480251647639,6,HIIT03,6_HIIT03,HIIT,274,111.0,183.0
-6.42644041507379,11.6427345356766,-0.650058583983843,38.7261886059115,64.3635316234781,81.7645540842785,16,HIIT06,16_HIIT06,HIIT,21,145.0,207.5
-5.54999571512668,-10.546881450733,2.99257869826303,20.5305633829294,80.704090633433,-88.9995397228919,16,HIIT06,16_HIIT06,HIIT,339,145.0,207.5
-3.01226670074137,-11.7338073502006,1.19640521949899,49.0801022475227,96.0003901838745,-2.54934176149669,6,HIIT04,6_HIIT04,HIIT,337,111.0,183.0
-0.2560132240781,-4.28865183868384,0.388458076008308,-4.67530578371803,89.7874710354903,-76.9703962577142,6,HIIT03,6_HIIT03,HIIT,307,111.0,183.0
-0.766631535007444,6.95350670961935,1.35300891502154,-230.764529118224,-180.470363497541,-85.5663222714269,6,HIIT03,6_HIIT03,HIIT,65,111.0,183.0
5.05198868302225,4.57103186975664,-0.0680216306615945,-35.3424221746174,-129.066576724773,95.3467777775502,16,MICT03,16_MICT03,MICT,145,145.0,207.5
-0.387925821131019,-4.15097529306758,0.554869776452853,-0.361343029497381,95.6164519534266,-113.7237150319,6,MICT03,6_MICT03,MICT,278,111.0,183.0
3.69917461525523,6.78804715391614,0.503292463852088,-140.083631622728,-159.7260846794,-102.839816703409,6,HIIT06,6_HIIT06,HIIT,117,111.0,183.0
-12.4397149873388,10.9288623097385,-32.4406142409991,-3582.64914362699,-2061.97333191014,-945.871411473754,16,HIIT02,16_HIIT02,HIIT,128,145.0,207.5
-1.36768771994605,-5.57708849876597,0.493143478312914,-7.58805876356488,79.4487013878779,-146.919392161141,16,MICT04,16_MICT04,MICT,277,145.0,207.5
1.0106991095463,-3.28201051866096,-1.2741235766415,24.4112479330113,22.8891577768631,-54.009511561692,16,MICT01,16_MICT01,MICT,220,145.0,207.5
2.98740269174011,5.68146637034477,0.786516976066426,-12.0898472581246,-139.484854078195,83.3249356806504,6,MICT03,6_MICT03,MICT,109,111.0,183.0
2.77782259254122,6.39643089222374,-2.59061828405293,-198.081412665684,-162.924501957659,-103.784915470837,6,HIIT04,6_HIIT04,HIIT,98,111.0,183.0
2.76216185808821,6.09425730914602,0.680467068479561,-4.26367891884132,-74.8899549273321,98.2067507467661,16,MICT05,16_MICT05,MICT,97,145.0,207.5
-1.31919579633656,-5.50137683789263,0.597174223491573,-3.80921197997701,80.4323605237908,-146.411737584708,16,MICT05,16_MICT05,MICT,275,145.0,207.5
-2.35940888856792,-6.06884967387308,1.09002429131187,13.702889686806,61.7886731495887,-156.278946209304,16,HIIT03,16_HIIT03,HIIT,303,145.0,207.5
9.00981766181403,10.2049776321659,0.497609524224839,-64.6159437973103,-128.916422332035,159.558846012274,16,HIIT03,16_HIIT03,HIIT,131,145.0,207.5
5.3048266860435,5.63790482816465,0.802155260840231,-54.2528323266144,-131.644395482409,94.5188266691496,16,MICT06,16_MICT06,MICT,130,145.0,207.5
8.07823465044237,8.01623088709581,-0.654956387801696,-52.2169651339462,-111.500195475414,146.704208687207,16,HIIT03,16_HIIT03,HIIT,141,145.0,207.5
1.59490699006874,4.95062904863536,0.0684848570500104,-10.5344774665765,-89.8226564645712,58.4240837818723,6,MICT04,6_MICT04,MICT,85,111.0,183.0
1.80188621110943,6.4129111104884,0.508455614495495,-6.56712794351005,-59.7064125759046,98.262250438305,16,MICT06,16_MICT06,MICT,89,145.0,207.5
-0.297071159650855,-8.81266378843826,0.201153397627192,-10.9835145926559,32.6912085196038,-25.8830603448806,16,MICT03,16_MICT03,MICT,354,145.0,207.5
-1.81445839244009,1.61193116005234,0.419552695504097,-11.3952460716508,30.5896089565909,-28.5525160952126,16,MICT06,16_MICT06,MICT,351,145.0,207.5
-0.593130807451158,-4.91407744171264,-0.314000465797832,-6.28455377881386,79.1582595174492,-140.555599323173,16,MICT02,16_MICT02,MICT,257,145.0,207.5
-1.57105392131493,-3.80022738134474,0.732584790742175,-11.143379060391,74.2847547459675,-122.285654293067,16,MICT05,16_MICT05,MICT,300,145.0,207.5
-0.0831243686150209,-5.61665509983402,0.62075883035642,-20.2406511061814,96.5296826383429,-91.9842714067348,6,HIIT01,6_HIIT01,HIIT,293,111.0,183.0
-1.8278198757694,-7.74497348055992,0.959697098351613,14.8698798095044,57.2989953803584,-173.271984709788,16,HIIT05,16_HIIT05,HIIT,281,145.0,207.5
-2.56136337099693,-9.18368192297466,0.693689948510466,29.6894691800781,87.3444304665353,-21.8698871920429,6,HIIT02,6_HIIT02,HIIT,336,111.0,183.0
-1.64314681753681,3.92390847767968,0.307800522914736,-131.474050410706,-87.3417086787817,12.9816286057696,6,HIIT05,6_HIIT05,HIIT,44,111.0,183.0
-0.74598660413787,3.89626231936894,0.397787477850839,-111.926893834095,-95.0514991394273,11.766398873499,6,HIIT02,6_HIIT02,HIIT,52,111.0,183.0
-1.29625697926999,-5.01039216550549,0.35888596989052,-5.08936033898173,82.4337986564602,-143.126840122419,16,MICT02,16_MICT02,MICT,277,145.0,207.5
-0.42377755515175,-5.41424672611887,0.904660203143146,-32.7418532465309,88.2037765353497,-110.561961908546,6,HIIT05,6_HIIT05,HIIT,286,111.0,183.0
-0.422014567165405,2.70043017555188,-0.685506258579139,2.04009154409795,-22.4116796750364,51.6088030567875,6,MICT06,6_MICT06,MICT,51,111.0,183.0
0.798884792227665,4.83451091296982,-0.245685629465968,-14.0345876100424,-78.6116380973028,50.3143451854524,6,MICT04,6_MICT04,MICT,77,111.0,183.0
3.16836977462209,1.02727069077768,-1.45175718404999,-21.492374739654,-73.4736124922392,-1.80085607394176,6,HIIT01,6_HIIT01,HIIT,167,111.0,183.0
1.03293245226036,-3.70921597542468,-1.68710486735491,3.45168257165396,34.2017518654704,-62.4037605201653,16,MICT04,16_MICT04,MICT,218,145.0,207.5
-0.872456868607471,5.44081055443427,-0.335158038317578,28.667075469099,41.0606273685329,28.3343844139303,16,HIIT04,16_HIIT04,HIIT,2,145.0,207.5
4.49644692946837,5.97382937161938,-0.466649585497691,-322.336365202349,-149.13478001251,-257.838852173233,6,HIIT04,6_HIIT04,HIIT,130,111.0,183.0
5.17303220992242,5.94103075354087,1.10014299519857,-33.9420614375933,-121.823398282575,106.457564800815,16,MICT02,16_MICT02,MICT,124,145.0,207.5
3.62028342182638,0.0167637838357704,-2.09173563672176,-12.7308030772666,-69.6084322455204,-15.6930299272664,6,HIIT05,6_HIIT05,HIIT,168,111.0,183.0
-0.34887933048375,-4.14156061901488,0.380495070852039,-2.94877674519966,94.9464617812314,-118.033054782929,6,MICT03,6_MICT03,MICT,276,111.0,183.0
8.91108430557933,8.97399323905935,-0.627697097146939,-56.0839690043657,-118.784993286772,154.828483160273,16,HIIT03,16_HIIT03,HIIT,140,145.0,207.5
4.83778454743276,5.96433059004854,1.0766110643898,-30.0909883445283,-119.77920028194,104.755570164381,16,MICT04,16_MICT04,MICT,120,145.0,207.5
0.624120172429835,-5.09568772443054,0.85442243993334,107.890557928018,173.806038352441,-26.4889460198992,6,HIIT05,6_HIIT05,HIIT,247,111.0,183.0
0.562309594711568,3.93144993390194,-0.135276804465919,-7.43030738214343,-59.0100147700684,47.3392851898892,6,MICT01,6_MICT01,MICT,79,111.0,183.0
8.35602464628287,9.61608527812178,0.817192911399783,-54.4369570453762,-132.167954038754,156.781742481764,16,HIIT06,16_HIIT06,HIIT,128,145.0,207.5
-2.50874977722656,-4.99695145853515,1.29963829100352,-18.3343099975859,73.9253569511151,-104.056694674642,16,MICT02,16_MICT02,MICT,326,145.0,207.5
0.965939134543235,-3.46909282733123,-0.508235971489338,-13.9734771238634,106.295964206553,-93.6459812353713,6,MICT06,6_MICT06,MICT,224,111.0,183.0
-4.41762648533717,2.35695022039098,1.42281581731365,-24.9241793377476,73.3366052188762,-68.2980814620581,16,MICT05,16_MICT05,MICT,341,145.0,207.5
2.46757280629834,4.23942131022294,0.495788261428151,-7.46680445738967,-179.432270908422,79.2777281182568,6,MICT05,6_MICT05,MICT,134,111.0,183.0
2.20547213612686,-1.71497894484062,-1.84778204649194,16.7704147148699,-12.2066651281422,4.9494629342918,16,MICT03,16_MICT03,MICT,198,145.0,207.5
4.47743074919283,6.73151182909707,1.64228357787538,-16.5498440398024,-98.9520192971729,107.24829124655,16,MICT05,16_MICT05,MICT,110,145.0,207.5
-7.35997759409894,18.6551634892005,0.753536009424639,94.7766472641687,91.7456929470027,39.1835928147583,6,HIIT05,6_HIIT05,HIIT,343,111.0,183.0
-0.008881439639514,1.52770943555152,-0.125501973544537,15.0010599332473,30.5333827669938,18.0011399965233,16,MICT06,16_MICT06,MICT,0,145.0,207.5
-1.29536579129147,8.97749303163315,0.306837187796782,-8.86625684646879,-34.0242013077052,128.275527459866,16,HIIT06,16_HIIT06,HIIT,66,145.0,207.5
-0.238497690490124,-4.98000080609095,1.06422590279824,-1.9011374739279,97.5620951086504,-85.2526362754948,6,HIIT03,6_HIIT03,HIIT,297,111.0,183.0
3.41555252948973,6.26161708094825,1.08947538051031,-9.25357740008141,-81.5669972779031,103.098253018028,16,MICT03,16_MICT03,MICT,104,145.0,207.5
-0.0520466343282079,-5.09555694676448,0.733974860701939,-22.5266847066296,105.58480924448,-132.79037817102,6,HIIT02,6_HIIT02,HIIT,270,111.0,183.0
-1.56538162757774,-4.61820869740103,0.453404390453758,-7.58062445924071,76.2960450986369,-133.318668800795,16,MICT04,16_MICT04,MICT,289,145.0,207.5
4.73288820788563,0.907587900761396,-2.04719754527182,-77.1213628330542,-72.5029773842791,-81.2525128586002,6,HIIT04,6_HIIT04,HIIT,164,111.0,183.0
-4.50882426368475,10.6811782100999,0.840428194900493,37.734264259472,-21.9735278230479,-63.432883270712,16,HIIT01,16_HIIT01,HIIT,350,145.0,207.5
6.83541178924863,9.59050088054748,1.10151136385913,-48.9211355644128,-117.491203269636,155.488504221063,16,HIIT04,16_HIIT04,HIIT,119,145.0,207.5
1.26169427460319,-2.39356381632608,-1.13972823990391,25.9820987054357,69.8527595032854,-9.3596088520179,6,MICT04,6_MICT04,MICT,203,111.0,183.0
0.713732522329877,-4.71551663150535,0.295382396730921,288.760248131063,195.023755382882,172.69011587302,6,HIIT06,6_HIIT06,HIIT,231,111.0,183.0
0.50038450453717,5.64847271128267,0.317006896544626,7.42138661643379,-47.6216014462184,87.8231855729568,16,MICT03,16_MICT03,MICT,79,145.0,207.5
4.59739067172975,10.8763766951756,1.21968184011867,-35.0859506264593,-96.3355772416535,153.640398993565,16,HIIT04,16_HIIT04,HIIT,99,145.0,207.5
4.29034799073768,6.28769352797797,1.60477113437468,-13.0644289351734,-93.9336955359186,105.966010895461,16,MICT02,16_MICT02,MICT,109,145.0,207.5
0.422022486618201,-3.28020395514076,0.36967560927016,-28.5722680937854,67.5642254934616,-130.91777289015,6,MICT01,6_MICT01,MICT,258,111.0,183.0
-0.466730347750872,-2.29113188753553,0.43212975815887,-35.6843762815557,65.0404302649086,-91.5229382311873,6,MICT05,6_MICT05,MICT,306,111.0,183.0
0.486718308338444,-4.50009725201175,0.140400107187906,264.869218573733,192.951386299935,181.256298512484,6,HIIT01,6_HIIT01,HIIT,222,111.0,183.0
0.206702804622737,-5.13580433167485,0.367640664600136,11.6733262132879,32.2410904541506,-4.84404268781311,6,MICT01,6_MICT01,MICT,353,111.0,183.0
5.31006074563435,5.44339400782762,0.559253394980855,-30.7059152072855,-118.540335398509,102.427987308753,16,MICT01,16_MICT01,MICT,126,145.0,207.5
-0.433014414101428,2.53794397229761,-0.721849894605593,0.65462881609977,-20.2026654448034,51.6208907063675,6,MICT06,6_MICT06,MICT,49,111.0,183.0
-19.4248177494967,-43.921296336053,3.31436347355629,41.8201342795535,60.5111217813906,53.810276302821,16,HIIT03,16_HIIT03,HIIT,13,145.0,207.5
1.08586242940849,-2.72210366896884,-0.854451115717753,5.39406447722694,94.9274525452364,-36.4270395745567,6,MICT06,6_MICT06,MICT,207,111.0,183.0
-3.47203614720379,6.41370128634444,-0.775121512209942,-12.8252805388544,11.1704033610449,57.1304931007171,6,MICT03,6_MICT03,MICT,20,111.0,183.0
-2.09004469459348,2.75152926412889,-0.472943508018957,29.0232851976628,3.11779690975173,81.8631337710596,16,MICT04,16_MICT04,MICT,40,145.0,207.5
7.77704614640159,10.386965792857,1.34335248417674,-50.2514684433177,-122.603640701341,163.934716320319,16,HIIT04,16_HIIT04,HIIT,121,145.0,207.5
4.25662731511136,4.44000680307641,-0.653616704916624,-294.210533801843,-134.813911884307,-251.18513389474,6,HIIT01,6_HIIT01,HIIT,142,111.0,183.0
5.619962898282,6.17838605988004,0.99065520229071,-50.9793131603415,-143.424241724016,96.6721946840578,16,MICT05,16_MICT05,MICT,128,145.0,207.5
-1.5767811789845,1.87757297064873,-0.487200900926637,-24.5726221359643,-8.2683012033637,40.5719668250659,6,MICT01,6_MICT01,MICT,36,111.0,183.0
-0.0104470534151581,-4.37245543581792,-0.810526800051204,7.43472368137225,50.4330890646523,-105.777862941408,16,MICT01,16_MICT01,MICT,238,145.0,207.5
0.863095003748302,-8.46454756756812,-1.36701428276172,189.577776616357,93.7504881041566,154.733470468695,16,HIIT02,16_HIIT02,HIIT,241,145.0,207.5
-1.4682849213618,-9.79486378259104,0.443081763140673,19.7029431875251,56.9367400008919,-194.17445737551,16,HIIT03,16_HIIT03,HIIT,269,145.0,207.5
-3.52502290031601,-6.62929897962056,1.74652438771824,-24.4791242050365,70.082758061282,-87.474273075068,16,MICT03,16_MICT03,MICT,334,145.0,207.5
0.124921946599751,-8.48909350431765,-0.836453335431461,195.366358168675,109.717071293026,162.853518914984,16,HIIT02,16_HIIT02,HIIT,251,145.0,207.5
-1.61104189168216,1.33693888867711,-0.003742671308925,6.31600867361343,23.4871960705529,18.764058579061,16,MICT01,16_MICT01,MICT,5,145.0,207.5
1.36310463582652,5.07616767561302,-0.0311837752579335,-3.72642242709277,-89.1364954278805,64.6545367012249,6,MICT05,6_MICT05,MICT,83,111.0,183.0
7.30452400850897,2.35276545296815,-2.35465483074658,-247.038341584807,1.2476658699014,-235.253068332589,16,HIIT01,16_HIIT01,HIIT,168,145.0,207.5
4.75100779937085,6.75194284523181,1.8668120889121,-37.0572306449225,-106.331657414928,103.796343392365,16,MICT06,16_MICT06,MICT,113,145.0,207.5
-3.36924051198877,5.74492972685327,-0.400150090890511,7.13830389168706,7.28790476899378,111.60865031799,16,HIIT06,16_HIIT06,HIIT,46,145.0,207.5
-1.76362553166452,1.3443453512666,0.432172393467106,-13.4161459134843,31.3600180604138,-28.9474086838715,16,MICT03,16_MICT03,MICT,351,145.0,207.5
-1.10417266938106,3.35966060655484,-0.75672397506329,-114.368178512864,-89.4064180348562,15.5174879173054,6,HIIT02,6_HIIT02,HIIT,48,111.0,183.0
0.985128261664819,-3.73800916350872,-0.545527517905843,3.12871988335672,113.289767355794,-82.475598324521,6,MICT03,6_MICT03,MICT,226,111.0,183.0
6.29643355809366,-0.329290441086431,-3.60611241954931,-4.90017859989513,-27.9392272428172,39.4901101059954,16,HIIT03,16_HIIT03,HIIT,183,145.0,207.5
0.0014401359882398,-5.88353101174638,1.20356783862791,125.313604486419,151.692150625774,-18.0460211498281,6,HIIT04,6_HIIT04,HIIT,261,111.0,183.0
-4.41995784992375,13.7023507747608,1.06534021384373,-18.8832100504983,70.3557075242184,-63.6022142423263,16,MICT02,16_MICT02,MICT,343,145.0,207.5
3.75976257760868,-2.20323595707533,-2.31670946631013,290.927128178265,-42.6250775837473,245.742254997626,6,HIIT04,6_HIIT04,HIIT,185,111.0,183.0
-1.31741346056946,-3.26709691724802,0.522883542644559,-5.62239895295546,75.778341529939,-120.669876657071,16,MICT04,16_MICT04,MICT,302,145.0,207.5
3.54163828621786,6.44580840132866,0.301970837734451,-137.20604973425,-160.345033968105,-94.5013655065413,6,HIIT05,6_HIIT05,HIIT,114,111.0,183.0
-6.11488193674071,-17.6669022937548,1.44969681485918,-5.7941748860074,1.37866383767999,28.1645493796674,6,HIIT01,6_HIIT01,HIIT,8,111.0,183.0
-2.78161526491577,-4.910528249748,1.63594577078014,-21.7378236221505,74.8098074015391,-100.760266917924,16,MICT05,16_MICT05,MICT,326,145.0,207.5
-2.33608234719678,2.69833190920614,-0.323621292865884,-11.7008007973518,-10.8488308163107,54.542033087339,6,MICT02,6_MICT02,MICT,33,111.0,183.0
-5.2308702785661,-21.9620676085214,1.67976970010863,15.1140278376336,23.2998946078577,39.7893944364845,6,MICT02,6_MICT02,MICT,12,111.0,183.0
0.153245639141158,6.0049557426648,0.523325018460282,-265.449953204775,-178.228381001309,-121.069764095783,6,HIIT02,6_HIIT02,HIIT,73,111.0,183.0
-0.0826999303193541,-5.27736826123295,0.486847461720179,-22.0267606179598,92.9899702194645,-91.7748509237008,6,HIIT01,6_HIIT01,HIIT,292,111.0,183.0
-4.08076406447679,6.97499919996352,-0.790450096757931,42.358505687494,36.7864679853027,67.3551884862809,16,MICT02,16_MICT02,MICT,20,145.0,207.5
4.04056531380412,6.63829854436511,1.03352034059513,-18.1992199467142,-86.2930378539041,108.6240081858,16,MICT06,16_MICT06,MICT,107,145.0,207.5
-0.617935904986672,-4.74975549301444,0.474786577619253,-24.0095052585144,89.6361815118405,-110.953446129565,6,HIIT02,6_HIIT02,HIIT,288,111.0,183.0
-0.496403436744502,-2.59583943125097,0.453851383033966,-36.6403722647429,54.4320703224058,-106.572150798965,6,MICT02,6_MICT02,MICT,300,111.0,183.0
1.01599806649051,-6.52497599460763,-1.35042992000051,176.545935593768,68.4356244313239,132.459447484995,16,HIIT01,16_HIIT01,HIIT,233,145.0,207.5
-0.0951329089110387,-7.00370971080357,0.215423344635672,196.330638263032,92.0816525652292,157.295076422229,16,HIIT01,16_HIIT01,HIIT,246,145.0,207.5
0.806324519977382,-6.10935563868125,1.34899826680795,-0.0483826911107588,134.566611741815,-119.277281079369,6,HIIT01,6_HIIT01,HIIT,264,111.0,183.0
1.0901152762717,-1.35149690902976,-1.1373720281891,27.3522909568126,31.0961815111123,22.8091314631175,6,MICT05,6_MICT05,MICT,189,111.0,183.0
-1.5949321567658,4.48517101187062,-0.168052119097595,18.4765404699747,-15.4399062917393,81.6205150703747,16,MICT05,16_MICT05,MICT,59,145.0,207.5
4.47537370567463,7.13938904565613,0.0311764540050773,-233.292146180267,-180.01542826735,-181.036333649408,6,HIIT03,6_HIIT03,HIIT,120,111.0,183.0
0.161826124698067,-5.71229093332075,0.984066808201665,-8.59642687838004,109.538118249573,-117.370706310127,6,HIIT05,6_HIIT05,HIIT,270,111.0,183.0
8.11171273144473,7.84273342847461,-0.554868608731707,-42.3965701842046,-110.402869624607,152.33526382305,16,HIIT04,16_HIIT04,HIIT,144,145.0,207.5
0.483347621617739,-8.73233961052954,-1.43787072110236,17.5840248948276,48.2259472987841,-172.931006368552,16,HIIT06,16_HIIT06,HIIT,245,145.0,207.5
-30.1821512017001,7.20273748329602,-62.1133093177169,-1414.58513904294,-768.811010673321,-472.947573128992,16,HIIT01,16_HIIT01,HIIT,137,145.0,207.5
-3.4758982566866,-6.41256159874839,1.71299125001622,-34.3511132586065,75.4522873367767,-80.8798224844028,16,MICT01,16_MICT01,MICT,339,145.0,207.5
-3.18149354896675,3.36671849878042,-0.6143677759716,29.6238423609393,12.1082528506423,79.25737730945,16,MICT04,16_MICT04,MICT,33,145.0,207.5
0.944016104722129,5.11845247147843,-0.145763856448007,-16.1486956110757,-89.0080790163712,56.3207878132724,6,MICT03,6_MICT03,MICT,79,111.0,183.0
-0.693787324412722,-5.21209741383791,0.0663967503139589,0.122671194875822,80.0062987403915,-137.769845199062,16,MICT04,16_MICT04,MICT,263,145.0,207.5
-1.13862179126058,4.78256155458935,0.760683527880428,-203.408504246611,-131.555342193721,-50.1931020090513,6,HIIT05,6_HIIT05,HIIT,55,111.0,183.0
4.32065116177937,-3.78641492745652,-3.52456493292463,-0.0399257928851426,-3.76156483437295,-38.6037503313687,16,HIIT06,16_HIIT06,HIIT,199,145.0,207.5
1.20234225483502,-0.275660115634496,-1.20059872495246,35.6249798865705,-25.3078833334645,55.098310801483,6,MICT05,6_MICT05,MICT,177,111.0,183.0
2.6680462155251,4.19067720662182,0.948093724432986,-9.38693637179988,-185.236000815186,84.2922144301939,6,MICT06,6_MICT06,MICT,135,111.0,183.0
2.60354423623898,-6.5774783686597,-2.59433143580904,12.8393333091703,14.4640899730938,-100.469427718123,16,HIIT03,16_HIIT03,HIIT,218,145.0,207.5
-1.52722041614409,-4.90436916170083,0.410813215894623,-9.50400528813813,75.1395331486237,-137.821794299875,16,MICT04,16_MICT04,MICT,285,145.0,207.5
-1.28072241123171,-3.10398461218929,0.549794542067897,-5.84877341907478,75.3690586141961,-119.297495020985,16,MICT04,16_MICT04,MICT,304,145.0,207.5
-6.68091225913109,-14.8632409281117,1.83744401426955,-2.75960359396921,27.7338535729571,40.3060564397028,6,MICT04,6_MICT04,MICT,14,111.0,183.0
-5.92109802662665,6.32262100498825,0.936190379530187,-41.0030313201403,8.8356071760117,58.8212813338145,6,HIIT04,6_HIIT04,HIIT,18,111.0,183.0
-3.84569793161114,-7.71487266065952,1.88985922075988,-19.2912328049653,69.1309719982752,-82.9730831382949,16,MICT06,16_MICT06,MICT,335,145.0,207.5
-0.499014011996806,-2.55695264232525,0.452777619493503,-37.2400696678212,56.1601258841691,-107.440975140046,6,MICT02,6_MICT02,MICT,302,111.0,183.0
-1.27525962475949,-2.96404043430264,0.534239511210561,-14.2092007414958,72.6712955970258,-122.094029609723,16,MICT03,16_MICT03,MICT,309,145.0,207.5
1.36566122103326,-4.59234208561899,-0.899024062519474,440.502631288753,135.322776666086,330.800403074444,6,HIIT04,6_HIIT04,HIIT,217,111.0,183.0
2.84262468205678,5.96494527778499,-0.488013244348958,-144.341593581582,-161.248167529985,-86.9157193574778,6,HIIT02,6_HIIT02,HIIT,101,111.0,183.0
5.2260287642432,4.69904770438535,0.276756486931228,-33.2993386501118,-125.838065675943,96.3706747501202,16,MICT01,16_MICT01,MICT,134,145.0,207.5
-0.755745808615445,7.16555827579445,1.16931604253838,-293.885452537907,-174.632690551547,-139.618820046841,6,HIIT06,6_HIIT06,HIIT,69,111.0,183.0
-1.18269734388221,4.40601983550337,0.110194585234424,6.4501920683611,20.3699759116528,32.6408262372411,6,HIIT04,6_HIIT04,HIIT,2,111.0,183.0
-1.36489624536785,7.77792571785663,0.570038332762456,-13.98090021661,-33.551663262218,110.325778321837,16,HIIT03,16_HIIT03,HIIT,63,145.0,207.5
-2.95442451540145,-6.82227275243442,1.47700749113244,13.4201305753425,66.7439931526918,-154.275830604717,16,HIIT03,16_HIIT03,HIIT,311,145.0,207.5
8.68170145589419,7.45654264118835,-1.25811294726663,-41.299748516975,-112.148183408811,140.233842757468,16,HIIT06,16_HIIT06,HIIT,150,145.0,207.5
-0.116816826348953,6.78099157496277,-1.50192769290709,-332.143394816139,-189.228642455711,-181.814058952397,6,HIIT05,6_HIIT05,HIIT,75,111.0,183.0
5.11546891210576,5.9631318295606,1.05818160767885,-33.6862159152221,-120.919569751536,106.121213217959,16,MICT02,16_MICT02,MICT,123,145.0,207.5
1.37152679188788,1.29399355882682,-0.896361850717014,34.6441304958089,-100.635693128264,90.5963111776214,6,MICT06,6_MICT06,MICT,161,111.0,183.0
-1.17538979011805,-4.35081082831215,0.312102985278507,-8.84802723340723,80.8300485830702,-65.1324022148581,6,HIIT02,6_HIIT02,HIIT,322,111.0,183.0
-0.180636222467519,3.84329593169597,-0.298928787398257,6.47850378072577,-42.0345621626893,59.3130270231644,6,MICT05,6_MICT05,MICT,63,111.0,183.0
-5.79577538970428,4.0382293512237,-0.446357016075243,150.529575441012,131.09933598184,-79.4958977851581,16,HIIT01,16_HIIT01,HIIT,32,145.0,207.5
-3.25202212977893,6.04139704658103,-0.486922107143818,-20.7455103580503,16.7460600470012,41.1552479819935,6,MICT06,6_MICT06,MICT,19,111.0,183.0
8.13947083433812,5.31915023583312,-1.31881310277808,-315.411003288769,-15.7722389610999,-272.580453070356,16,HIIT02,16_HIIT02,HIIT,156,145.0,207.5
2.12394683750155,9.97471314640295,0.837928793433625,-28.8372752347446,-75.6481351877493,139.133449574179,16,HIIT06,16_HIIT06,HIIT,86,145.0,207.5
3.76011226521659,0.793550327677214,-1.84091998350638,9.16032299390245,-73.0808980069951,60.1101147169205,16,MICT05,16_MICT05,MICT,177,145.0,207.5
0.44233070455254,-4.44998648887826,0.663559424286881,95.8031975191929,184.197048979124,-22.8918053163871,6,HIIT02,6_HIIT02,HIIT,244,111.0,183.0
14.380996605647,13.4625289184493,11.9354524948565,-3825.78228068355,-2174.63763633292,-931.753696154659,16,HIIT02,16_HIIT02,HIIT,124,145.0,207.5
3.56434835213074,6.64090868161499,-0.701246999398286,-179.006668316173,-165.143368590011,-122.889838085768,6,HIIT05,6_HIIT05,HIIT,106,111.0,183.0
2.04547018404925,-1.54195988283964,-1.73296671797345,369.247585683469,-17.6048749047389,366.505495067393,6,HIIT01,6_HIIT01,HIIT,184,111.0,183.0
3.69550517000692,1.75388298442925,-1.4715313855034,-206.486635268494,-75.6607573841527,-192.098939596923,6,HIIT05,6_HIIT05,HIIT,156,111.0,183.0
-5.42032375866696,7.37597134310096,1.31777566651614,-89.1217010234597,-46.605210989663,31.0378152082592,6,HIIT01,6_HIIT01,HIIT,23,111.0,183.0
-1.81276195600024,-4.81406132721094,0.925272281500478,-7.22216865952816,79.1637162280556,-132.495549520916,16,MICT05,16_MICT05,MICT,293,145.0,207.5
5.41400558566909,10.7920742242346,1.29885008994039,-53.4002146039668,-104.533269128189,149.708545929002,16,HIIT05,16_HIIT05,HIIT,105,145.0,207.5
2.581089067817,10.6406941806564,1.2000995527649,-43.1951607657801,-82.4430011902506,138.542327382904,16,HIIT05,16_HIIT05,HIIT,90,145.0,207.5
4.64774910854997,-3.10428436079213,-2.91053138944182,-11.2087007321097,35.1278753572812,-41.5928535488722,16,HIIT01,16_HIIT01,HIIT,199,145.0,207.5
-0.866174092226759,5.44259221594026,0.0249383085024089,14.9816518934766,-31.0334092210638,86.1137243938399,16,MICT05,16_MICT05,MICT,69,145.0,207.5
-3.30382133759016,-6.76489287097761,1.9696604355712,2.80910322971518,66.3971212205118,-139.684337622719,16,HIIT04,16_HIIT04,HIIT,319,145.0,207.5
0.269427698330988,-3.3448341202312,-0.184964066010173,-33.3762092135567,72.8202324133136,-138.806353334477,6,MICT02,6_MICT02,MICT,260,111.0,183.0
-1.75874367184192,2.87531145922144,-0.435241370204242,33.1896061480209,2.2707797676633,85.1159902991506,16,MICT03,16_MICT03,MICT,43,145.0,207.5
-5.3893525162512,-6.59788699628616,2.99388181991997,66.9314955159047,99.3809025733883,101.072715325269,16,HIIT02,16_HIIT02,HIIT,331,145.0,207.5
-8.51005978502478,-29.3911526019466,3.42329965218187,-23.2224081443674,1.94339189767993,23.9131030642471,6,HIIT03,6_HIIT03,HIIT,10,111.0,183.0
-0.298653383218425,-5.1770852512503,0.497071019535799,-5.45756353509205,98.453698041172,-92.5468073553235,6,HIIT03,6_HIIT03,HIIT,291,111.0,183.0
-1.11679532026497,4.3413681950855,-0.0788229339671091,32.2801823773106,-20.3658023133238,83.1757193950061,16,MICT02,16_MICT02,MICT,62,145.0,207.5
8.06440752399144,9.59887492944272,0.740175695527124,-62.8514911653985,-123.818762750594,152.631064089222,16,HIIT03,16_HIIT03,HIIT,128,145.0,207.5
-0.619712666245633,2.40079613317754,-0.0061399814300327,-10.5949969729797,13.9968972671675,20.6960370291728,6,HIIT02,6_HIIT02,HIIT,1,111.0,183.0
1.0628919423907,-3.48511705040311,-1.2677519044654,503.589577036403,105.882074461376,466.151024625717,6,HIIT01,6_HIIT01,HIIT,202,111.0,183.0
-3.00756645367174,3.08880846238733,-0.31363584294071,20.8900445936488,20.9288473205602,74.5527778861782,16,MICT06,16_MICT06,MICT,34,145.0,207.5
0.206584722883766,-3.54804305602834,-0.319827313401527,-32.171171996437,76.3688638784625,-141.347716536609,6,MICT02,6_MICT02,MICT,261,111.0,183.0
1.98151657999313,-7.44005598014333,-2.26821400619981,16.2314757885407,23.0151608587895,-121.14964103169,16,HIIT03,16_HIIT03,HIIT,225,145.0,207.5
0.146229935395049,-4.30165121514021,0.736288161144274,-1.37686414445307,99.5591971990314,-123.827139994044,6,MICT03,6_MICT03,MICT,269,111.0,183.0
-1.43412622568104,-3.24379226186292,0.764581117729207,-14.2914006308325,73.172315656986,-116.840999157442,16,MICT05,16_MICT05,MICT,307,145.0,207.5
-1.77599263295823,-5.83313210298232,0.597327675323682,19.2058168005056,91.998971535213,-36.8310273312191,6,HIIT06,6_HIIT06,HIIT,324,111.0,183.0
4.06276983358821,7.71143448095034,0.235307720801714,-163.569636935836,-177.333033930002,-104.307129581724,6,HIIT01,6_HIIT01,HIIT,104,111.0,183.0
4.39121417857401,3.70908820523929,-0.894642281794587,-309.755499208501,-116.660710186196,-279.443188828702,6,HIIT03,6_HIIT03,HIIT,149,111.0,183.0
-2.39073272136821,2.59064956909157,-0.332987255130535,28.6308423553118,12.0275557566748,82.2660674075289,16,MICT01,16_MICT01,MICT,38,145.0,207.5
0.621809073689522,8.52538311495115,0.547531938533674,44.1103458901787,148.481313157539,4.88090880191444,16,HIIT02,16_HIIT02,HIIT,78,145.0,207.5
-0.368268095329943,-4.05088876056956,0.646116660243876,-14.3159798761987,77.5804433529235,-105.943121182852,6,MICT06,6_MICT06,MICT,284,111.0,183.0
-8.65241656388542,35.263993763654,1.16469235429683,12.9789864879104,49.3725875061175,-46.3650354816636,16,HIIT06,16_HIIT06,HIIT,348,145.0,207.5
1.18000311389892,-2.2923052015499,-1.04621976206655,23.8100225820774,69.77798860649,-12.6870796883246,6,MICT04,6_MICT04,MICT,204,111.0,183.0
-0.560761960386151,-4.94001478443637,-0.170560079167926,-2.3313761757828,79.8038645971647,-134.027050950426,16,MICT02,16_MICT02,MICT,253,145.0,207.5
2.39964712126211,10.2160952824102,1.29859426328804,-35.4633874591079,-75.9612243338374,134.018241553571,16,HIIT03,16_HIIT03,HIIT,88,145.0,207.5
2.61738886293071,5.00671975073946,0.616987258768837,-16.4662558409367,-171.461048648837,80.0494349314132,6,MICT05,6_MICT05,MICT,119,111.0,183.0
0.72351131639297,6.51430241500198,-1.94119992722408,-302.970068959809,-180.734223623973,-176.154978706764,6,HIIT05,6_HIIT05,HIIT,80,111.0,183.0
0.0604410927801031,-8.90025132959896,-0.936444634282798,24.740518570943,58.8174860518384,-178.51677945344,16,HIIT06,16_HIIT06,HIIT,253,145.0,207.5
-0.449074358978963,-2.05169811253795,0.484716770969004,-19.0278845099235,63.2533396926725,-76.5489844012062,6,MICT04,6_MICT04,MICT,307,111.0,183.0
4.55829738463881,5.74224969538955,-0.315940897975158,-256.747439197826,-166.300804523204,-205.85869570541,6,HIIT01,6_HIIT01,HIIT,130,111.0,183.0
0.713024668347439,-4.36920585356192,-1.41620151083268,14.0456610613998,51.5635776073273,-82.5945932822673,16,MICT03,16_MICT03,MICT,229,145.0,207.5
8.07813085459904,7.88435085735956,-0.737499376484199,-51.0063402647887,-109.807125926942,145.88542254948,16,HIIT03,16_HIIT03,HIIT,142,145.0,207.5
-5.50026609608742,-4.12003671881638,0.782212723521725,-6.00623112042113,28.6893255793155,46.0032407505834,6,MICT04,6_MICT04,MICT,16,111.0,183.0
0.0064189514711928,-5.7297242592877,0.75495318218501,-11.2756385753291,106.291127101291,-115.30433104218,6,HIIT05,6_HIIT05,HIIT,273,111.0,183.0
0.0355715574408475,-3.85292557272233,0.343841208708024,-15.8679983395287,77.5850020989316,-119.190233748652,6,MICT04,6_MICT04,MICT,270,111.0,183.0
-0.0672421333063499,-5.1976329741924,-0.778554673207665,22.007924195695,68.8520115974257,-113.081996538946,16,MICT06,16_MICT06,MICT,247,145.0,207.5
4.02770031720528,2.64887800481354,-1.11781660041798,-207.34628041415,-84.027985025859,-191.09176253181,6,HIIT06,6_HIIT06,HIIT,154,111.0,183.0
1.24666658631906,-2.24947391036438,-1.27418106506364,29.3799121268119,61.9518283766119,1.11803422221384,6,MICT04,6_MICT04,MICT,200,111.0,183.0
6.15726330415835,-1.42926055063113,-3.21762970412377,-104.145913298969,30.7813223003589,-121.463368327142,16,HIIT01,16_HIIT01,HIIT,188,145.0,207.5
-5.13194360663794,5.79141859224974,-0.0463394046113259,13.3066029396324,19.4174491687462,99.1787389916293,16,HIIT03,16_HIIT03,HIIT,36,145.0,207.5
-1.53381639169183,2.08578755740348,-0.4983187061559,-11.5139382823714,-17.8790671763634,52.6222589881996,6,MICT02,6_MICT02,MICT,39,111.0,183.0
0.871777727367055,-5.71302373454399,0.614082416579036,90.994607426534,184.807780379382,-39.0234063040972,6,HIIT01,6_HIIT01,HIIT,248,111.0,183.0
0.813163036288911,5.77278608912805,0.327976798775544,-3.38727700314959,-47.0933164756929,89.5796836217286,16,MICT06,16_MICT06,MICT,82,145.0,207.5
-5.73081811894908,21.2406941722482,1.10076102118935,-23.1905033292854,66.8206571093215,-58.8629920451335,16,MICT05,16_MICT05,MICT,344,145.0,207.5
0.168204858895517,-3.60537781782858,-0.402589660117004,-27.5943380727785,72.4310398896615,-134.302811208472,6,MICT04,6_MICT04,MICT,253,111.0,183.0
0.368655636482423,-4.20333474695129,-0.0632738961719385,-29.6051146930634,87.0949152853412,-150.898851888381,6,MICT03,6_MICT03,MICT,255,111.0,183.0
-7.46235661450618,6.8020965837866,-0.165540185200368,34.9135810587598,56.9354008875323,87.0149226173398,16,HIIT05,16_HIIT05,HIIT,23,145.0,207.5
0.673530406783686,-3.66870821902334,0.185572617629516,-8.88701499848326,104.319865402444,-114.810392377099,6,MICT02,6_MICT02,MICT,248,111.0,183.0
4.21903035169846,1.79057675016673,-1.46042357532795,-9.44607291175596,-93.3213020498238,67.7844066877199,16,MICT06,16_MICT06,MICT,168,145.0,207.5
0.39636795136757,6.48534368270033,-1.27659675323401,-331.6418200564,-178.752795668772,-196.873551672137,6,HIIT06,6_HIIT06,HIIT,79,111.0,183.0
4.20930957693242,4.23354146854485,-0.548082701569086,-309.546125041796,-129.191341737799,-275.218471418096,6,HIIT03,6_HIIT03,HIIT,143,111.0,183.0
2.09891602981503,2.74178826881651,-0.97523452281657,-0.944781652704543,-156.649674084537,69.7555705633495,6,MICT03,6_MICT03,MICT,152,111.0,183.0
-7.36115041264847,5.50852161434328,0.0405216915716488,23.0802997884112,34.97647199597,96.646466358738,16,HIIT03,16_HIIT03,HIIT,30,145.0,207.5
0.420528352405125,-3.10077898402263,0.452864124895877,-30.3520676378067,62.6725148372761,-129.369286026828,6,MICT01,6_MICT01,MICT,260,111.0,183.0
3.83974561411272,2.18460370128404,-1.1597561133365,-6.56633332859394,-97.5662214999983,83.1989572252165,16,MICT02,16_MICT02,MICT,167,145.0,207.5
-0.991399248247047,-3.86899371244609,0.332984024154951,-12.4629936775288,79.7975331687052,-69.3716596963607,6,HIIT02,6_HIIT02,HIIT,320,111.0,183.0
0.640018554847208,-5.59313097611727,2.12752657074488,0.396363549585244,132.989283131757,-122.043548512776,6,HIIT03,6_HIIT03,HIIT,266,111.0,183.0
1.94549681405836,10.8817399825586,0.917093064684014,-28.2177095960101,-75.2543385690813,144.324821081984,16,HIIT06,16_HIIT06,HIIT,84,145.0,207.5
-3.84560559691329,-12.0811407061137,1.2184847588193,11.8015061372011,17.1649822448168,32.9554200493636,6,MICT05,6_MICT05,MICT,8,111.0,183.0
2.55202569247653,-0.0662106462547535,-1.65666015762485,113.984017643375,-70.652173245734,104.72874213455,6,HIIT02,6_HIIT02,HIIT,172,111.0,183.0
-0.452034931307162,-2.21783171873822,0.413041319240675,-34.8274344293866,63.0337893151154,-89.6587627001427,6,MICT05,6_MICT05,MICT,305,111.0,183.0
0.43530055166757,-3.2834348556467,0.423115879773016,-29.8294596235894,66.1487497600119,-132.060554011573,6,MICT01,6_MICT01,MICT,259,111.0,183.0
-3.59444073360408,-4.5178572631197,1.90012370235675,-23.1508244086662,73.9261601561611,-99.589086354933,16,MICT03,16_MICT03,MICT,330,145.0,207.5
1.15820809293658,-2.69250566625583,-0.553653539572651,10.8310105288723,97.3873319841107,-35.8511449545198,6,MICT02,6_MICT02,MICT,215,111.0,183.0
-3.4271847732941,-3.89823680118464,1.78678118068039,-15.8211211987381,69.2281978266843,-93.170272587353,16,MICT06,16_MICT06,MICT,329,145.0,207.5
1.37853402035976,1.38588081460453,-0.973006170761291,32.2440840847759,-106.528619848703,90.0876669179518,6,MICT06,6_MICT06,MICT,160,111.0,183.0
2.0914402981016,-5.98498877178909,-2.05691689430621,136.368343855103,51.8109880112797,92.1545049106752,16,HIIT01,16_HIIT01,HIIT,222,145.0,207.5
-0.821832049375662,-2.73445488372696,0.238538101001399,0.384086933721739,68.6563152397598,-64.5345271282824,6,MICT06,6_MICT06,MICT,319,111.0,183.0
1.38777848290012,-3.28825682351614,-1.68518095771791,14.3887868874671,22.5397961803355,-44.8346981418604,16,MICT03,16_MICT03,MICT,214,145.0,207.5
0.209630936980335,5.94983953338365,0.0896705973858969,-271.322211905949,-181.190317482291,-126.881707760454,6,HIIT02,6_HIIT02,HIIT,74,111.0,183.0
3.82697144319555,1.15201794471161,-1.41271146609119,16.4448854883389,-85.7233569362713,70.4452542795757,16,MICT01,16_MICT01,MICT,174,145.0,207.5
1.24910507401993,0.168509862219283,-1.12437540700713,35.3585897992625,-45.3762088592326,62.217000740155,6,MICT05,6_MICT05,MICT,173,111.0,183.0
-0.287030060597919,3.56337197011849,-0.54438203104797,9.60147717673265,-31.6191555872895,55.3414530417119,6,MICT06,6_MICT06,MICT,59,111.0,183.0
1.32643029791515,-0.823513561628126,-1.38025642854034,56.6985862977477,2.17185009839937,64.0913964929078,6,MICT03,6_MICT03,MICT,184,111.0,183.0
-0.485249711978031,2.09393707797738,-0.0995517629540522,19.3080828463077,23.1201006734244,33.4503310492362,6,MICT05,6_MICT05,MICT,1,111.0,183.0
-1.53863657560574,-3.24890339874129,0.756587905982151,-3.98066957271711,66.7494287424586,-113.471358184996,16,MICT06,16_MICT06,MICT,306,145.0,207.5
8.48267092141366,6.67599097607315,-1.80180127620777,-41.9169307894034,-98.9778129497977,136.89123993224,16,HIIT03,16_HIIT03,HIIT,152,145.0,207.5
-1.89061225231007,-6.83325579182589,1.04781458699857,13.2415871780435,59.0091563724034,-165.123116898737,16,HIIT06,16_HIIT06,HIIT,296,145.0,207.5
1.9693227722281,2.77406900170829,0.109519006786372,1.38057500843467,-143.843227716075,71.6519841630161,6,MICT01,6_MICT01,MICT,152,111.0,183.0
5.20523214386515,-0.116622955748015,-3.12754027114541,-9.0416634069951,-31.6423524748672,31.0869678725113,16,HIIT06,16_HIIT06,HIIT,183,145.0,207.5
4.24457338449348,1.79189120772411,-1.21448207649888,8.66682817745975,-98.5690650169854,78.9491327481793,16,MICT01,16_MICT01,MICT,168,145.0,207.5
-1.77206067139876,-4.1203903217024,0.769176166700921,1.15545752371611,68.2797190884263,-119.953886714976,16,MICT06,16_MICT06,MICT,297,145.0,207.5
3.32894703668891,7.08982545075783,0.411455315766976,-216.778305269235,-160.421385550851,-143.736396380609,6,HIIT04,6_HIIT04,HIIT,114,111.0,183.0
2.38127138109085,-1.98482463938447,-1.90714772432051,16.7258049053544,-13.6482507346788,-3.1411130112037,16,MICT06,16_MICT06,MICT,199,145.0,207.5
-0.497935246910948,-2.29201153979729,0.200047577173879,-14.1545453199113,64.5062716288632,-78.9855252166181,6,MICT06,6_MICT06,MICT,309,111.0,183.0
1.20578443150937,-2.96782023329575,-0.938297314819305,15.7972127456021,89.3378895264667,-42.1674713742636,6,MICT04,6_MICT04,MICT,213,111.0,183.0
-1.31076135237265,-2.9034159043228,0.579168048834567,-21.9537321501106,72.5980536753269,-123.744927678908,16,MICT02,16_MICT02,MICT,312,145.0,207.5
-0.120336903083978,-5.75204656771403,0.530777675673904,-19.1760987181052,100.330573518868,-114.890402930207,6,HIIT03,6_HIIT03,HIIT,284,111.0,183.0
3.22126116405939,6.22672625425303,0.999094791306433,-7.08069663901859,-78.6451107082329,102.506126652882,16,MICT03,16_MICT03,MICT,102,145.0,207.5
3.71510695065172,6.63524377730574,-0.887870182437987,-182.758251961191,-173.594919171909,-125.992444404299,6,HIIT03,6_HIIT03,HIIT,107,111.0,183.0
-0.391825830632413,-1.93935812932849,0.327937507131333,-34.3001163619668,54.9076413649492,-97.6107723258093,6,MICT02,6_MICT02,MICT,308,111.0,183.0
4.09889270642817,2.61520457609748,-1.30430330283795,-260.150711263177,-86.1429023933586,-239.344130358223,6,HIIT05,6_HIIT05,HIIT,152,111.0,183.0
5.95235735927963,-0.326791690897722,-2.80887106464394,-129.106459175382,40.1984217058869,-121.690505364418,16,HIIT02,16_HIIT02,HIIT,182,145.0,207.5
2.13398300788048,-2.41895085496877,-1.97480921646637,17.6506840376256,-1.2364450072183,-15.0127952375159,16,MICT05,16_MICT05,MICT,203,145.0,207.5
1.50927872781612,-1.84013817332155,-1.66148947337028,8.57389805253097,-5.15382841839031,-10.333960213654,16,MICT02,16_MICT02,MICT,202,145.0,207.5
0.637453491339215,-3.83723393044313,-1.47041956202902,2.81143464189035,36.7407035653798,-70.6683706416257,16,MICT02,16_MICT02,MICT,221,145.0,207.5
3.08549365102607,5.81587698951421,-0.642560785829571,-137.810865826351,-163.246184275912,-83.9825605428799,6,HIIT02,6_HIIT02,HIIT,104,111.0,183.0
-0.267674210475948,-5.64048109338412,-0.658109510345733,23.607094643315,74.8704474064022,-122.309852526141,16,MICT06,16_MICT06,MICT,251,145.0,207.5
-5.65781499903772,17.3273788613373,-0.176101072022222,24.7955536261195,61.9231186888685,-12.3250403868532,6,MICT02,6_MICT02,MICT,345,111.0,183.0
1.81848533588016,1.38245718731232,-1.12301608354601,33.538448425458,-100.685404083523,81.5696886315653,6,MICT03,6_MICT03,MICT,164,111.0,183.0
-3.52755120678204,-5.60061337399293,1.73479922454437,-11.5387639859846,70.4277435041147,-85.0731530770189,16,MICT04,16_MICT04,MICT,333,145.0,207.5
-5.12256886484155,4.60914634358571,0.706046846998555,-86.7736444127763,-26.594245586924,37.9897237339549,6,HIIT05,6_HIIT05,HIIT,24,111.0,183.0
3.26905794819137,-4.86377297269794,-2.96449517356606,3.37670338110302,7.59415315959211,-69.0625742907566,16,HIIT06,16_HIIT06,HIIT,207,145.0,207.5
2.98436703857311,4.69054257656727,0.533946564863639,-26.889359601369,-187.060054242131,69.7002322156297,6,MICT03,6_MICT03,MICT,133,111.0,183.0
-1.65361572794598,-4.82900057699225,0.89502320925007,-10.0119701709564,79.6958496548153,-140.589185082019,16,MICT02,16_MICT02,MICT,285,145.0,207.5
-0.145829221029613,5.40142442020869,0.265647525262016,10.5670542401798,-39.9438067034627,84.4404405478115,16,MICT03,16_MICT03,MICT,74,145.0,207.5
-1.82524811777823,-6.08523454971369,0.685606348551224,43.7446304872062,91.7242259101177,-17.4069376164659,6,HIIT05,6_HIIT05,HIIT,326,111.0,183.0
0.881423809338973,-3.0683271329206,-0.686597823816026,-0.331699320489378,106.446469808925,-68.6499327337091,6,MICT02,6_MICT02,MICT,225,111.0,183.0
-0.650715464159638,6.51499240821561,0.736602813434624,-283.586971936455,-175.257779236447,-128.020681234678,6,HIIT05,6_HIIT05,HIIT,68,111.0,183.0
0.553295084260555,-3.30989507878611,-0.514345538357187,-10.0072631390132,101.54433050076,-103.88002722607,6,MICT02,6_MICT02,MICT,241,111.0,183.0
1.21945153913016,-1.15972832511138,-1.34984726378944,34.3123247033969,4.15888803014089,39.9821844733183,6,MICT04,6_MICT04,MICT,185,111.0,183.0
-2.27628466273002,3.78994639488543,-0.453037837697683,-126.94165204368,-98.0473161334349,17.2479450294191,6,HIIT03,6_HIIT03,HIIT,41,111.0,183.0
5.10046213120953,5.32167288277212,0.115202340092372,-38.2672451577433,-136.955331183061,102.497869223368,16,MICT04,16_MICT04,MICT,134,145.0,207.5
-3.01195761100107,4.33129731522323,-0.0961669768795312,-124.453956902733,-86.4567517198577,21.3902798780027,6,HIIT03,6_HIIT03,HIIT,36,111.0,183.0
5.33724092403056,5.42732737659628,0.386375589882522,-55.3564894357153,-134.485939324886,92.7703474520407,16,MICT06,16_MICT06,MICT,133,145.0,207.5
-0.458617083853721,-4.66593787218482,0.830722645732946,-25.6640424481051,82.7191746499611,-93.0546426699539,6,HIIT05,6_HIIT05,HIIT,292,111.0,183.0
1.51941140610908,-7.98152913768766,-1.83638069637349,20.3724530358888,35.2061452028954,-146.66345096015,16,HIIT05,16_HIIT05,HIIT,233,145.0,207.5
7.0424911202153,2.23003314370716,-3.51327590430994,-17.6964123116665,-54.8642437731201,79.7622418113803,16,HIIT03,16_HIIT03,HIIT,172,145.0,207.5
2.98631203508416,10.2408662817115,0.904872661292678,-30.3831393154449,-81.4400087295565,143.597573287849,16,HIIT06,16_HIIT06,HIIT,90,145.0,207.5
1.46401345598464,1.59572889933994,-1.02007156228149,26.1757801235027,-103.97918108524,78.1549547948232,6,MICT01,6_MICT01,MICT,165,111.0,183.0
6.30980931769978,1.79961439511245,-3.24822181195788,-15.5061685337036,-49.3538352297081,72.955151774019,16,HIIT03,16_HIIT03,HIIT,173,145.0,207.5
1.9624594398392,-1.74183736408394,-1.87759269730766,9.07892055441392,-8.70160253631978,1.39789241642436,16,MICT04,16_MICT04,MICT,198,145.0,207.5
-1.00953416783134,3.34245896876524,-0.244148625530008,-2.74469821089585,16.3418492105966,18.5796304510033,6,MICT04,6_MICT04,MICT,4,111.0,183.0
-0.786517457510432,9.18934901777863,-8.25577743587133,81.3749248554144,257.59431050301,132.256959012325,16,HIIT02,16_HIIT02,HIIT,99,145.0,207.5
-0.138152420685667,9.01706544747939,0.467627987000741,-15.7840487716753,-48.1162585804486,127.748529171555,16,HIIT06,16_HIIT06,HIIT,73,145.0,207.5
0.998303021183752,-4.0051402323809,-1.55668773615288,11.5460262872332,38.5492758064777,-71.0128845416897,16,MICT03,16_MICT03,MICT,223,145.0,207.5
42.2895053200509,12.5612306234134,58.2477036463132,-2326.77588736492,-1167.11539828992,-323.122066325741,16,HIIT01,16_HIIT01,HIIT,112,145.0,207.5
-1.97748367817923,-6.61863184559108,1.21455146118016,14.0870016017185,59.437020333939,-161.800404771283,16,HIIT06,16_HIIT06,HIIT,298,145.0,207.5
3.01572836264973,0.396629383376811,-1.5881085422631,37.8805850007609,-66.2284340624523,54.261290264597,6,HIIT01,6_HIIT01,HIIT,170,111.0,183.0
3.42090972035506,0.596646449154573,-1.69527774005207,6.96195948294664,-63.6470984509277,57.7904940766461,16,MICT03,16_MICT03,MICT,178,145.0,207.5
1.0363798291671,-0.168199775563487,-1.18207804011211,44.7672131262824,-35.7766422352592,78.4670359491107,6,MICT06,6_MICT06,MICT,173,111.0,183.0
4.80887878333187,5.10774393346613,0.506676481319539,-28.5368135167968,-111.199456978103,98.8951727735902,16,MICT01,16_MICT01,MICT,124,145.0,207.5
-2.41691064693086,-6.63946707166478,0.72500440352357,37.9169104331848,82.4912628422695,-9.80848278005442,6,MICT04,6_MICT04,MICT,339,111.0,183.0
-0.934473267985731,-4.63832416492268,0.346552594257443,24.4068242512674,86.0493480570446,-35.2781427336953,6,HIIT05,6_HIIT05,HIIT,320,111.0,183.0
0.315251841800651,-3.50044371064435,0.71694605889763,-24.0341508075629,74.0174523687821,-127.609584367332,6,MICT02,6_MICT02,MICT,271,111.0,183.0
-0.532215594067729,-4.54627770112638,0.584648060888055,-24.6778177745678,86.3938739372536,-111.188592330774,6,HIIT02,6_HIIT02,HIIT,286,111.0,183.0
0.909829693990759,-1.34007058545837,-1.1039997575036,43.2940748481931,38.693516254849,31.8606733516439,6,MICT01,6_MICT01,MICT,198,111.0,183.0
-0.922607814744944,-3.63314004258997,0.376665637667904,-31.7095948791402,67.4923619748959,-118.800430420279,6,MICT03,6_MICT03,MICT,293,111.0,183.0
-2.38799092201681,-6.27264089702325,1.45919912479674,2.78683243417094,60.801771801644,-167.503099293221,16,HIIT04,16_HIIT04,HIIT,301,145.0,207.5
-9.67112454033488,36.3412891336509,0.946390266003353,42.1715341574166,46.4850611728212,67.0135910626209,16,HIIT02,16_HIIT02,HIIT,347,145.0,207.5
8.27527313444221,9.61166807241438,0.673408554227909,-52.52988652794,-126.626568092859,162.613707651983,16,HIIT04,16_HIIT04,HIIT,130,145.0,207.5
7.02037040645034,1.44204342815674,-2.98496129530872,-201.400979001826,31.8993822054027,-182.019871303984,16,HIIT02,16_HIIT02,HIIT,174,145.0,207.5
-16.5415572636461,-34.6621339439561,3.2138643816406,41.9098732326582,68.3232484916673,63.0858047801228,16,HIIT05,16_HIIT05,HIIT,14,145.0,207.5
1.59862525387085,-3.04085250701451,-1.81074950392052,14.1258465459447,15.521556233669,-36.6624664355095,16,MICT03,16_MICT03,MICT,211,145.0,207.5
1.26249848316867,-3.44996627722571,-1.60741722217416,13.6627577837625,26.2912787126828,-51.0262936805902,16,MICT03,16_MICT03,MICT,216,145.0,207.5
-1.5288004116938,-3.8480515689457,0.631848010985087,-0.227069012800369,64.686465937382,-52.521401561924,6,MICT02,6_MICT02,MICT,332,111.0,183.0
-1.85064065343346,-8.32570597825603,0.44972868407403,169.933555940275,135.328942484797,152.039269706207,16,HIIT02,16_HIIT02,HIIT,273,145.0,207.5
-0.385260546476251,3.5275008215274,-0.419229361556371,5.78554774712704,-29.4709992227031,52.6205240554342,6,MICT04,6_MICT04,MICT,59,111.0,183.0
1.26747856391644,4.28464227202536,-0.201407017861815,-4.38136815696243,-75.2856881733462,58.0164715585742,6,MICT01,6_MICT01,MICT,90,111.0,183.0
-0.648294878950659,-2.36745298695022,0.28479480224844,-23.7679099418346,67.1478667051453,-72.91094273717,6,MICT05,6_MICT05,MICT,318,111.0,183.0
0.538700915860671,9.920391005098,0.984553676693989,-27.0592826784993,-56.7885585331031,133.160196725144,16,HIIT05,16_HIIT05,HIIT,80,145.0,207.5
1.65857501186713,5.27056367973106,-0.0976904063251016,-9.58990787545462,-104.160084688953,63.4811478294806,6,MICT06,6_MICT06,MICT,87,111.0,183.0
2.08192906922777,-2.50472900199944,-1.94524670664624,13.6064458245967,-1.61523508939477,-17.9249944467153,16,MICT03,16_MICT03,MICT,204,145.0,207.5
0.322762322015876,-5.59244410021061,0.406838570778926,198.586722363963,173.497023087103,50.5998042450801,6,HIIT04,6_HIIT04,HIIT,245,111.0,183.0
-2.20257512074628,-1.66223637974775,0.479618212910227,-16.3361581227977,7.78422982521493,18.9385037768857,6,HIIT02,6_HIIT02,HIIT,6,111.0,183.0
1.20502620461792,0.197825916238572,-1.27606503678059,43.9373069368867,-31.4415427202643,75.0498058594844,6,MICT02,6_MICT02,MICT,179,111.0,183.0
0.67508414125633,-4.01771725994007,0.135356510743713,-38.508797391258,79.6787565443647,-150.761087989087,6,MICT06,6_MICT06,MICT,250,111.0,183.0
-2.21751036975013,-5.4328391612722,3.44357169511522,153.331983968946,-98.6983334061855,-112.633823338116,16,HIIT01,16_HIIT01,HIIT,307,145.0,207.5
1.39892193245628,1.6011491290949,-1.09575394636567,25.6457044457178,-119.722200000941,87.4108488130423,6,MICT06,6_MICT06,MICT,158,111.0,183.0
-9.38616597629851,-12.8798573059329,1.04258100641538,30.5153187522604,42.1343468776261,49.7408591589784,16,MICT04,16_MICT04,MICT,15,145.0,207.5
0.389094631228814,-4.6182840260342,-1.26170718817074,1.53654054039868,58.9716374912599,-99.154884704182,16,MICT04,16_MICT04,MICT,233,145.0,207.5
-2.95759837856176,-11.4158580230321,1.02424243182017,74.5326290959311,96.1083674417647,17.5001446467956,6,HIIT06,6_HIIT06,HIIT,337,111.0,183.0
0.302111153804448,-4.71818818446173,-1.04597359507925,12.2826426854428,62.2041082632378,-100.632362187484,16,MICT03,16_MICT03,MICT,237,145.0,207.5
2.2567779176402,6.4177885691181,-2.45937267030885,-270.350240181445,-189.193337319206,-179.494141556272,6,HIIT03,6_HIIT03,HIIT,93,111.0,183.0
4.78397905380949,-1.70302316465326,-3.29016591914009,-4.2233891030937,-20.4711258120685,5.50543969100526,16,HIIT04,16_HIIT04,HIIT,190,145.0,207.5
3.9271609456648,1.51480792559,-1.5801047714703,-153.660089824109,-88.0887035733962,-137.705381537344,6,HIIT03,6_HIIT03,HIIT,162,111.0,183.0
-0.673004008956253,-3.39573396433966,0.502918414284312,-46.111127692016,59.8868602476961,-111.656172281521,6,MICT05,6_MICT05,MICT,295,111.0,183.0
-0.681446810411895,-3.64374340139427,0.483178704492721,-27.5725143384314,63.4409097582755,-102.299333587203,6,MICT04,6_MICT04,MICT,291,111.0,183.0
0.290296330481134,-4.77647256942612,-0.932218735363563,13.3676424708578,65.9547161963913,-103.340353581157,16,MICT05,16_MICT05,MICT,238,145.0,207.5
1.95252809967144,5.82875664711939,0.590926139776564,8.21204291078325,-62.4632052561424,96.7797066216086,16,MICT04,16_MICT04,MICT,89,145.0,207.5
5.21500985928345,5.0472135185268,0.871251915118699,-29.8745058430198,-132.215039162527,103.00076383014,16,MICT04,16_MICT04,MICT,142,145.0,207.5
0.365230457025967,-5.36974141660656,0.840130134453202,46.8358522312696,141.830975325556,-77.2131489382999,6,HIIT06,6_HIIT06,HIIT,257,111.0,183.0
-3.50980952038098,4.84549577682381,-0.804146432272204,135.503392541225,145.535989288799,-54.878501005592,16,HIIT02,16_HIIT02,HIIT,46,145.0,207.5
-1.13389098746893,-3.85457213028428,0.440812121483898,-8.01546699840414,61.7728312643897,-57.3555494891318,6,MICT01,6_MICT01,MICT,332,111.0,183.0
-4.32289029903012,5.45704766757355,-0.317136585558301,23.2474119913828,40.7548812597689,59.8085889339903,16,MICT01,16_MICT01,MICT,19,145.0,207.5
2.06849978912373,3.25294568434049,-0.0595833769709004,1.24754043275331,-169.926890743328,83.1101442809033,6,MICT06,6_MICT06,MICT,145,111.0,183.0
-1.49602590294162,2.77044161809222,-0.707992121294256,-17.5023142365477,-8.12003202120305,48.4494567848974,6,MICT06,6_MICT06,MICT,34,111.0,183.0
-3.66322826885694,2.83459186327229,-0.674806804780281,-16.6532134718539,-0.455747419211801,57.2298487280799,6,MICT03,6_MICT03,MICT,24,111.0,183.0
-1.54507358397627,-4.0364351768761,0.697201273442477,-13.6987821973982,73.4171237364578,-72.0072405686877,6,MICT03,6_MICT03,MICT,325,111.0,183.0
2.2304090969109,4.68850158295097,0.665018673436972,0.601223370674417,-108.421825128437,76.4721528561309,6,MICT02,6_MICT02,MICT,106,111.0,183.0
4.61368465811357,-3.01347227388596,-3.23698906793329,4.58903157862208,-5.81245597742137,-14.419128077972,16,HIIT03,16_HIIT03,HIIT,196,145.0,207.5
1.02017712825165,5.9506276592549,-1.09911014607977,-246.812819216082,-177.981067835306,-132.074962106726,6,HIIT02,6_HIIT02,HIIT,83,111.0,183.0
2.28323158266351,3.53169108601235,0.243524385913288,-11.0036008975003,-161.119628246673,70.7762898993835,6,MICT02,6_MICT02,MICT,144,111.0,183.0
-1.33133929051633,-5.09732780768919,0.666277296534091,-5.15908183514667,76.657426399765,-140.771509989254,16,MICT05,16_MICT05,MICT,277,145.0,207.5
2.29626173438273,3.69676417240443,0.177150795351039,-1.61044699133584,-172.438739673192,76.7328314560886,6,MICT05,6_MICT05,MICT,141,111.0,183.0
0.908359573438031,-4.34187234336246,-1.47025797128367,20.8396184716235,41.1744808526032,-72.2565361042327,16,MICT06,16_MICT06,MICT,225,145.0,207.5
0.618020967590068,-3.33779276116055,0.464925224240298,-8.49781678392277,89.0234936345374,-108.273337887988,6,MICT01,6_MICT01,MICT,249,111.0,183.0
-4.43812729497582,4.19344006981222,-0.328451215966036,31.4795600324724,28.9155072806745,66.4878583503572,16,MICT04,16_MICT04,MICT,23,145.0,207.5
-5.37977578849157,-12.0218489233386,2.70513880604816,70.9091118759763,-63.3255079731518,-129.26033026351,16,HIIT01,16_HIIT01,HIIT,338,145.0,207.5
-0.682003602873209,2.36124356726198,-0.711971078262964,-2.55779391918675,-22.890029672587,58.6525563177863,6,MICT05,6_MICT05,MICT,45,111.0,183.0
0.509610779278087,4.54656952983839,0.380914725735751,-8.73418202745384,-60.3389313027421,48.583054810278,6,MICT04,6_MICT04,MICT,70,111.0,183.0
-0.312967120548165,-5.49225830765196,0.609937870041904,-3.83329104278678,101.950746001831,-93.2404665348095,6,HIIT03,6_HIIT03,HIIT,292,111.0,183.0
-2.19071880965046,-4.3804095703489,1.21523416218704,-18.5973849121379,72.3682502005941,-100.789485150033,16,MICT05,16_MICT05,MICT,323,145.0,207.5
3.26736539214768,-1.80369997513009,-2.33978381960294,267.89619565065,-48.7679103709828,246.548421323762,6,HIIT06,6_HIIT06,HIIT,183,111.0,183.0
2.85293792653388,-1.78889295406919,-2.1941379504401,256.207247590143,-51.8584540946898,233.977853183466,6,HIIT05,6_HIIT05,HIIT,181,111.0,183.0
-2.10703015806418,-6.56938184234605,1.04978280285778,31.8301244944354,76.4345734970568,-23.4524060232604,6,MICT06,6_MICT06,MICT,335,111.0,183.0
-1.96534229032822,6.59737477658986,-0.385121619943598,103.406011799051,142.378576767801,-32.9843852953835,16,HIIT02,16_HIIT02,HIIT,61,145.0,207.5
2.80199855989869,5.23359159382566,1.018973734821,-2.24806656696904,-143.505596831251,88.1067501036123,6,MICT05,6_MICT05,MICT,111,111.0,183.0
-2.42490369723107,7.26427503770384,0.339615385750795,-1.28898854526938,-12.3706782389555,118.442599704712,16,HIIT05,16_HIIT05,HIIT,58,145.0,207.5
4.12048633768235,5.5735740126036,0.0414108116305386,-283.295974435798,-138.059011564367,-244.336495512057,6,HIIT06,6_HIIT06,HIIT,132,111.0,183.0
-3.61967633416586,15.9268997837666,-0.501026334396093,4.06201267688303,48.3043803708263,-13.7356719223339,6,MICT03,6_MICT03,MICT,348,111.0,183.0
-0.341619398661312,-8.8614886500233,-0.266032598734335,25.1309098749379,60.5662476285762,-183.120882965107,16,HIIT05,16_HIIT05,HIIT,260,145.0,207.5
-0.853154658192056,2.72222452592433,-0.515295755662318,6.83790981203071,-25.6052767319971,52.4100604979037,6,MICT02,6_MICT02,MICT,56,111.0,183.0
-4.80421201224609,5.2703613838591,-0.417219992404462,23.6239977181066,19.159849659612,111.504749085351,16,HIIT04,16_HIIT04,HIIT,39,145.0,207.5
-0.0171565055873124,7.80724960290911,2.73440214910714,-238.578118613679,-173.78632940298,-107.858441540546,6,HIIT01,6_HIIT01,HIIT,71,111.0,183.0
-1.95731324155254,-8.45896854183939,0.876888391452997,10.6254141607227,59.363943514652,-193.919360829371,16,HIIT04,16_HIIT04,HIIT,277,145.0,207.5
0.54521570339746,-4.46516840309913,0.935029138599711,141.763977746121,180.998829054472,12.3786800626337,6,HIIT05,6_HIIT05,HIIT,243,111.0,183.0
-4.41170955725092,-2.97245797821242,1.05724382785586,98.2561452735572,101.381479358855,35.9089693491702,6,HIIT05,6_HIIT05,HIIT,340,111.0,183.0
3.1506502566876,5.03281016432963,0.847162169846802,-23.2364656050012,-180.723467101545,75.5723055178568,6,MICT03,6_MICT03,MICT,129,111.0,183.0
3.19721731914986,5.32483033445804,0.822346620120582,-15.2902411042923,-161.703723717013,85.9121065166258,6,MICT03,6_MICT03,MICT,120,111.0,183.0
-3.61489438196692,4.76582155881018,-0.548960020965531,141.47830075716,136.742414431792,-67.6214068698449,16,HIIT01,16_HIIT01,HIIT,46,145.0,207.5
-1.1033585051071,1.94137867479691,-0.538530712988488,-8.72190978696202,-20.183791877841,50.0362779568883,6,MICT02,6_MICT02,MICT,43,111.0,183.0
2.85779808501047,6.16995028659396,0.924107725450771,-3.65634181968957,-73.1135996040968,100.613799587891,16,MICT03,16_MICT03,MICT,98,145.0,207.5
-2.02916115914374,-3.52616565687617,0.901067074479368,-6.70654238628879,76.3823067735511,-61.3991636134703,6,MICT03,6_MICT03,MICT,329,111.0,183.0
2.73795952928738,5.60514325621972,0.815262824181859,3.2278327927114,-109.348281721958,86.4184886165943,6,MICT03,6_MICT03,MICT,100,111.0,183.0
-1.16597522521109,-5.64270812320009,0.345046998944744,15.3651995706086,75.9110997092912,-138.505170761074,16,MICT06,16_MICT06,MICT,269,145.0,207.5
1.08995702875307,-2.35353582654999,-1.00227484619626,11.9740060053738,82.2320855493351,-24.8632133005382,6,MICT05,6_MICT05,MICT,204,111.0,183.0
4.96009971941259,4.43455378749372,-0.0460851835202772,-31.1664068240928,-133.587057104837,98.3247896731782,16,MICT04,16_MICT04,MICT,147,145.0,207.5
2.00715017513982,2.91128322126972,-0.129963732195227,-3.61102411968939,-148.296668257272,68.6658877813552,6,MICT02,6_MICT02,MICT,152,111.0,183.0
7.53659536094826,5.18145564393367,-2.09837044610944,-33.9619399814241,-98.6546616205587,113.309061881299,16,HIIT05,16_HIIT05,HIIT,157,145.0,207.5
4.31518847885947,6.51868161990697,0.0310338940145982,-312.031343593435,-155.145819148528,-243.855271364674,6,HIIT04,6_HIIT04,HIIT,127,111.0,183.0
-2.50769996047853,-7.77401045712794,1.01173065250612,149.092006996436,138.355985346693,140.657306699018,16,HIIT02,16_HIIT02,HIIT,283,145.0,207.5
-1.58819411963178,-8.45368010091932,0.285134959332167,177.27385922951,131.958091453007,155.64780699807,16,HIIT02,16_HIIT02,HIIT,269,145.0,207.5
-0.584185755941563,-3.57718591495647,0.39611260577493,-18.241414737116,88.3426552793919,-74.0362745332723,6,HIIT06,6_HIIT06,HIIT,307,111.0,183.0
-0.435931776502139,2.41422300144394,-0.113261723441608,16.3983967510743,27.7007442488647,19.0407964218606,16,MICT04,16_MICT04,MICT,1,145.0,207.5
0.422350778451388,-4.22356173829516,-1.39182926262587,2.42912627605954,48.9680841879712,-85.7580061603207,16,MICT02,16_MICT02,MICT,227,145.0,207.5
3.53570800876448,-6.15734119797259,-2.71511552986078,101.233674335057,60.1134288471767,73.2461264585184,16,HIIT02,16_HIIT02,HIIT,214,145.0,207.5
-1.67059846057966,-4.44260834565709,0.59882295999608,-3.80373610756374,77.2739244479295,-131.535068878609,16,MICT03,16_MICT03,MICT,291,145.0,207.5
-4.59975837797963,5.286285552765,-0.409187022499179,22.6705558349358,17.0160122131813,112.125360125331,16,HIIT04,16_HIIT04,HIIT,40,145.0,207.5
0.969915243035966,8.10996141455036,-0.188286876643332,16.5731201672272,143.328061339116,20.4339255390644,16,HIIT02,16_HIIT02,HIIT,83,145.0,207.5
4.44457705925085,10.8646844075172,1.2615637278473,-34.4271039274331,-95.1172346657777,152.71932753053,16,HIIT04,16_HIIT04,HIIT,98,145.0,207.5
1.80614249766879,-3.09616081682499,-1.89967723538093,17.7278544716501,13.9222796455605,-33.1112749922199,16,MICT05,16_MICT05,MICT,209,145.0,207.5
-10.4924783491486,38.3989988836071,1.60154995312498,13.1265966775729,53.7096551836375,-48.7288314468618,16,HIIT05,16_HIIT05,HIIT,347,145.0,207.5
-0.431867106605199,-2.11187050961752,0.34216126607379,-35.8492363242925,56.4046165281424,-101.809017089473,6,MICT02,6_MICT02,MICT,307,111.0,183.0
-1.67218774745736,2.90300737950995,-0.432428330530099,-127.255673691223,-83.0418015909704,16.0720247063141,6,HIIT02,6_HIIT02,HIIT,41,111.0,183.0
3.45517854325015,6.79705500766189,-0.493365183150156,-179.628269923095,-164.441473754035,-122.741688128096,6,HIIT05,6_HIIT05,HIIT,105,111.0,183.0
-1.49767589097571,4.58411828616167,0.26141442534211,-141.878688396153,-95.0143342604959,13.034659328099,6,HIIT04,6_HIIT04,HIIT,51,111.0,183.0
-0.166710042855634,-3.77574286236937,1.14046559852715,-29.7558775910336,65.5861632845782,-119.411769802658,6,MICT02,6_MICT02,MICT,287,111.0,183.0
2.2237582288132,5.16326579882177,0.260956012412306,11.5496372689144,-94.3811104521207,84.7501021456286,6,MICT04,6_MICT04,MICT,98,111.0,183.0
-0.211119089903455,2.00280219568083,-0.0528654755438396,0.0745969712497185,14.2458128156942,26.709980178822,6,HIIT03,6_HIIT03,HIIT,0,111.0,183.0
-1.51277626064165,-5.72606535068592,0.58553746389701,38.9689408189853,87.9188091039358,-20.056678804852,6,HIIT05,6_HIIT05,HIIT,325,111.0,183.0
0.3646295469769,-8.47446303704032,-0.99044292286459,195.067133962668,105.386759276231,161.72110495722,16,HIIT02,16_HIIT02,HIIT,248,145.0,207.5
-0.0222469477600525,-3.24156752385683,0.531521405632716,-14.598470755958,71.7716679713573,-108.879164591215,6,MICT01,6_MICT01,MICT,278,111.0,183.0
-3.81191457882642,19.0613564801097,0.364586484953458,-21.8761851613264,48.5631842525705,-44.2663253647385,16,MICT01,16_MICT01,MICT,347,145.0,207.5
1.06883738532078,-1.9056672177296,-1.09992546186607,14.42462639351,56.644703529423,-7.07056816767086,6,MICT05,6_MICT05,MICT,197,111.0,183.0
0.775225308284146,-4.31596218809377,-1.47108814902561,13.5903552057298,49.4145429697279,-80.7919029271225,16,MICT03,16_MICT03,MICT,228,145.0,207.5
4.29702534288403,10.8470116015199,1.32425029761451,-33.4955030104581,-93.5704783228985,151.889466588409,16,HIIT04,16_HIIT04,HIIT,97,145.0,207.5
-1.44622888504118,-3.49061489777145,0.607225463426201,-10.4600335565841,73.8083553188058,-126.963524922015,16,MICT03,16_MICT03,MICT,300,145.0,207.5
-0.798294621295844,-5.61678926870176,0.641846809257244,-7.02338693554606,97.9572433537661,-104.734014834478,6,HIIT04,6_HIIT04,HIIT,282,111.0,183.0
5.79671092406708,10.4267621630054,1.38448569681012,-38.5627015518554,-102.579189887662,156.778049770884,16,HIIT06,16_HIIT06,HIIT,105,145.0,207.5
-2.23143067712428,-9.1204804613179,1.11333129093616,15.9950159176585,61.154785169811,-189.466120365715,16,HIIT06,16_HIIT06,HIIT,283,145.0,207.5
-5.48487541585655,-10.6537194466111,2.77579177104012,19.1635110829818,82.1336534217103,-92.893315123389,16,HIIT04,16_HIIT04,HIIT,339,145.0,207.5
-1.63593783084641,3.70879148612041,-0.168560996505058,11.8657329959885,-4.74618685427862,76.8003252045839,16,MICT06,16_MICT06,MICT,55,145.0,207.5
-2.26782854252447,-6.09204558878116,1.42647399134708,8.85219311516415,62.777305033935,-155.217004505242,16,HIIT05,16_HIIT05,HIIT,304,145.0,207.5
-8.95651981955457,14.3552337075994,2.4034138780571,63.7058907841157,74.7804047299938,101.168050441992,16,HIIT02,16_HIIT02,HIIT,342,145.0,207.5
3.94609855397039,5.54616788213001,0.320428206831341,-294.186063337244,-131.015009505355,-257.074888895886,6,HIIT06,6_HIIT06,HIIT,135,111.0,183.0
-6.66092119875479,11.2022382630303,-0.474602107425259,38.2037691991075,62.7260796595787,83.7018661081719,16,HIIT05,16_HIIT05,HIIT,21,145.0,207.5
-0.903879367829107,2.97834353289081,-0.533785334769912,8.41553552088257,-26.9677212248678,54.634103736939,6,MICT02,6_MICT02,MICT,57,111.0,183.0
0.38505828213858,-8.77697909512946,-1.03953381060644,25.0079147780082,54.2394388784957,-173.328738331515,16,HIIT05,16_HIIT05,HIIT,249,145.0,207.5
-3.02122798177857,-5.52500401056041,1.6856709705653,78.452139848677,118.517044479693,101.376945152626,16,HIIT02,16_HIIT02,HIIT,317,145.0,207.5
-1.74467935781296,-3.39178761895929,0.757323311142178,-19.6819776864209,71.7376461659885,-108.069922835541,16,MICT05,16_MICT05,MICT,318,145.0,207.5
-0.40327252524752,-2.02747703924489,0.363022653859206,-34.9180889181612,56.8296900674342,-99.568884512397,6,MICT02,6_MICT02,MICT,309,111.0,183.0
-4.33512681948699,-2.97857680071893,1.61521553195269,-26.6436003673339,76.5723416387259,-73.7848400262278,16,MICT05,16_MICT05,MICT,340,145.0,207.5
1.82179438141966,5.25089152066081,-0.0030462296461466,6.03774989755367,-97.6188159743025,79.142109312486,6,MICT05,6_MICT05,MICT,92,111.0,183.0
-1.27636375219305,-3.05633313085141,0.486084024009619,-21.8008018762624,69.5393998835816,-128.40492744956,16,MICT02,16_MICT02,MICT,301,145.0,207.5
-6.04137274710645,-0.338568032719179,0.119222285633272,40.1207987155429,47.7800150331048,63.2209875770868,16,MICT05,16_MICT05,MICT,17,145.0,207.5
-4.95480940806341,9.66327703561577,0.373599846925184,-63.6659980111682,-8.22401755403764,46.5322995678582,6,HIIT05,6_HIIT05,HIIT,20,111.0,183.0
-2.56230705445587,-6.9215516550116,1.1734184221096,14.3093785872548,63.7687241543494,-168.056841762635,16,HIIT03,16_HIIT03,HIIT,300,145.0,207.5
3.57605794322474,-0.0245910194050686,-1.87606657345938,29.3306284040049,-65.9538804361379,25.1781722460666,6,HIIT06,6_HIIT06,HIIT,171,111.0,183.0
-4.62764482131137,-3.16536459381483,0.943626442744301,61.1335787635865,99.1739388396432,8.76671052519403,6,HIIT04,6_HIIT04,HIIT,340,111.0,183.0
4.65668915138611,2.69560591339981,-0.8937576771643,-2.79197223734402,-113.200310342525,88.850450522345,16,MICT01,16_MICT01,MICT,159,145.0,207.5
-0.861135494162304,-6.89570267782286,0.293952878943057,-9.79535377911963,31.9516748642635,-27.2159559813185,16,MICT06,16_MICT06,MICT,353,145.0,207.5
0.987234672191314,-3.22665910946226,-0.702130551630109,-4.90043309503728,106.128957024897,-67.4188590446401,6,MICT06,6_MICT06,MICT,216,111.0,183.0
3.40500574241707,-6.30180403312994,-2.6515631641854,111.734253598219,61.779714549023,82.5577033763765,16,HIIT02,16_HIIT02,HIIT,216,145.0,207.5
-1.94018763626009,-3.95380290801581,0.989606276356347,-7.20510310020545,73.342337655688,-105.966395363321,16,MICT04,16_MICT04,MICT,320,145.0,207.5
0.0888965646673198,-3.62074977128169,0.388969426242882,-15.7516433714123,75.1277811188005,-116.713175277009,6,MICT04,6_MICT04,MICT,269,111.0,183.0
-0.0405133431113942,-4.59479764776746,0.246861397767983,2.96952538714954,90.5365923654775,-57.9244246338318,6,HIIT01,6_HIIT01,HIIT,311,111.0,183.0
3.81197434427171,-4.68575610384406,-2.87689162999821,13.304334688523,0.321934896336165,-65.6368384368888,16,HIIT05,16_HIIT05,HIIT,207,145.0,207.5
-0.0384321591337625,-8.7992220698267,-0.679475818077213,24.7250345846797,58.4297691745833,-181.377515648074,16,HIIT05,16_HIIT05,HIIT,256,145.0,207.5
0.566257181585538,-3.38634995613892,-0.183670770379384,-6.28316438818068,104.837362138342,-105.500359253442,6,MICT02,6_MICT02,MICT,245,111.0,183.0
4.71739396859737,5.3659573722764,-0.792395740676353,-324.74975386838,-138.320757919136,-267.023726884505,6,HIIT04,6_HIIT04,HIIT,134,111.0,183.0
1.8523212290543,-4.0395587697049,-1.79405732037264,573.111703923151,76.7316591859272,510.630044846164,6,HIIT06,6_HIIT06,HIIT,205,111.0,183.0
-2.90907843307323,-11.5895505060603,0.88883950506843,10.6534154551752,16.4532379498014,26.6773464693437,6,MICT02,6_MICT02,MICT,8,111.0,183.0
2.45847730679583,4.86586572289626,0.501090871057125,-11.6702721416949,-174.851170309418,90.3052026608454,6,MICT06,6_MICT06,MICT,122,111.0,183.0
-1.28059592112201,3.57701035258593,-0.182822999065554,25.6160981138996,-11.2570216838297,81.1048030446063,16,MICT03,16_MICT03,MICT,55,145.0,207.5
0.886892033212045,-1.66041737659049,-1.07264366189366,40.242837575285,53.0288830632211,20.7111329222294,6,MICT01,6_MICT01,MICT,202,111.0,183.0
-1.54554113223789,-3.83798807162092,0.71296280848331,-7.99637302265076,75.0417482880489,-128.229992477517,16,MICT03,16_MICT03,MICT,297,145.0,207.5
1.88020870075695,2.81305082948795,-0.0945265203947381,4.40215736757568,-152.713508065996,70.8637231641256,6,MICT05,6_MICT05,MICT,148,111.0,183.0
0.382423625847113,-5.07114546859542,-1.06324887351942,14.3577141078472,65.8544621832557,-103.232568750999,16,MICT05,16_MICT05,MICT,236,145.0,207.5
4.31594533564705,-2.43914658280729,-3.129767765764,-2.05558419515857,-10.4357552819383,-15.1597451909899,16,HIIT06,16_HIIT06,HIIT,194,145.0,207.5
-6.69894729585288,25.2242707592288,0.7168025322177,43.8925776558072,-26.9134756377992,-74.2641063025128,16,HIIT01,16_HIIT01,HIIT,348,145.0,207.5
0.562797548977223,-3.98196413293424,-1.46238404675661,2.21191721548341,40.5336991284677,-76.2915197924559,16,MICT02,16_MICT02,MICT,223,145.0,207.5
0.986192011695782,-3.80511332935578,-0.469990711558941,1.97150029503964,114.331646303682,-87.7060414672996,6,MICT03,6_MICT03,MICT,228,111.0,183.0
4.97336957374831,6.06219971689423,1.35319004123474,-39.2778952712936,-124.703647811088,97.7101252718237,16,MICT05,16_MICT05,MICT,122,145.0,207.5
8.49456454453117,9.05300474683652,0.448201872328213,-52.5483145593295,-130.128451372084,153.859773633643,16,HIIT06,16_HIIT06,HIIT,134,145.0,207.5
-0.0464302233700069,-8.43336113878503,0.372063741748844,52.1929909203272,44.9361771462072,24.81244484351,6,HIIT05,6_HIIT05,HIIT,353,111.0,183.0
-0.653126225146146,4.6049989628313,-0.193828150671907,18.1146521571451,-28.1120131094125,80.7764969680581,16,MICT04,16_MICT04,MICT,66,145.0,207.5
5.24634871873031,-0.452672277240235,-3.22314402781532,-8.27085571800745,-30.9153442040874,31.5277487294453,16,HIIT04,16_HIIT04,HIIT,184,145.0,207.5
1.07896402051038,6.47597014212731,-0.83160402578795,-280.637571114246,-170.422260574745,-171.097526871885,6,HIIT05,6_HIIT05,HIIT,84,111.0,183.0
0.594145099409704,-4.27042955923799,0.165692228548675,-24.7259436708861,92.1401756756902,-145.210443732367,6,MICT03,6_MICT03,MICT,251,111.0,183.0
3.1585717238735,5.26751635388572,0.780709062817327,-16.9057234073762,-169.026226968668,84.7286012839702,6,MICT03,6_MICT03,MICT,124,111.0,183.0
14.3552430601065,8.46024544913401,10.3648605761668,-170.874399213864,19.8895491055005,-241.692156113938,16,HIIT02,16_HIIT02,HIIT,140,145.0,207.5
7.51214308585753,5.8915025634341,-1.49549944481546,-34.3864041168426,-96.3929680404876,122.8347500999,16,HIIT06,16_HIIT06,HIIT,155,145.0,207.5
-0.32667318541086,-1.89989116689354,0.192675724115462,-39.9497649470406,52.2838940521508,-98.764498797003,6,MICT01,6_MICT01,MICT,313,111.0,183.0
0.865913724782545,-1.19886596448191,-1.05769496568499,42.8219768148525,34.0053653961426,33.7452907356851,6,MICT01,6_MICT01,MICT,197,111.0,183.0
-0.328493916141984,-8.88792079753241,-0.217671356940577,15.9005370115683,57.3563713051771,-190.558606496798,16,HIIT04,16_HIIT04,HIIT,256,145.0,207.5
-0.823880195330718,4.39957682625441,-0.200477402587632,18.0345094728145,-25.5971213664938,79.449426372702,16,MICT04,16_MICT04,MICT,64,145.0,207.5
-0.445850077751433,-4.93030252883622,-0.44137487648144,0.301353608671899,79.5450051940188,-128.739800657978,16,MICT02,16_MICT02,MICT,250,145.0,207.5
-1.5371592787457,2.52974242474762,-0.736942939728561,-13.3050835125858,-5.55216670363066,49.2088619220719,6,MICT04,6_MICT04,MICT,35,111.0,183.0
-0.647974059418909,-5.20007855819405,0.0203152418984113,0.644963526866885,80.1019482212,-137.138567507513,16,MICT04,16_MICT04,MICT,262,145.0,207.5
2.25925253731868,3.68905362667351,0.0928609102319743,-10.7517391836449,-185.979160120457,78.3892252469066,6,MICT06,6_MICT06,MICT,140,111.0,183.0
-1.2883596983936,3.41608801440814,-0.29844497222574,34.6065221919946,-10.4880639724662,81.9389250007942,16,MICT02,16_MICT02,MICT,53,145.0,207.5
2.25909854652675,4.23034097025913,0.134044650249486,-3.60846780833668,-145.146979845922,86.3376837750959,6,MICT01,6_MICT01,MICT,129,111.0,183.0
0.880145043952069,4.94873516512743,-0.0637369726542774,-4.32394291905437,-78.2087439129462,60.6123667112832,6,MICT05,6_MICT05,MICT,77,111.0,183.0
0.590332494589889,4.86526670613761,0.349138844070296,-11.3078408504634,-75.2208012190512,55.3142444002361,6,MICT03,6_MICT03,MICT,73,111.0,183.0
7.27446051941202,10.3019939776437,1.26789441165768,-54.5536535113541,-114.452071393424,156.02114790318,16,HIIT05,16_HIIT05,HIIT,118,145.0,207.5
-0.510115497225415,-3.15284738801921,0.303091986130363,-37.3453398121268,76.9307535343964,-98.5320234029005,6,HIIT02,6_HIIT02,HIIT,306,111.0,183.0
-12.0815290221557,-25.612125005859,1.97281570215076,26.0410301260476,37.5153654491844,41.3602450804946,16,MICT04,16_MICT04,MICT,13,145.0,207.5
-8.98513292442659,-27.1739090854156,3.65495586120796,-27.4537896948626,8.2175172845538,32.9823886385202,6,HIIT02,6_HIIT02,HIIT,12,111.0,183.0
2.35325091018795,4.26932276362124,0.603453782200796,-5.97634854621378,-120.927947921394,77.5861809685344,6,MICT01,6_MICT01,MICT,116,111.0,183.0
7.99531398290206,6.09316670510574,-0.780494365693944,-376.439065362397,-105.021520441328,-285.510460245664,16,HIIT01,16_HIIT01,HIIT,148,145.0,207.5
13.4965172307745,1.34681412700507,81.6662339629843,1621.57206738884,588.113283070157,566.087999933611,16,HIIT01,16_HIIT01,HIIT,294,145.0,207.5
0.035887785870344,-8.05573130811506,-0.713456101979641,23.4212283854778,54.573977295262,-171.595677597482,16,HIIT05,16_HIIT05,HIIT,254,145.0,207.5
-1.11835340114527,-3.0048308649144,0.624813944411099,-13.8507151698949,32.6585946594915,-27.4597895653397,16,MICT01,16_MICT01,MICT,352,145.0,207.5
0.0870235185769863,-5.31541799632374,2.35941667244147,51.0940444838371,135.057784468369,-68.1763030978686,6,HIIT06,6_HIIT06,HIIT,268,111.0,183.0
-10.9462406811116,35.0683062677116,1.42029625519242,153.450721781633,88.2257017665109,76.3856617384521,6,HIIT01,6_HIIT01,HIIT,345,111.0,183.0
-1.38146748546792,4.52448843955458,0.0391738191115899,-3.28607580262767,13.5028455296846,26.369707588569,6,HIIT05,6_HIIT05,HIIT,4,111.0,183.0
4.38503852307592,3.20763937629086,-0.942826050336594,-18.2757418870183,-117.502364162313,94.5200784586931,16,MICT02,16_MICT02,MICT,158,145.0,207.5
-1.32136942550957,-2.70489765698742,0.418039926017462,-28.6411408858479,71.0874367734553,-128.472530292469,16,MICT01,16_MICT01,MICT,307,145.0,207.5
2.9990813660331,0.685651560224434,-1.61126585272813,-33.7715407210428,-85.5032840475537,-35.7627124738483,6,HIIT02,6_HIIT02,HIIT,165,111.0,183.0
3.97208001716042,3.82696898167197,-0.672156489901601,-247.948246277874,-117.818420781258,-211.494683292747,6,HIIT01,6_HIIT01,HIIT,148,111.0,183.0
3.11038278441217,-2.28784700689762,-2.36415415902803,344.347776412619,-40.7786345589538,318.325501032053,6,HIIT06,6_HIIT06,HIIT,186,111.0,183.0
0.140446086544572,-4.14231828661946,0.161509423723949,3.63141153890112,106.01866707043,-123.315200558039,6,MICT03,6_MICT03,MICT,264,111.0,183.0
-4.94217825493896,23.5916982497926,0.691978593820199,-20.222985525489,52.6677537539779,-46.7057158720264,16,MICT05,16_MICT05,MICT,346,145.0,207.5
-0.45758016457112,-2.30602680227672,0.397437742088253,-35.9721081785105,54.3905288116377,-103.119523895149,6,MICT02,6_MICT02,MICT,303,111.0,183.0
4.89190332477628,2.11424571449403,-1.76678762859872,-186.158571064391,-80.6268721344153,-173.720206606313,6,HIIT04,6_HIIT04,HIIT,156,111.0,183.0
0.296766264723129,-4.6963951701331,-1.16014173961054,1.4624590118841,61.6120499426734,-103.173004379454,16,MICT04,16_MICT04,MICT,235,145.0,207.5
1.01473944847447,-3.8761643319958,-0.199955529054138,-3.95086255348076,112.062737215645,-103.205405429814,6,MICT03,6_MICT03,MICT,233,111.0,183.0
3.9808982582632,0.775407438088852,-1.86565891436421,1.6021495507701,-75.8190283312308,56.6107629178267,16,MICT06,16_MICT06,MICT,176,145.0,207.5
0.62862430597385,-5.39308831321225,-0.500311374942418,208.333324685948,215.460897968254,100.838841521202,6,HIIT01,6_HIIT01,HIIT,230,111.0,183.0
-0.494609223890266,-4.5967286469364,-0.214897303941261,-1.11947715261097,77.1116906195518,-127.398955358306,16,MICT02,16_MICT02,MICT,252,145.0,207.5
-0.976702466598827,-5.6841057974567,0.109538122466318,16.7717540089022,76.199591771435,-137.582915699948,16,MICT06,16_MICT06,MICT,266,145.0,207.5
-17.4247114346612,-15.4833366466592,-80.5056766372581,1195.58036748599,627.566899228189,653.07183785235,16,HIIT01,16_HIIT01,HIIT,268,145.0,207.5
4.3676436367579,2.53765886705848,-1.23243868638155,-11.3420665593118,-108.409983526535,78.4093753005659,16,MICT05,16_MICT05,MICT,163,145.0,207.5
3.40251237091058,6.59411008369185,0.771737766065538,-5.30508774741881,-82.6272815536285,105.270093371938,16,MICT05,16_MICT05,MICT,101,145.0,207.5
1.09327040454849,5.84358132565452,0.349370855443524,3.0969063371147,-56.2907093538491,90.0779355727679,16,MICT05,16_MICT05,MICT,84,145.0,207.5
2.89846520049249,5.84590294967345,-2.8229738163694,-200.126180953614,-164.422690558475,-128.459029663467,6,HIIT05,6_HIIT05,HIIT,96,111.0,183.0
-1.34545864206325,-4.55681485313367,0.245280472647562,-13.543084943901,72.4482911111757,-144.656382014185,16,MICT01,16_MICT01,MICT,276,145.0,207.5
3.96171233415141,2.24935441156638,-1.15890086199954,-6.24575063413883,-93.9137342455702,82.3712730007257,16,MICT04,16_MICT04,MICT,166,145.0,207.5
7.34057011890254,6.50753560278579,-1.11645583090729,-42.6039098391636,-107.963851725966,130.970309734125,16,HIIT05,16_HIIT05,HIIT,146,145.0,207.5
-1.57337421948049,-5.45784334732848,0.682985256959532,-7.7797853786014,78.281423071524,-145.735670975864,16,MICT05,16_MICT05,MICT,280,145.0,207.5
5.05557414275582,5.05598741398585,0.0006843074499065,-44.8823396479615,-135.695235904479,94.3715676079971,16,MICT03,16_MICT03,MICT,139,145.0,207.5
-2.02523649728281,2.53445537548913,0.25658077771773,-3.61954679058556,15.0800884070566,28.055740412421,6,HIIT04,6_HIIT04,HIIT,5,111.0,183.0
-0.824092921975272,-3.39235016568566,0.521295041108752,-6.10863615781476,68.5083389219363,-60.1125968298375,6,MICT04,6_MICT04,MICT,322,111.0,183.0
2.34970237194648,-1.07908312108186,-1.50039085260317,31.4099388016622,-28.9607037269994,17.4758983398603,16,MICT01,16_MICT01,MICT,197,145.0,207.5
-2.15557549831572,7.3477618158742,0.0275698379721726,5.95528142534129,-19.0600678150828,118.252344820199,16,HIIT04,16_HIIT04,HIIT,58,145.0,207.5
0.0561010760898451,-3.95554541468862,-0.360672865535959,-36.4331906212973,72.8187346377761,-146.500216770558,6,MICT06,6_MICT06,MICT,264,111.0,183.0
-9.08761928001911,31.1990119445154,0.563426923821166,86.713271157618,82.2406379552833,37.2720994257157,6,HIIT05,6_HIIT05,HIIT,345,111.0,183.0
2.08232516834796,2.6277134275073,-1.00040208747234,4.0825525833732,-150.830370314407,72.8173654316653,6,MICT03,6_MICT03,MICT,153,111.0,183.0
1.31430661329421,-0.92446045495832,-1.37398691244897,56.2893527299618,6.75004680257654,61.5562363959842,6,MICT03,6_MICT03,MICT,185,111.0,183.0
0.088509794804817,-5.94391696560813,0.148681409032033,-33.3806808601097,103.049205230898,-138.607490587919,6,HIIT03,6_HIIT03,HIIT,276,111.0,183.0
1.47735338153837,-3.03755490530604,-1.86309571963863,491.475158795699,60.8967123366098,467.026042024181,6,HIIT01,6_HIIT01,HIIT,196,111.0,183.0
3.51775781441965,-2.37148942373394,-2.23503074206377,341.340507828027,-31.7699113696122,290.310865423933,6,HIIT04,6_HIIT04,HIIT,188,111.0,183.0
-2.35615561938722,-7.13771701530576,1.29745980088133,1.1638217555507,78.3679436423217,-45.064648011166,6,MICT03,6_MICT03,MICT,335,111.0,183.0
2.68070786523682,4.07972345825401,1.08374326793052,4.07810364446384,-145.448798447818,90.7392983591724,6,MICT01,6_MICT01,MICT,136,111.0,183.0
-7.97765999161658,2.62009716454926,0.218085820717555,30.5874538233754,48.7646333723251,95.098725420836,16,HIIT05,16_HIIT05,HIIT,27,145.0,207.5
1.60021799550524,-2.1586319698689,-1.26266334902547,434.560078497552,11.3812982174419,423.537897199062,6,HIIT01,6_HIIT01,HIIT,189,111.0,183.0
-10.7433682617417,39.4880409014128,1.11241438552491,47.5561188650414,52.6538100253884,75.4074949853814,16,HIIT02,16_HIIT02,HIIT,346,145.0,207.5
8.29074509760978,9.28505716958445,0.251076804295708,-50.9259501351071,-124.53617288799,161.16647138387,16,HIIT04,16_HIIT04,HIIT,133,145.0,207.5
2.04007254303274,3.06528865665239,-0.0999242858592705,-1.53249744916886,-152.621824600241,73.8772487039846,6,MICT01,6_MICT01,MICT,150,111.0,183.0
0.646389380791478,-9.7380903640292,-1.43142995720491,23.4519401454349,45.9192908376424,-171.579709358056,16,HIIT03,16_HIIT03,HIIT,244,145.0,207.5
2.20612752586329,2.9876405634686,-0.783420008970074,-10.3218347856699,-167.404042632826,64.2606943645631,6,MICT03,6_MICT03,MICT,150,111.0,183.0
-0.399084370094636,-2.35672933324376,0.196955617463066,-30.8599377070292,54.5667188974462,-85.6840689476172,6,MICT01,6_MICT01,MICT,320,111.0,183.0
0.165124143851564,-3.7685231033761,-0.317618149817757,-13.8587048382238,82.6204301483992,-127.325033383502,6,MICT04,6_MICT04,MICT,257,111.0,183.0
-3.0862531573915,-9.80821060706852,1.15971316666291,41.4947979062324,93.8288886447523,-10.3237449642561,6,HIIT04,6_HIIT04,HIIT,335,111.0,183.0
-8.52856827304042,3.45319489569902,0.262039381498935,30.323912211351,44.9851338507425,89.6205104731322,16,HIIT03,16_HIIT03,HIIT,26,145.0,207.5
0.381963649225174,-4.27882997616839,-1.35378010164649,2.62307095500607,51.1014193450698,-87.8717342166349,16,MICT02,16_MICT02,MICT,228,145.0,207.5
4.34524685833979,6.3781343608072,1.83552971808381,-30.0002345451044,-105.138706644142,100.042035662154,16,MICT03,16_MICT03,MICT,113,145.0,207.5
1.96314746868532,-3.20765491386057,-1.53651899093147,531.979875104662,38.1636212818335,481.963812427352,6,HIIT06,6_HIIT06,HIIT,200,111.0,183.0
-0.644187055167912,2.92796474035683,-0.596644228344365,0.695922243694487,-32.5400168738359,59.0431860811904,6,MICT03,6_MICT03,MICT,52,111.0,183.0
1.6361910368036,5.76406665837412,0.420344793388077,9.84083639879321,-58.2765515612071,94.4942646383874,16,MICT04,16_MICT04,MICT,86,145.0,207.5
3.75139246537037,6.99253111289784,0.0393970832453135,-176.515188610332,-173.7311100315,-123.535290765339,6,HIIT03,6_HIIT03,HIIT,111,111.0,183.0
-0.825961710515068,-4.65061276529309,0.0580000463119354,-1.21831240764131,81.6537302551204,-136.580424758914,16,MICT02,16_MICT02,MICT,265,145.0,207.5
-2.88399469154245,-6.38654332096091,1.7037648445386,12.4932708848527,61.8383659583831,-138.904354048011,16,HIIT06,16_HIIT06,HIIT,315,145.0,207.5
3.52672500406945,-4.32778343990659,-3.09897503052152,2.32779122719304,3.66989503676948,-57.17010779801,16,HIIT06,16_HIIT06,HIIT,204,145.0,207.5
-2.15797864842045,3.31344148644042,-0.452792329921957,-125.796344577667,-75.8939288258675,16.9162936911564,6,HIIT05,6_HIIT05,HIIT,40,111.0,183.0
-3.16560180458036,-6.59923011903716,1.9983090682563,8.93212571509955,67.148277053572,-133.982650194753,16,HIIT05,16_HIIT05,HIIT,318,145.0,207.5
1.46050403990649,0.822196426264106,-0.976747106187217,15.9437570465009,-83.5066273388771,58.3031579029081,6,MICT04,6_MICT04,MICT,167,111.0,183.0
-0.264731611481816,5.34006935019184,0.246159205532505,11.530540837349,-38.1627903073068,84.0235449174179,16,MICT03,16_MICT03,MICT,73,145.0,207.5
4.34006972037524,4.49916073500384,-0.619618507160213,-316.856599732755,-137.686711079396,-279.356886815901,6,HIIT03,6_HIIT03,HIIT,140,111.0,183.0
3.78772219096395,6.47686733829366,-0.34893912383961,-140.59395381479,-157.877870336237,-100.080810533666,6,HIIT06,6_HIIT06,HIIT,111,111.0,183.0
0.565398552107918,-4.442176046742,1.74880237354949,240.582469042625,160.558452283716,112.477761066646,6,HIIT04,6_HIIT04,HIIT,233,111.0,183.0
-1.21544866224043,4.5005090099739,0.80650318735189,-180.264010304989,-119.931089118937,-26.1138879510872,6,HIIT06,6_HIIT06,HIIT,51,111.0,183.0
-1.24266827555551,0.401504186897778,0.246662678268613,11.2569009886305,33.4530474292144,-6.97969352571327,6,MICT01,6_MICT01,MICT,351,111.0,183.0
-1.0173677907473,-4.69198473835458,0.217636745848706,-3.71192535727892,80.4489504299774,-138.881866224938,16,MICT02,16_MICT02,MICT,270,145.0,207.5
-7.52104305380229,12.9032627299451,0.885972376698556,113.83560672933,105.608340568301,42.0485781933801,6,HIIT03,6_HIIT03,HIIT,342,111.0,183.0
-4.50106977895904,19.299594401827,0.228156447334751,31.2242928959258,53.4565028809485,3.52870259497449,6,HIIT02,6_HIIT02,HIIT,348,111.0,183.0
8.26262664143722,8.74395200157417,-0.231056977292697,-54.1969937450848,-123.07408243647,148.633869653317,16,HIIT05,16_HIIT05,HIIT,136,145.0,207.5
0.230278766854147,5.55566634733997,0.297581603711732,8.33527596435362,-44.8274032098767,86.2489472938806,16,MICT03,16_MICT03,MICT,77,145.0,207.5
-0.811111719651469,-5.70134190452237,-0.0338230765551747,17.2870626137313,75.893189723065,-136.702588089481,16,MICT06,16_MICT06,MICT,263,145.0,207.5
-0.450563388840751,7.99917516094205,1.34134739574243,-291.525962348808,-172.562807718466,-114.802787112953,6,HIIT04,6_HIIT04,HIIT,73,111.0,183.0
0.421988681523365,-8.49465221930984,-1.04558670762843,194.734180791833,103.872251243742,161.135618607518,16,HIIT02,16_HIIT02,HIIT,247,145.0,207.5
1.99693495467817,-7.45024079900699,-2.15310573282057,19.7322977883336,29.2554792957457,-133.771278341866,16,HIIT05,16_HIIT05,HIIT,228,145.0,207.5
3.90149650283091,5.85451055202863,1.44713003984332,-10.5591836053989,-88.16640273257,102.204417434875,16,MICT02,16_MICT02,MICT,108,145.0,207.5
0.696841774062297,-7.78101285502616,-1.23731948855697,23.228213112913,48.1323234420194,-160.310661666518,16,HIIT05,16_HIIT05,HIIT,245,145.0,207.5
-0.263160360421276,-4.25484835945504,1.36118571183082,-4.97950187410841,89.7196387683122,-112.735746129952,6,MICT03,6_MICT03,MICT,282,111.0,183.0
1.4010022004391,-2.95819220972766,-1.73381643890366,5.51668020476205,15.6603363513489,-35.3875833377352,16,MICT04,16_MICT04,MICT,209,145.0,207.5
-0.334016206456531,3.4273127129752,-0.368641741378725,5.72507729785231,-30.075602161208,51.2107513586678,6,MICT04,6_MICT04,MICT,60,111.0,183.0
6.67299512512323,3.43686702113697,-2.46804036079383,-21.7755315960506,-66.5597840352225,101.589258966301,16,HIIT04,16_HIIT04,HIIT,166,145.0,207.5
1.08841209232262,-3.40173945458812,-0.542992158483437,8.7390100428036,109.341607780839,-64.3059472581342,6,MICT03,6_MICT03,MICT,220,111.0,183.0
-1.36040164380466,3.31751432922787,-0.165798914025455,22.4555183730857,-2.91950779433765,78.9710603383779,16,MICT01,16_MICT01,MICT,55,145.0,207.5
-0.0259682624645432,-5.18506779640474,-0.806947995011964,21.8357319659945,67.9471555914274,-111.813682979793,16,MICT06,16_MICT06,MICT,246,145.0,207.5
0.890094598577876,-4.95508521875276,0.669451291104264,263.439072161892,246.835996269478,155.878511038966,6,HIIT03,6_HIIT03,HIIT,229,111.0,183.0
4.96060027980193,4.63677400221573,-1.28366961975601,-315.719488905742,-129.081615433968,-264.402714025854,6,HIIT04,6_HIIT04,HIIT,137,111.0,183.0
1.0614587024822,-1.72219191183918,-1.29442524222725,30.4687367838895,42.9107574884558,28.6394039641522,6,MICT06,6_MICT06,MICT,190,111.0,183.0
-0.94225246989761,-5.41150031578594,0.580754634702503,4.65863053882447,99.5039606111282,-89.7339994333841,6,HIIT04,6_HIIT04,HIIT,286,111.0,183.0
-5.20015279694604,9.07433443435396,1.4197014890453,-25.0552760276249,74.4968888108486,-67.5188529839249,16,MICT05,16_MICT05,MICT,342,145.0,207.5
2.31049059270007,4.78276732167007,0.185834509799208,-6.46670479725007,-172.8399231645,93.9552149350177,6,MICT06,6_MICT06,MICT,124,111.0,183.0
-3.56417222648635,-15.2178575782259,1.47043267619698,-3.40787708798385,15.9229394985737,17.6622552690063,6,MICT01,6_MICT01,MICT,9,111.0,183.0
2.34203502516064,-1.51080170529589,-1.8803148810723,17.3418936762707,-16.331121132014,11.8419784373904,16,MICT03,16_MICT03,MICT,196,145.0,207.5
1.03201926842599,-3.3920736507855,-0.425592166907766,-10.3818112374654,107.553158693236,-83.8300013572374,6,MICT06,6_MICT06,MICT,221,111.0,183.0
-5.662804045729,24.7059183205046,0.919606631089459,-22.138946037948,61.089532227675,-53.7831182567826,16,MICT05,16_MICT05,MICT,345,145.0,207.5
0.995720656944415,-0.90235045756393,-1.09617555176266,41.6761142553812,24.8722409251149,48.8337655585618,6,MICT02,6_MICT02,MICT,191,111.0,183.0
-5.57000174636172,7.23197570436462,2.19167901595179,-40.8556356975637,-17.3580235645991,48.6748831102091,6,HIIT01,6_HIIT01,HIIT,18,111.0,183.0
-0.233563534481905,-4.7783689256222,1.0462126184319,-4.72871663381521,94.792615988355,-85.2326497664582,6,HIIT03,6_HIIT03,HIIT,299,111.0,183.0
2.29386997388747,4.64221068202268,0.55812443445575,-0.255357825686098,-116.146951432024,79.4279910700898,6,MICT02,6_MICT02,MICT,110,111.0,183.0
1.86444523126809,5.46212482170472,0.0764173623577254,-22.0834277793974,-111.185086647773,61.6183989644814,6,MICT03,6_MICT03,MICT,90,111.0,183.0
-2.10989603442262,-8.14198081342494,0.706406044342376,162.3894153655,137.049239171781,148.062552598752,16,HIIT02,16_HIIT02,HIIT,277,145.0,207.5
-1.10478543361654,4.39467532974418,-0.160127170850645,20.0892780170461,-22.1976187757958,81.6197849320181,16,MICT04,16_MICT04,MICT,61,145.0,207.5
4.48798596183157,3.02632398205631,-1.48401747299412,-267.932372108916,-95.4128990522047,-243.951468305886,6,HIIT06,6_HIIT06,HIIT,148,111.0,183.0
-1.24316577392752,-4.53658869902236,0.0865327946630816,85.7335610476605,47.0263124574902,44.3230969926749,6,HIIT01,6_HIIT01,HIIT,352,111.0,183.0
-0.39264492603014,-8.85193126150721,0.250243585082513,-11.8753620900169,32.9932883613839,-25.9922540350608,16,MICT02,16_MICT02,MICT,354,145.0,207.5
-3.07634600038952,4.19513698696111,0.284106498632693,-113.332748791976,-55.1072454383086,35.6363026533848,6,HIIT04,6_HIIT04,HIIT,35,111.0,183.0
0.165514196974755,-5.80075021464091,0.384527769163883,127.44754576417,154.881271043111,-18.9280162004029,6,HIIT04,6_HIIT04,HIIT,254,111.0,183.0
1.64436532302624,2.05025664162784,-0.698990896005944,14.8249618049495,-126.71295567062,69.7198431697645,6,MICT05,6_MICT05,MICT,157,111.0,183.0
3.96228382509713,2.43866974816762,-1.03242161604635,-8.27551739774501,-101.695739815061,86.7307555926524,16,MICT02,16_MICT02,MICT,165,145.0,207.5
0.712337398695349,5.01685317610821,0.0043758924878685,-16.0972924491426,-84.0955769253949,54.1945953929077,6,MICT03,6_MICT03,MICT,76,111.0,183.0
-5.02256592829095,17.3026086506227,-0.08975869965199,39.8435598872993,73.2243958082225,0.952789424061081,6,MICT04,6_MICT04,MICT,344,111.0,183.0
-0.6710632052789,-2.47983018969752,0.410184461711408,-34.4361088511273,64.5702980012442,-104.126771973114,6,MICT03,6_MICT03,MICT,307,111.0,183.0
-8.52262496579377,1.60504972997117,-0.171185168081606,155.590950949675,138.277178865685,-79.7391686684163,16,HIIT02,16_HIIT02,HIIT,26,145.0,207.5
0.186852046472389,-3.60384624189913,-0.0332139873709864,-18.867786969672,84.6554820390527,-130.098988645094,6,MICT02,6_MICT02,MICT,265,111.0,183.0
6.47354525695234,2.23873017725072,-3.11110595047363,-18.1189614513179,-54.9448352764534,79.0478667383696,16,HIIT03,16_HIIT03,HIIT,171,145.0,207.5
-0.591282867313437,-2.97524381863762,0.648775576068014,-21.238857452658,63.5432869985384,-87.327575820047,6,MICT04,6_MICT04,MICT,297,111.0,183.0
0.451923051963889,-3.90355300708564,0.424256507185952,241.570015681809,208.500309787058,149.687099961046,6,HIIT02,6_HIIT02,HIIT,226,111.0,183.0
-1.28042840756333,-2.87186302801217,0.556478415839373,-21.8418451443946,72.5962864872105,-124.525588003383,16,MICT02,16_MICT02,MICT,311,145.0,207.5
-9.01066839742508,-13.7403646634636,0.79134709972214,37.400700200923,42.7823550655068,54.576084315101,16,MICT02,16_MICT02,MICT,15,145.0,207.5
1.67678936207248,5.110059771612,0.0293286076081869,-10.6595504974042,-101.037721445321,60.7405171432691,6,MICT06,6_MICT06,MICT,85,111.0,183.0
-5.97613985589264,8.60717034985905,-0.978257356629084,152.876000172691,116.712946286337,-97.4533851290683,16,HIIT01,16_HIIT01,HIIT,19,145.0,207.5
-1.94526628888214,-5.94621261818457,0.65378242284907,22.8636427069978,92.2894136949115,-33.3365303024711,6,HIIT06,6_HIIT06,HIIT,325,111.0,183.0
3.18256461468546,-0.499418434280473,-1.75699580783117,113.979511960713,-70.9467534281713,115.921764390228,6,HIIT03,6_HIIT03,HIIT,174,111.0,183.0
-2.4593214556671,-5.8783877488505,1.42308797983307,-0.0099635915941035,61.6697328000092,-157.739302392408,16,HIIT04,16_HIIT04,HIIT,309,145.0,207.5
4.21773468381757,6.9469761296141,0.800664237039156,-232.429988663914,-176.435700689072,-177.179936516032,6,HIIT01,6_HIIT01,HIIT,121,111.0,183.0
4.60346355443088,13.2213313506379,-3.19253702500497,-3861.88663947025,-2122.00703925021,-786.675600411338,16,HIIT02,16_HIIT02,HIIT,113,145.0,207.5
-1.50438370379635,-8.47433548002622,0.232934526139731,179.118913344934,130.949617550712,156.560340561248,16,HIIT02,16_HIIT02,HIIT,268,145.0,207.5
-0.0321483850852017,-4.01610350312756,-0.536794812643224,-7.29404833822755,100.043520695616,-133.127679867783,6,MICT03,6_MICT03,MICT,261,111.0,183.0
0.0942525253911742,-5.37602249298673,1.84991741903648,60.027269264427,139.216571139628,-61.5827023852413,6,HIIT06,6_HIIT06,HIIT,267,111.0,183.0
-0.709848252274749,3.31522641488644,-0.214613516350187,19.8686208151297,28.4831834747058,22.907038084941,16,MICT03,16_MICT03,MICT,2,145.0,207.5
4.99777235565934,6.4023288903292,-0.351847779400671,-276.466552801989,-177.335448432257,-220.530322211985,6,HIIT01,6_HIIT01,HIIT,127,111.0,183.0
-10.694684603627,31.9419180480594,2.05070685148417,15.9546373308622,69.4495893403434,-65.3802266805999,16,HIIT05,16_HIIT05,HIIT,344,145.0,207.5
-0.738107458863604,4.50439373387878,-0.205303860354836,18.0076670588602,-26.8701699333912,80.0536563542767,16,MICT04,16_MICT04,MICT,65,145.0,207.5
2.08842296776041,9.36860145790274,-2.2419246259277,-130.401071032308,110.906676175108,54.0426347287493,16,HIIT02,16_HIIT02,HIIT,95,145.0,207.5
-7.46984647754335,19.3036967404641,0.607302131044345,95.7356106756122,93.3156402519548,39.8116101748824,6,HIIT06,6_HIIT06,HIIT,343,111.0,183.0
1.0095370382174,-4.66501066366494,-0.778346077087502,384.223061241084,176.389180085805,285.347535324813,6,HIIT06,6_HIIT06,HIIT,222,111.0,183.0
-2.98868681055441,4.17050401649188,0.189482646417715,-124.994304795456,-63.9579992825147,33.1020268931922,6,HIIT04,6_HIIT04,HIIT,37,111.0,183.0
0.124750731551436,9.7225075101398,0.709251545249568,-13.4808345442715,-55.286144724332,129.443494932621,16,HIIT04,16_HIIT04,HIIT,75,145.0,207.5
-3.06542404229186,1.04899368600654,-0.0863154059195721,-24.3146713174247,2.767556280472,39.4585578005892,6,MICT01,6_MICT01,MICT,27,111.0,183.0
3.47779190298012,1.70015907614764,-1.53745263690605,-158.984569829749,-82.8879415517076,-132.645980050991,6,HIIT01,6_HIIT01,HIIT,160,111.0,183.0
1.02809058801851,5.83187445722197,0.426195902072678,6.3427716395829,-52.5509330558411,91.269192081238,16,MICT03,16_MICT03,MICT,83,145.0,207.5
1.43226953455614,5.92041935876163,0.414788884926547,-5.45940749603482,-54.6506206450803,93.2313016090335,16,MICT06,16_MICT06,MICT,87,145.0,207.5
0.281496130014929,-3.63560955330195,0.583252821739643,-10.0907495100001,80.1032422951602,-116.507887756788,6,MICT04,6_MICT04,MICT,264,111.0,183.0
0.419698769187695,-8.68969285232116,-1.53041771412448,19.6078672730171,51.7884033232661,-176.179673465777,16,HIIT06,16_HIIT06,HIIT,248,145.0,207.5
7.76906600695693,6.23729419340428,-1.51811553931275,-40.8097263164381,-95.516503359174,132.631145608023,16,HIIT03,16_HIIT03,HIIT,151,145.0,207.5
2.00849283553131,4.52419985319345,0.275103321227351,2.37345694689895,-87.4472350483154,71.6902254897917,6,MICT01,6_MICT01,MICT,100,111.0,183.0
5.81552760203079,-1.42448397895227,-3.77020442100805,-1.75782822405423,-20.7786752090655,17.5966491634014,16,HIIT03,16_HIIT03,HIIT,188,145.0,207.5
-1.2236522458231,4.52196471888876,1.03739750151099,-139.038728914994,-118.610859531845,0.667737787239275,6,HIIT03,6_HIIT03,HIIT,49,111.0,183.0
0.344970831410673,-8.66371243357888,-1.16228016985357,14.1817069605887,51.0886344338967,-182.852233431562,16,HIIT04,16_HIIT04,HIIT,248,145.0,207.5
0.592813170705194,-15.1839212443518,0.611060094600197,11.459153706693,38.0711726690959,-30.7359576122563,16,HIIT06,16_HIIT06,HIIT,354,145.0,207.5
1.94045891079288,-3.29187079903531,-1.97013649480558,20.3004359706474,10.8683799565533,-31.9441713815279,16,MICT06,16_MICT06,MICT,209,145.0,207.5
0.218741878269596,-4.24330138614697,0.568528649627333,4.07647630923572,105.106255716856,-121.800763509436,6,MICT03,6_MICT03,MICT,266,111.0,183.0
3.62626100140236,10.3810748230429,1.00609674431352,-30.8993933384047,-85.1683906933089,147.185735304804,16,HIIT06,16_HIIT06,HIIT,93,145.0,207.5
6.5213651795245,3.40748526273031,-2.40641273806096,-23.4125139101865,-69.7948885363197,89.411332874749,16,HIIT06,16_HIIT06,HIIT,167,145.0,207.5
-12.416560069499,-31.0666232674086,3.1332595514024,19.8792403818752,36.7607663361315,32.0259544444896,16,MICT06,16_MICT06,MICT,11,145.0,207.5
-4.07318459676248,6.11356070425424,-0.395653632327092,24.1489648851598,38.5377087328354,61.8646508705747,16,MICT01,16_MICT01,MICT,20,145.0,207.5
-6.53006351501766,3.20393957682156,-0.244252812053228,151.67618459084,129.544076612931,-81.8636624792002,16,HIIT01,16_HIIT01,HIIT,30,145.0,207.5
-0.434977789396365,-5.43464545849834,0.231341870264846,26.4924505317134,92.8740450418253,-38.7868026279412,6,HIIT01,6_HIIT01,HIIT,318,111.0,183.0
-1.1332481598742,-3.01359077660029,0.469197830008402,-23.6911078623691,68.2725891505414,-84.7403181604372,6,MICT03,6_MICT03,MICT,320,111.0,183.0
4.5785903580292,6.72333144257837,1.67304745567832,-19.4413689052854,-102.181268561698,106.582723670634,16,MICT05,16_MICT05,MICT,111,145.0,207.5
-0.977469318236943,6.15341673608416,0.791270950249736,-196.945597626752,-131.610650556825,-40.3189038570091,6,HIIT04,6_HIIT04,HIIT,64,111.0,183.0
5.67498863395422,5.84653904224507,0.407478629109492,-51.255266213551,-147.361488271631,95.4723002816633,16,MICT05,16_MICT05,MICT,133,145.0,207.5
-2.74203854198925,-6.33556212081872,1.60468134918706,11.9028310552357,61.1814596327055,-140.790832129913,16,HIIT06,16_HIIT06,HIIT,314,145.0,207.5
5.95775813236658,10.8155535858682,1.8499426501255,-39.691022577855,-104.23871914293,159.269381476679,16,HIIT04,16_HIIT04,HIIT,106,145.0,207.5
0.120555939645559,-5.65148439103098,-0.664041349151279,51.0870447908022,140.257234234465,-72.1864195003719,6,HIIT06,6_HIIT06,HIIT,262,111.0,183.0
-3.00290561253444,-6.55626678304335,0.803417796858676,-5.01518935433391,12.5684638961448,22.9174045268744,6,MICT03,6_MICT03,MICT,7,111.0,183.0
0.421441568011669,-5.43570277966495,0.975669168763876,39.3292687130954,138.171222388163,-87.4193125463384,6,HIIT05,6_HIIT05,HIIT,260,111.0,183.0
-10.4458446676481,-26.6430914595051,2.91182576481056,10.6941866152115,31.0880945146185,31.1670217431167,16,MICT01,16_MICT01,MICT,11,145.0,207.5
2.21776541807883,-1.17483115118038,-1.85936043768684,9.50838354800505,-21.2880117043657,17.6183958094906,16,MICT04,16_MICT04,MICT,193,145.0,207.5
4.36662847390777,5.38110949550882,0.879051614322893,-18.9826893572889,-94.1536801471739,100.344170429276,16,MICT01,16_MICT01,MICT,116,145.0,207.5
3.34879019000389,0.47667933765158,-1.71144121888369,7.98589284798768,-60.9363336951389,55.7857658080098,16,MICT03,16_MICT03,MICT,179,145.0,207.5
-0.237797631494686,-3.06926771290291,0.864400005149381,-22.530697013816,63.2004997432136,-100.478398943902,6,MICT01,6_MICT01,MICT,293,111.0,183.0
3.90011120338132,2.1386604127072,-1.21621807251103,-5.14003763610203,-91.2782283806175,80.8315154519867,16,MICT04,16_MICT04,MICT,167,145.0,207.5
-2.6098893384901,2.92311963738155,-0.403895424362441,28.4858372774681,10.1021509070483,83.4817615815975,16,MICT05,16_MICT05,MICT,39,145.0,207.5
0.873271477159439,-3.94675474523094,0.164286181138425,-34.4515090144962,83.4951236394876,-143.352382654268,6,MICT05,6_MICT05,MICT,245,111.0,183.0
4.89625353051525,2.3073504188531,-1.65681163466935,-195.415954927449,-82.5961096187853,-181.043305546248,6,HIIT04,6_HIIT04,HIIT,155,111.0,183.0
1.60420738091754,-15.8025540329778,0.680408604930766,30.538268297941,30.1212411735498,48.7019510737683,16,HIIT02,16_HIIT02,HIIT,355,145.0,207.5
5.99189524531917,0.604776820690641,-3.30511579067771,-11.8635868965242,-39.5975986252583,45.49947669841,16,HIIT06,16_HIIT06,HIIT,180,145.0,207.5
0.626127079847626,-3.06333046693964,-0.162943847426206,2.34038864123592,97.2760946576084,-80.6547659758937,6,MICT01,6_MICT01,MICT,235,111.0,183.0
3.72387785119165,0.591872648610935,-1.88681207990093,-48.4894510633125,-82.4714097668873,-37.9735286102288,6,HIIT03,6_HIIT03,HIIT,167,111.0,183.0
6.97784772498397,3.28694329027045,-2.80988810391624,-22.4951708935919,-68.1311543856217,86.8643624411759,16,HIIT06,16_HIIT06,HIIT,169,145.0,207.5
-3.24684605659125,6.51050340575928,0.0394526588065602,0.720532934790796,-5.68303922628088,110.559859424846,16,HIIT03,16_HIIT03,HIIT,48,145.0,207.5
-0.379594621815495,-1.9897703229916,0.12233202117351,-37.1731313378543,53.7991071184821,-94.861366886901,6,MICT01,6_MICT01,MICT,316,111.0,183.0
4.75945497887743,6.06706886839661,1.12414545928284,-48.7613415340634,-128.312466723595,94.6623538881272,16,MICT03,16_MICT03,MICT,122,145.0,207.5
0.230689952241861,-6.5859675896394,6.71507640841289,237.05624282124,135.695028588245,182.269743402933,16,HIIT01,16_HIIT01,HIIT,258,145.0,207.5
1.29065210128139,-1.13999864578867,-1.39163047723088,55.2801230671053,15.8626972405796,56.2824986265108,6,MICT03,6_MICT03,MICT,187,111.0,183.0
3.87886434694042,-4.39032655266555,-3.05845901891258,7.07746606971787,0.250025196954206,-48.6598604904643,16,HIIT03,16_HIIT03,HIIT,204,145.0,207.5
-1.73034724271291,-3.33563504515425,0.876446041728258,-7.67361746630735,69.1430690218595,-111.346012939951,16,MICT06,16_MICT06,MICT,314,145.0,207.5
2.76883134534346,4.53323554743769,1.1420487936369,3.72358095539827,-169.858315447769,99.0337973281991,6,MICT06,6_MICT06,MICT,130,111.0,183.0
-1.74871355364448,-5.24399951467157,0.570565065731447,-7.44627583761534,78.8051381347255,-140.662601363304,16,MICT05,16_MICT05,MICT,286,145.0,207.5
-1.70890012839235,-4.44618194739845,0.684160362093436,-17.264338703775,72.9411525008443,-141.422784068887,16,MICT01,16_MICT01,MICT,285,145.0,207.5
-1.83471913007763,7.08999626593268,-0.162775028691464,104.335392638384,135.367623521483,-41.9492447341799,16,HIIT01,16_HIIT01,HIIT,65,145.0,207.5
-0.653693128183085,-2.38739870839915,0.401942100171205,-33.5455826265788,65.0921951397863,-101.612336385633,6,MICT03,6_MICT03,MICT,309,111.0,183.0
-5.23863767887221,-8.75180160038903,2.78018495820213,15.1143264823617,74.432095932246,-99.4409250116698,16,HIIT05,16_HIIT05,HIIT,333,145.0,207.5
0.890288730310748,-2.89359090385789,-0.849203401831011,-0.849429853125865,99.2638027655741,-60.7882216858528,6,MICT02,6_MICT02,MICT,221,111.0,183.0
1.04088560876959,-2.61123552925314,-0.536866816185278,5.16791055570139,93.9454794423114,-44.4834473170828,6,MICT02,6_MICT02,MICT,217,111.0,183.0
1.056019750412,-3.01606038476287,-1.14330340917407,29.4760931053718,97.8628575193027,-18.6264698671058,6,MICT03,6_MICT03,MICT,209,111.0,183.0
4.01666472813378,2.3627551023627,-1.10053822238897,-7.36483329238872,-96.5034705167005,83.868134184279,16,MICT04,16_MICT04,MICT,165,145.0,207.5
-3.7217869613219,-2.7797603738916,0.641188357057469,43.7384647105695,92.7362860926798,-7.11507510497654,6,HIIT02,6_HIIT02,HIIT,340,111.0,183.0
-2.68585285008146,-7.18502765855962,1.11276058251888,134.92819994207,139.216170099873,132.666973017344,16,HIIT02,16_HIIT02,HIIT,289,145.0,207.5
1.00995474575391,-8.3337233761332,-1.5396473343294,14.3803141728091,42.7751538455503,-163.505109362876,16,HIIT04,16_HIIT04,HIIT,238,145.0,207.5
-3.1250188049317,2.99160289702163,-0.529133902510603,-23.4148148081811,5.13168978179197,42.6175397901481,6,MICT06,6_MICT06,MICT,24,111.0,183.0
-2.12169478185454,6.85145844994322,-0.0731825916822935,-0.325522148497522,-13.8644012317839,116.368728986087,16,HIIT06,16_HIIT06,HIIT,57,145.0,207.5
3.18137932183375,-0.466317901186603,-1.9207487662561,10.4544220264806,-47.2501481377675,31.7577682146512,16,MICT06,16_MICT06,MICT,186,145.0,207.5
-0.657630010064447,-2.65303785073713,0.29985897421354,-23.0763754402021,58.5669932634492,-80.943237578288,6,MICT02,6_MICT02,MICT,321,111.0,183.0
2.04542519056308,2.64377173266195,-0.185451618092661,-27.8725669308336,-163.044359422905,44.36100331649,6,MICT04,6_MICT04,MICT,152,111.0,183.0
-1.67536331747517,-3.7486851347427,0.490694156425569,7.64532417991627,72.2852605997306,-44.4233991730055,6,MICT04,6_MICT04,MICT,329,111.0,183.0
1.07719763834064,-2.76257851021199,-0.825962482898331,3.47792504832051,95.9131461154957,-40.7598717539771,6,MICT06,6_MICT06,MICT,208,111.0,183.0
3.82672265609116,0.991603144609667,-1.68790992116095,-0.679687651844087,-78.0671472588916,58.3227397403675,16,MICT06,16_MICT06,MICT,174,145.0,207.5
-2.40205501881126,-6.08461608644548,1.41199444296038,7.50055054739889,63.9474679006869,-145.986740596055,16,HIIT05,16_HIIT05,HIIT,311,145.0,207.5
-1.46499317865826,-6.1085397600704,0.578827044948541,37.2829171541723,90.8639970148145,-24.1801285208168,6,HIIT05,6_HIIT05,HIIT,324,111.0,183.0
7.96673355046125,6.52248630477717,-1.45741151176861,-308.778891169261,-24.1641217999109,-279.2076828681,16,HIIT02,16_HIIT02,HIIT,150,145.0,207.5
-8.09194377274807,3.52415585645209,-0.403121003005967,156.134448406846,135.404063563939,-82.388394740716,16,HIIT02,16_HIIT02,HIIT,24,145.0,207.5
0.787231621766798,-5.69798385301547,0.570582112302702,10.1889032452174,135.985627105545,-108.862017250846,6,HIIT01,6_HIIT01,HIIT,261,111.0,183.0
-0.555686318398649,-2.16802960647131,0.448154828197308,-18.0024369702866,64.9972621560665,-73.4641405559679,6,MICT04,6_MICT04,MICT,314,111.0,183.0
8.60452104020972,6.16532981360697,-0.462070440816339,-302.992442898535,-15.4411652983589,-275.941002387914,16,HIIT02,16_HIIT02,HIIT,152,145.0,207.5
-0.0932453707647203,-5.54322607162507,2.86191607988163,87.3114072155762,137.500101863542,-47.2538048598362,6,HIIT04,6_HIIT04,HIIT,265,111.0,183.0
-2.97030008449143,5.19575794881298,-0.610715832483855,-23.6596814903521,8.89933026383959,41.4123273448,6,MICT06,6_MICT06,MICT,22,111.0,183.0
0.279851476233276,-3.60313029981555,0.363359523871368,-6.83663376573777,83.1215650988142,-116.243557663909,6,MICT04,6_MICT04,MICT,261,111.0,183.0
-0.429421144197461,-3.58875787195359,0.83524726548677,-40.4643129676821,61.8520390224018,-114.054130734914,6,MICT05,6_MICT05,MICT,289,111.0,183.0
-0.537769063314103,3.91378597626291,-0.463618902102335,6.69056962593709,-39.6209619846269,60.9133988920239,6,MICT03,6_MICT03,MICT,60,111.0,183.0
3.91505841704853,-4.51449325916554,-2.89807144674233,13.0236309750639,-0.763960219000215,-61.6804785064016,16,HIIT05,16_HIIT05,HIIT,206,145.0,207.5
0.579461977417297,-2.71387547773491,-0.487485722799904,13.6215649727367,99.5827890374777,-53.426348822527,6,MICT01,6_MICT01,MICT,227,111.0,183.0
-6.30487621533682,12.5067968706382,-0.747108267478743,41.0318256518562,67.7379329648055,80.4043045256111,16,HIIT06,16_HIIT06,HIIT,20,145.0,207.5
2.86883099122617,4.77834490224353,1.09839684009481,-13.8042741180956,-144.403732544728,77.291116101788,6,MICT02,6_MICT02,MICT,118,111.0,183.0
5.87311703135694,10.7485041126759,1.07329137870027,-54.2675716519113,-107.893507526572,151.514884394551,16,HIIT05,16_HIIT05,HIIT,108,145.0,207.5
0.403161539355751,-2.95869319544669,-0.357036389155099,0.502820459330549,93.9980486210132,-86.0487005991813,6,MICT01,6_MICT01,MICT,239,111.0,183.0
0.95469104398492,-4.01169454114309,-0.100013312483623,-11.7742307058949,105.796002733534,-117.609963868001,6,MICT03,6_MICT03,MICT,237,111.0,183.0
17.8855460339919,12.1358126382075,18.4008294019113,-3507.54981612588,-1885.11726909483,-574.323072953663,16,HIIT01,16_HIIT01,HIIT,115,145.0,207.5
0.951805146744293,4.06721010163564,-0.105089774990488,-6.22110183054398,-66.6231025156835,52.0294666284314,6,MICT01,6_MICT01,MICT,84,111.0,183.0
-1.52907877325402,-4.5432784383707,0.493500460316823,-13.1714326945417,73.7785109717727,-142.516861549684,16,MICT01,16_MICT01,MICT,280,145.0,207.5
1.12237889786106,-2.49829712965431,-0.743533764072111,18.217858856543,96.3129802919888,-21.5507659684901,6,MICT02,6_MICT02,MICT,212,111.0,183.0
3.53128853375552,0.896425379737837,-1.65745084977633,-90.4908021800167,-81.3303967834267,-78.2290050012444,6,HIIT03,6_HIIT03,HIIT,165,111.0,183.0
-1.71654259552831,-3.80239970151426,0.833020756558125,0.141876622764833,68.0680182346948,-117.104975111129,16,MICT06,16_MICT06,MICT,300,145.0,207.5
5.87478442528851,1.87628052532324,-2.73735149299455,-15.9148993753534,-51.0225357457654,66.1299141283478,16,HIIT06,16_HIIT06,HIIT,174,145.0,207.5
1.94786479460568,-1.71339013387119,-1.44950786106142,31.0314717868716,-11.978574045136,-3.11242560806194,16,MICT01,16_MICT01,MICT,204,145.0,207.5
7.47537720539005,5.53157490907395,-1.99081542970459,-36.8384772230054,-89.3134508943047,123.808834946309,16,HIIT03,16_HIIT03,HIIT,155,145.0,207.5
-2.24593719304238,-6.21323859734514,1.50949303359249,13.0621192264749,59.0156477285844,-156.752800693742,16,HIIT06,16_HIIT06,HIIT,302,145.0,207.5
1.17364056759503,4.31147742411378,0.236005617854362,-9.25927602460853,-83.714405338492,52.0370807474036,6,MICT02,6_MICT02,MICT,86,111.0,183.0
0.9585648476075,6.75089373181844,-1.389302552661,-293.223218982062,-178.121297318522,-174.158345535466,6,HIIT05,6_HIIT05,HIIT,82,111.0,183.0
0.0566694145629676,-3.67062730628996,0.957839913667055,-9.60331279260546,76.804106779778,-104.483831907974,6,MICT04,6_MICT04,MICT,276,111.0,183.0
1.16117629656367,-9.3508647497917,-1.87886913551038,21.3128855388476,37.9922554928713,-158.205171531719,16,HIIT03,16_HIIT03,HIIT,237,145.0,207.5
3.19232554961683,6.38590968581825,1.10696018727506,-137.025839424669,-169.857897723605,-91.9837819322254,6,HIIT02,6_HIIT02,HIIT,114,111.0,183.0
5.25615248230248,4.98369173374292,0.382638732077178,-31.1815136422116,-131.424429025535,105.625045456169,16,MICT02,16_MICT02,MICT,142,145.0,207.5
6.13332063103866,2.54785593025836,-2.65207059795035,-19.1656852333078,-59.3700924653246,76.1634086240585,16,HIIT06,16_HIIT06,HIIT,171,145.0,207.5
-0.590567713839648,-4.33656449354308,0.402063170802453,-21.7138150682226,86.7599817758168,-104.457714086371,6,HIIT02,6_HIIT02,HIIT,289,111.0,183.0
-1.66090205118446,-4.73052773703915,0.456428532181833,-4.15237818954594,76.7481041124043,-135.287420249853,16,MICT03,16_MICT03,MICT,287,145.0,207.5
-2.22543621446323,-8.11703518448736,0.967496033086992,15.9598371064904,56.9080516637232,-177.756220873197,16,HIIT03,16_HIIT03,HIIT,283,145.0,207.5
0.22245756334993,-5.12851580581752,1.08734807912699,-5.40479517751432,118.815350982484,-123.702916285849,6,HIIT02,6_HIIT02,HIIT,265,111.0,183.0
-4.11924029836227,6.48597341286332,-0.767056704839936,42.366477423291,34.179580280397,68.8468763135523,16,MICT02,16_MICT02,MICT,21,145.0,207.5
-0.816056833684239,3.42576428755466,-0.458785601100285,13.1172764513887,-31.3075715247767,56.8323790829626,6,MICT02,6_MICT02,MICT,62,111.0,183.0
3.38760714159359,0.376089343483009,-1.76049395696761,-23.6143569981697,-78.2177643547019,-14.6075006878022,6,HIIT03,6_HIIT03,HIIT,168,111.0,183.0
-3.34615564861193,4.8449277968856,-0.0369417003475259,-14.414878143251,17.5679861903367,37.2092251763585,6,MICT01,6_MICT01,MICT,20,111.0,183.0
-0.966470994430767,4.75139080917671,1.05851462636999,-160.204238383888,-131.785549124481,-21.5656568844453,6,HIIT03,6_HIIT03,HIIT,53,111.0,183.0
-19.0178927489795,-51.8285161459524,4.43750965780123,38.6891770984054,57.3863101378768,53.0219264236854,16,HIIT04,16_HIIT04,HIIT,12,145.0,207.5
-0.866655967226571,3.15703218792041,0.0384546146925402,-0.376799973422237,13.8498249880723,26.3922114649915,6,HIIT03,6_HIIT03,HIIT,1,111.0,183.0
1.05269033235147,-2.04848965558234,-1.27391311831086,21.0771955379016,60.3038350831812,7.52101579043866,6,MICT06,6_MICT06,MICT,195,111.0,183.0
-5.5235120703552,5.87301935017163,-0.367914538869912,17.9376498925723,30.7209885231433,103.952601097891,16,HIIT06,16_HIIT06,HIIT,35,145.0,207.5
-15.9331898479553,-21.4804142352986,3.3614001119727,147.178183949526,108.185047021302,-99.4314887801146,16,HIIT01,16_HIIT01,HIIT,15,145.0,207.5
1.95037743769647,2.98543777683847,0.0339432213130971,3.09772251925963,-161.663537368633,80.9542843577695,6,MICT06,6_MICT06,MICT,146,111.0,183.0
0.127271171913879,-3.96760779838832,1.47411834205946,-15.781898544857,74.3368336459968,-110.010945605651,6,MICT04,6_MICT04,MICT,278,111.0,183.0
5.30615044025084,4.88359845109783,-0.104105834652509,-37.3447948428986,-124.399620004216,96.3268935008246,16,MICT06,16_MICT06,MICT,141,145.0,207.5
0.517191973693011,-8.73305153426581,-1.4131468792952,17.4262530144293,47.5512674763411,-171.296329552408,16,HIIT06,16_HIIT06,HIIT,244,145.0,207.5
6.79560270046519,-0.323453363667171,-3.08875711806433,-156.744526088617,25.3114220662066,-164.79457282186,16,HIIT01,16_HIIT01,HIIT,182,145.0,207.5
6.92980494502912,4.47452310694741,-2.07306553082859,-27.6996867998882,-80.7226434358406,105.139135415138,16,HIIT06,16_HIIT06,HIIT,162,145.0,207.5
-0.214047183685786,1.25408080043454,-0.0753368629849774,14.4400193689298,21.7880059904174,25.3782653087042,6,MICT02,6_MICT02,MICT,0,111.0,183.0
4.85411984707616,4.03161002716067,-0.30345114547185,-30.8137573626776,-124.708500671644,92.480358311402,16,MICT03,16_MICT03,MICT,150,145.0,207.5
-3.62855662117646,4.42240332345773,0.396081664228777,-101.433996495824,-44.744401478653,41.1010869636943,6,HIIT04,6_HIIT04,HIIT,32,111.0,183.0
3.42061436312326,-0.488065450737289,-1.90898562486921,83.5807103579741,-62.6656094284375,75.4237016939001,6,HIIT06,6_HIIT06,HIIT,174,111.0,183.0
6.8544259438668,10.4012513164525,1.6656295907906,-58.5154206882828,-113.555415117669,151.799428796795,16,HIIT03,16_HIIT03,HIIT,114,145.0,207.5
-10.7097397889979,-28.5391680101605,2.54004136497022,24.0185190867551,31.6453381705844,34.4084699954086,16,MICT05,16_MICT05,MICT,10,145.0,207.5
5.58784283039115,0.574889502389083,-3.0518662399695,-11.5259669339317,-39.3512062261734,52.8562191222263,16,HIIT04,16_HIIT04,HIIT,179,145.0,207.5
-1.67617493686215,7.05193983263196,-0.258804911779478,94.9066051880285,142.750381253812,-27.4100415913044,16,HIIT02,16_HIIT02,HIIT,64,145.0,207.5
6.11498014885594,-0.754168365927481,-3.65485665618225,-3.82540236693707,-25.5042548899,30.4711188073483,16,HIIT03,16_HIIT03,HIIT,185,145.0,207.5
-4.43525285325791,2.27126804610263,-0.298271321193804,33.8369640426213,25.0600961155568,79.8131499330467,16,MICT05,16_MICT05,MICT,29,145.0,207.5
0.0131800929722672,-4.04518925888978,-0.339500518969298,-2.43101108432123,102.924928950529,-128.968642572275,6,MICT03,6_MICT03,MICT,262,111.0,183.0
-3.06585265997226,2.65762567331166,1.0364932708414,28.2798140301973,30.5185103868086,45.5187942752966,16,HIIT02,16_HIIT02,HIIT,351,145.0,207.5
-1.24127188611094,-4.58054505046003,0.403406322519002,-11.2713539298234,72.1012235145154,-143.977793078244,16,MICT01,16_MICT01,MICT,271,145.0,207.5
1.03607628314154,-3.04912548352854,-0.965963536235433,510.952839507067,119.056998455355,461.048522093351,6,HIIT02,6_HIIT02,HIIT,204,111.0,183.0
-7.5963527739332,-20.7144194686781,2.41160484293531,-1.73455342799652,27.1676646373794,38.3130550639269,6,MICT04,6_MICT04,MICT,13,111.0,183.0
2.38990471536514,3.24804659047729,-0.449427230603877,-16.7624343919357,-175.260082196477,61.4569566743246,6,MICT03,6_MICT03,MICT,148,111.0,183.0
5.26673146714308,4.39055410668952,-0.0259104259919255,-35.7113086123425,-124.606068805698,91.1323965370836,16,MICT06,16_MICT06,MICT,147,145.0,207.5
4.18137992425896,6.48629681802959,0.0299432704305448,-229.019725725723,-171.833632124715,-180.068271530205,6,HIIT03,6_HIIT03,HIIT,122,111.0,183.0
-4.78899462558441,3.18559786885235,1.12599700955406,-96.8174940811626,-42.4080962750304,36.517857008569,6,HIIT06,6_HIIT06,HIIT,27,111.0,183.0
8.40270199404555,8.36774867442606,-0.211573058669578,-48.1007008341281,-123.484215018419,148.867017793079,16,HIIT06,16_HIIT06,HIIT,140,145.0,207.5
-1.15822725761161,6.24531645264658,0.785368717961531,-190.108969227276,-127.394577706352,-28.4838338267889,6,HIIT04,6_HIIT04,HIIT,61,111.0,183.0
-6.13073470768864,10.56000670715,-1.22482671269148,159.365168961027,123.143654431772,-99.6913004737163,16,HIIT01,16_HIIT01,HIIT,20,145.0,207.5
-1.62147116023151,-4.52545827319959,0.639116969317899,-14.2800252590145,73.7312452346806,-141.856550863485,16,MICT01,16_MICT01,MICT,282,145.0,207.5
-1.65379768788538,-1.64061837165926,0.182720096068158,10.5752210161319,16.0931169352113,23.8985266013348,6,MICT02,6_MICT02,MICT,6,111.0,183.0
-1.3853314196476,1.93282572457937,-0.11858091878641,-2.8809531109645,16.0703368489424,19.170542215519,6,MICT04,6_MICT04,MICT,5,111.0,183.0
0.635548873550167,-3.98220829096302,0.310415712997628,-46.1375253816703,69.6893360704524,-158.419523996795,6,MICT06,6_MICT06,MICT,255,111.0,183.0
-0.325245518272948,-8.63054713886279,-0.616425031049434,194.491379604156,115.496186109776,163.44001403907,16,HIIT02,16_HIIT02,HIIT,255,145.0,207.5
-0.566137550559478,-5.79148666421639,1.59118432399914,1.3446955634578,103.066345560318,-105.119516359326,6,HIIT04,6_HIIT04,HIIT,277,111.0,183.0
2.72682585125846,4.49712282920639,1.08994320500478,-10.2473163680662,-135.808154604845,76.7904395762754,6,MICT02,6_MICT02,MICT,117,111.0,183.0
0.880343795819188,-4.20059339294162,-1.53714056007422,12.5645508924683,44.9431288666459,-77.1775966266188,16,MICT03,16_MICT03,MICT,226,145.0,207.5
-2.19571814021917,-8.55396638321307,1.30010825891033,24.7323781575084,81.3564838705088,-16.5456858517325,6,MICT05,6_MICT05,MICT,337,111.0,183.0
-3.59763645194475,-9.78165565317039,1.72534016576475,-28.3452537962461,74.0227491903009,-80.5109214296173,16,MICT05,16_MICT05,MICT,337,145.0,207.5
-2.19763862731267,5.34817738087218,-0.509299501837246,110.19511395478,135.911251410089,-39.2394325027208,16,HIIT02,16_HIIT02,HIIT,56,145.0,207.5
-2.96782372516959,5.89499586094414,-0.313140474170554,5.29957294665013,1.58010242107192,112.968875796327,16,HIIT06,16_HIIT06,HIIT,49,145.0,207.5
0.318557941794125,-6.44893228143954,0.479083689466342,-44.0760516999138,108.163171828935,-157.531441474438,6,HIIT03,6_HIIT03,HIIT,272,111.0,183.0
-12.7323546972842,-10.4091106571368,1.76734569831021,153.97991258752,114.02680776249,-102.885888915325,16,HIIT01,16_HIIT01,HIIT,16,145.0,207.5
-1.71912662822654,-3.1223144451718,0.823441407226373,-7.82853179810801,66.6167829381492,-105.33117053684,16,MICT06,16_MICT06,MICT,316,145.0,207.5
-9.81664100077571,33.3614994861429,1.3441597694446,134.051612958245,76.4156950537883,67.0526275988325,6,HIIT01,6_HIIT01,HIIT,346,111.0,183.0
0.719731473735906,-3.00898586124977,-0.0983848410250355,7.92638766215664,101.483815393212,-69.9952338279601,6,MICT01,6_MICT01,MICT,232,111.0,183.0
3.0404556837586,-0.190554720057107,-1.55954759920351,29.0618192163433,-51.1478872749906,41.9904584233282,16,MICT01,16_MICT01,MICT,188,145.0,207.5
3.89876533881544,2.02568925718562,-1.30905613944842,-174.962400648845,-75.838818101204,-162.919996648971,6,HIIT06,6_HIIT06,HIIT,158,111.0,183.0
0.112275476791278,-4.77627478698229,0.964169999806289,-12.870214645194,108.979297807912,-123.840687473372,6,HIIT02,6_HIIT02,HIIT,267,111.0,183.0
0.637133604566268,-5.50933131536288,-1.29283046715217,216.884310231291,212.518058936603,114.563329578923,6,HIIT01,6_HIIT01,HIIT,228,111.0,183.0
-2.88657795084765,3.26156824991763,-0.651833686280238,41.8795130916582,9.02600131428853,85.1289082904938,16,MICT02,16_MICT02,MICT,35,145.0,207.5
2.78289989617016,-2.54995048664432,-2.13254613170351,414.311670408963,-28.5162640771667,383.284187214164,6,HIIT06,6_HIIT06,HIIT,189,111.0,183.0
3.07300217270878,7.29342626018202,-1.39374296320049,-237.634537308437,-184.832615979547,-161.450647492194,6,HIIT03,6_HIIT03,HIIT,98,111.0,183.0
-0.405738443464132,5.15475911165584,0.0139099063390908,25.8699631357106,-32.7662225943081,84.7497390017957,16,MICT02,16_MICT02,MICT,70,145.0,207.5
-0.332909527028797,5.79434742385263,0.188341131538445,2.33042435223586,-35.0140566433267,88.3566728356403,16,MICT06,16_MICT06,MICT,74,145.0,207.5
-1.8055464639917,-3.5414491598361,0.802482980887941,-20.6967994570886,74.3755671731528,-113.617782570536,16,MICT05,16_MICT05,MICT,317,145.0,207.5
-4.63460974496105,8.94577791613916,0.429174897477844,-69.0601955407029,-25.5599395174787,37.2426527003465,6,HIIT03,6_HIIT03,HIIT,21,111.0,183.0
-0.785752095917731,-3.31356813234115,0.333058594210297,-16.3043351411077,78.770217448635,-74.401271600932,6,HIIT02,6_HIIT02,HIIT,317,111.0,183.0
-0.871210232863537,-3.1821446054239,0.259920272632994,22.6044139977405,36.3963822561126,4.75335172052917,6,MICT04,6_MICT04,MICT,352,111.0,183.0
-1.12646463677083,3.36690315219901,-0.297051117090791,23.8256653458155,-11.7589903972379,79.0994336510802,16,MICT04,16_MICT04,MICT,54,145.0,207.5
3.15682326218942,6.4444385559931,0.850073304606281,2.08135243190701,-76.3490900330403,104.453248321666,16,MICT04,16_MICT04,MICT,96,145.0,207.5
-0.455744989502736,-5.14151889059285,-0.31862598301293,1.6183733864652,79.4473003591978,-133.89944164428,16,MICT04,16_MICT04,MICT,257,145.0,207.5
-2.33794116753045,7.40710006061654,0.373636938660017,-2.41607186257147,-14.3569768513595,118.770668407796,16,HIIT05,16_HIIT05,HIIT,59,145.0,207.5
-12.6927390093684,-36.4793827109021,3.16220418216637,26.280510663852,41.8504212568852,35.8307977746093,16,HIIT05,16_HIIT05,HIIT,9,145.0,207.5
3.67676762958186,1.79492830896244,-1.3434050079725,-1.92003928410511,-83.1853049635227,75.9272324810649,16,MICT04,16_MICT04,MICT,170,145.0,207.5
3.57506224461672,6.05395753520094,0.989590382653207,0.0328070689811259,-81.2624639679269,106.745280399511,16,MICT04,16_MICT04,MICT,103,145.0,207.5
-5.73451658038198,-20.6359919343358,1.63622709838628,16.839782004956,26.1519724012769,45.5781803375222,6,MICT02,6_MICT02,MICT,13,111.0,183.0
-5.40487567444775,4.21736611494407,-0.765156723556856,148.811034749746,147.188913314644,-65.9940714706305,16,HIIT02,16_HIIT02,HIIT,37,145.0,207.5
-2.36281494031872,-6.04534624241106,1.33022286339234,1.66894988796159,60.747097435108,-165.228959259087,16,HIIT04,16_HIIT04,HIIT,303,145.0,207.5
-1.61235488619642,-3.35024316361486,0.844885665037836,-6.39539437491746,69.1543780449314,-113.877304750115,16,MICT06,16_MICT06,MICT,311,145.0,207.5
0.257276230621404,-3.49119612849109,0.642238504445107,-26.5466516126573,71.5933183595799,-128.806222416323,6,MICT02,6_MICT02,MICT,272,111.0,183.0
9.93880628926393,-0.310041761760495,60.3868531907022,2970.39172832768,1266.4588887442,1244.81148831828,16,HIIT01,16_HIIT01,HIIT,291,145.0,207.5
-1.47700285399339,-3.9977382534118,0.559881168460783,-16.4183970970186,72.6835338128273,-133.67875160265,16,MICT02,16_MICT02,MICT,292,145.0,207.5
2.93145265334975,-0.939822785754744,-1.97539563214082,13.5981241123271,-36.221975330399,22.1216797481602,16,MICT06,16_MICT06,MICT,190,145.0,207.5
-1.6173357701816,2.87579198974141,-0.545132122513649,-127.096343992678,-84.7134930847104,15.1829318215288,6,HIIT02,6_HIIT02,HIIT,42,111.0,183.0
1.02358390263628,-2.05264009924197,-1.1544008747999,12.9934743954075,63.6898734603945,-12.774568369709,6,MICT05,6_MICT05,MICT,199,111.0,183.0
0.772588892532641,-4.36069277026413,0.239976470623126,368.16493492888,201.937098590804,260.499564753936,6,HIIT05,6_HIIT05,HIIT,223,111.0,183.0
2.64113871282777,5.94247671586436,0.788119485044537,3.35103487560195,-70.541630696415,99.222793000618,16,MICT04,16_MICT04,MICT,94,145.0,207.5
0.559404274515231,9.46643023427188,0.580235398013092,-19.3289822140825,-56.4102672012133,131.522837317183,16,HIIT06,16_HIIT06,HIIT,77,145.0,207.5
-0.739078064390222,-3.14587155561175,0.414578615494141,-19.0031472386323,60.1078512132647,-76.3112931320453,6,MICT02,6_MICT02,MICT,323,111.0,183.0
3.40300564262921,6.01330445219411,-0.832916610290266,-169.785815406267,-159.515070957075,-116.842483229182,6,HIIT05,6_HIIT05,HIIT,107,111.0,183.0
3.21131963564334,6.55508763008639,-0.45448786210492,-139.60247371832,-152.638710128478,-93.9673865712751,6,HIIT06,6_HIIT06,HIIT,103,111.0,183.0
3.90650677809028,2.20840001749113,-1.22774115405736,-184.205226266972,-77.711305687513,-171.039293416479,6,HIIT06,6_HIIT06,HIIT,157,111.0,183.0
-1.90195602789433,-3.70924333050879,0.858521396251975,-8.24061106383666,75.9376897062728,-64.0042767857072,6,MICT03,6_MICT03,MICT,328,111.0,183.0
0.0518715622846752,-4.05294371510813,-0.578332045142459,-22.9609524864749,90.4795613236875,-145.968486205864,6,MICT03,6_MICT03,MICT,258,111.0,183.0
5.72162819022965,5.48137807147306,0.207331305608456,-44.1524147860161,-144.679227064032,95.9273034133084,16,MICT05,16_MICT05,MICT,139,145.0,207.5
-2.18326102226028,-7.45179533325617,1.23143622234309,11.9866060336872,58.0687305469592,-172.592474426192,16,HIIT06,16_HIIT06,HIIT,291,145.0,207.5
-16.1442897319729,-21.5477704053362,3.49690824888368,150.097681650254,117.90063876205,-91.9830482623869,16,HIIT02,16_HIIT02,HIIT,15,145.0,207.5
7.03047168973648,10.6577614972797,1.23664398208933,-52.9345608375279,-123.180838311759,160.539188515922,16,HIIT04,16_HIIT04,HIIT,115,145.0,207.5
-3.96512476206046,-6.47332722343797,0.891508878977102,71.6278711117448,-126.778318532581,-145.216847347074,16,HIIT01,16_HIIT01,HIIT,316,145.0,207.5
2.72070478885881,6.55963214651581,0.716398719694229,-3.79097146684981,-75.1050463286227,100.386831849779,16,MICT05,16_MICT05,MICT,95,145.0,207.5
1.94728517563525,-8.51473174814627,-2.36072158954492,18.5146428440657,28.0210371496308,-135.592064593787,16,HIIT03,16_HIIT03,HIIT,228,145.0,207.5
0.634964865981889,-8.6731437360008,-1.45131504534043,17.4949188914264,46.6232909218706,-167.508486396485,16,HIIT06,16_HIIT06,HIIT,242,145.0,207.5
1.04915254111456,-3.78894847954904,-1.43799167332065,14.6049476474562,35.8249847232584,-63.5258973909924,16,MICT05,16_MICT05,MICT,220,145.0,207.5
-3.70870957779271,-7.5919660838559,2.16113189343659,9.18684903648243,67.3007977060506,-113.229914050635,16,HIIT05,16_HIIT05,HIIT,326,145.0,207.5
3.47779579449631,2.77649218316949,-0.801254041821682,-211.430360873656,-122.275370408743,-196.79284329383,6,HIIT02,6_HIIT02,HIIT,149,111.0,183.0
2.04699332661083,3.28050031300958,-0.172033265207031,-10.2328760269133,-162.173380835952,70.0280299169087,6,MICT01,6_MICT01,MICT,147,111.0,183.0
1.0953590351484,9.69162982215799,0.72578120816139,-22.1118820981761,-62.6671347860186,134.326280884689,16,HIIT06,16_HIIT06,HIIT,80,145.0,207.5
4.20730527297378,5.80265356043971,1.51571343363318,-19.2771615240506,-98.287382026596,101.54818021108,16,MICT02,16_MICT02,MICT,112,145.0,207.5
2.48407843984944,4.54127657284978,0.647319414681087,-4.90115933146198,-120.135735848699,79.0705219173923,6,MICT01,6_MICT01,MICT,114,111.0,183.0
3.81246248376038,5.76535543706948,0.477472919379479,-9.98665522687832,-81.6403096164934,103.352319395246,16,MICT01,16_MICT01,MICT,108,145.0,207.5
-1.51718367554877,-3.34492091810263,0.645662881099073,-8.56377698367833,76.3816789496449,-118.37130746036,16,MICT04,16_MICT04,MICT,313,145.0,207.5
-1.48649202866432,-3.92053024178581,0.567110322922493,-5.96503002854718,76.4982825513729,-125.818864092312,16,MICT04,16_MICT04,MICT,296,145.0,207.5
0.136070551896488,-3.80694663431726,-0.521802619502488,-25.5480760490362,76.2008049557293,-136.565794702749,6,MICT04,6_MICT04,MICT,254,111.0,183.0
7.71388130034292,3.81067807452527,-2.87901086139241,-25.036340800419,-69.2230336951018,104.498288892458,16,HIIT03,16_HIIT03,HIIT,165,145.0,207.5
5.7440774724356,10.8311671852741,1.71840791670531,-38.3737122523676,-102.403879640717,158.84156402154,16,HIIT04,16_HIIT04,HIIT,105,145.0,207.5
2.38524484645655,6.2059049533244,-1.48967234807337,-153.515436192947,-164.461284272298,-82.2835100337951,6,HIIT02,6_HIIT02,HIIT,94,111.0,183.0
-3.38601044538357,2.88044739745908,-0.592778550274927,41.6275955620384,14.9777911791646,79.9840691823916,16,MICT02,16_MICT02,MICT,31,145.0,207.5
-3.8198832276267,6.48802129019549,-0.338759831731646,27.8996233637045,42.2211073651457,59.8546258333849,16,MICT06,16_MICT06,MICT,21,145.0,207.5
1.86672015421723,-3.21729462956019,-1.83023757860141,588.767319482584,31.7967436213307,538.842376435199,6,HIIT05,6_HIIT05,HIIT,197,111.0,183.0
-1.92930749427942,2.97776172632987,-0.382288868637625,24.4256076162966,2.67043034722469,79.5326569170225,16,MICT05,16_MICT05,MICT,45,145.0,207.5
3.66565658496316,6.67716686120805,0.216570146168894,-239.540997450203,-158.550614384289,-169.056824409968,6,HIIT04,6_HIIT04,HIIT,118,111.0,183.0
0.289586831695118,-4.55123515881248,0.453987977164709,53.1924791170867,157.82270564648,-68.6991138231232,6,HIIT02,6_HIIT02,HIIT,253,111.0,183.0
2.31213369749002,8.97025514101377,-0.165871084290307,26.5342729195408,159.345724079142,23.6460517455483,16,HIIT01,16_HIIT01,HIIT,90,145.0,207.5
8.16527635936333,7.68784713960241,-0.959855838953304,-47.6803151872982,-116.78852084449,141.641709456006,16,HIIT05,16_HIIT05,HIIT,143,145.0,207.5
-10.7852507416196,26.1173135280804,2.42660627862678,17.4186860372122,77.2703210424756,-74.1570444014069,16,HIIT05,16_HIIT05,HIIT,343,145.0,207.5
3.89825974172163,5.49294836748257,0.365653719121114,-300.752184311829,-128.292674900791,-263.971089361741,6,HIIT06,6_HIIT06,HIIT,136,111.0,183.0
-7.61140390892964,30.8912820784475,0.920767423405377,13.6997923985219,48.5767852440781,-45.9320713705447,16,HIIT04,16_HIIT04,HIIT,348,145.0,207.5
-4.45377185177072,19.3164411182695,-0.307427090103525,30.5436750856001,54.051995177328,2.22439589001782,6,MICT04,6_MICT04,MICT,347,111.0,183.0
-0.200103858498349,-7.64734764269427,0.324153940970189,50.8997729135497,42.2222161977012,25.5512040716528,6,HIIT06,6_HIIT06,HIIT,353,111.0,183.0
0.557159017877202,4.4380208460063,0.152335849317079,-4.3641334373765,-63.210244833299,51.0405860113808,6,MICT06,6_MICT06,MICT,69,111.0,183.0
7.12819949207169,10.3237436978181,1.27978305026986,-53.6715306396952,-112.822521159802,156.174268265615,16,HIIT05,16_HIIT05,HIIT,117,145.0,207.5
0.0058748902101138,-4.26717412406925,0.620171052549226,-4.82270840206666,96.123492302194,-124.728460380095,6,MICT03,6_MICT03,MICT,271,111.0,183.0
1.48553366395913,-1.98019164836627,-1.07987056222368,480.130391214109,18.3472920786999,450.098282017666,6,HIIT02,6_HIIT02,HIIT,191,111.0,183.0
2.54344549501068,-6.40602320872928,-2.57862079607858,7.56099503125002,15.4121096078467,-104.878256862224,16,HIIT04,16_HIIT04,HIIT,217,145.0,207.5
-2.28690236218033,-7.70000733524274,1.33091746958149,12.9455232837219,58.3009342788148,-174.558770837456,16,HIIT06,16_HIIT06,HIIT,289,145.0,207.5
-3.374125325857,-6.70803762105377,1.64230645559353,13.4804593642501,66.3261565467638,-137.554162669737,16,HIIT03,16_HIIT03,HIIT,317,145.0,207.5
-2.650171334156,-6.15141585802267,0.936151699248019,64.3296047221245,89.5667346822643,6.71067278448554,6,HIIT05,6_HIIT05,HIIT,333,111.0,183.0
8.58792580730692,4.43827770642962,-1.47422380818374,-304.448924643452,-25.2909239765109,-277.225407530382,16,HIIT01,16_HIIT01,HIIT,160,145.0,207.5
6.76555289164652,0.735929859715506,-3.04753927660391,-177.05785190374,36.5772739717756,-162.079546733922,16,HIIT02,16_HIIT02,HIIT,177,145.0,207.5
-4.76964494405054,23.3993823887332,0.597259508894625,-19.7743939280784,48.2737643457795,-43.3282394752247,16,MICT05,16_MICT05,MICT,347,145.0,207.5
-0.816496367461726,-9.90022766361903,-0.0678816863136643,21.8249389525624,55.9317163058956,-192.525502732621,16,HIIT03,16_HIIT03,HIIT,262,145.0,207.5
-11.76285146583,-29.314241221415,2.39733729896262,29.8360143668403,36.9800453885684,41.9767387058003,16,MICT03,16_MICT03,MICT,12,145.0,207.5
-0.237313866094841,7.2240661040734,0.442764025032827,-299.45198312246,-171.758558893299,-128.032547995342,6,HIIT04,6_HIIT04,HIIT,75,111.0,183.0
2.82846626587569,4.1748350454883,0.193198880264293,-20.3185513915673,-183.292087049421,70.5119208307299,6,MICT03,6_MICT03,MICT,139,111.0,183.0
0.633990445601874,-5.29131213321867,-0.944615917036695,99.0493025969122,200.093777580211,-22.8266704335335,6,HIIT03,6_HIIT03,HIIT,241,111.0,183.0
-3.45794369093261,4.7546336980104,-0.0499053961302517,-16.6633092836717,15.3190201169147,38.4240948692741,6,MICT01,6_MICT01,MICT,21,111.0,183.0
0.0433043609582665,-9.7379877115244,0.296931611313762,-11.3407250551712,31.4747207753275,-27.583558303908,16,MICT04,16_MICT04,MICT,355,145.0,207.5
2.4523608835813,3.8348283651108,0.335821582320805,-11.8603981817989,-166.968520723969,73.4172150532602,6,MICT02,6_MICT02,MICT,143,111.0,183.0
3.00563634196251,5.66095484161464,0.771118097949348,-12.460021028905,-141.770899438848,83.5166978885268,6,MICT03,6_MICT03,MICT,110,111.0,183.0
4.13873404900119,6.41730031718456,0.246311151373175,-239.375807419168,-168.934875749104,-192.353758129368,6,HIIT03,6_HIIT03,HIIT,125,111.0,183.0
0.639849626203414,-2.7223012609739,-0.697324057047527,14.4069759927631,95.9798037585531,-47.3262096437613,6,MICT01,6_MICT01,MICT,223,111.0,183.0
-0.474018557124746,3.36250253821671,-0.296168307157801,3.04592183256043,-30.9838188226788,47.9294603711453,6,MICT01,6_MICT01,MICT,67,111.0,183.0
5.2052749767303,-1.88937560682088,-2.90019417223686,-66.7731264126742,31.9902186847651,-88.6421895669351,16,HIIT01,16_HIIT01,HIIT,192,145.0,207.5
4.40447531689369,3.46872005129394,-1.0248691031034,-304.261488384804,-113.883909890063,-274.934626477153,6,HIIT03,6_HIIT03,HIIT,150,111.0,183.0
-1.25847770964014,8.59430248572547,0.341692989360229,-3.09466333780406,-35.970264744063,122.584579082254,16,HIIT04,16_HIIT04,HIIT,66,145.0,207.5
0.179470181183699,-3.92986125445512,-0.100947532082787,-26.074424989422,80.9220047692237,-134.053560321219,6,MICT05,6_MICT05,MICT,267,111.0,183.0
1.02903124730878,5.65079524448638,0.268330430661149,4.94626828112807,-47.3740637775708,91.7757238281883,16,MICT01,16_MICT01,MICT,85,145.0,207.5
-3.4621153676579,-8.46205141016154,1.57766533863072,-26.8716441413647,72.3402841651732,-75.5282361563451,16,MICT05,16_MICT05,MICT,338,145.0,207.5
0.903839040402843,-3.07737361645219,-0.495972508768534,488.590083158895,130.715660605987,435.339839140783,6,HIIT02,6_HIIT02,HIIT,206,111.0,183.0
-0.700017510164767,9.29640253530956,0.879394782818552,-20.0721517475463,-42.9006041810975,125.539006179482,16,HIIT05,16_HIIT05,HIIT,72,145.0,207.5
-1.64093001628564,-3.74357178443693,0.578964253856118,-19.8393510887039,73.7166982990045,-134.134995035083,16,MICT01,16_MICT01,MICT,295,145.0,207.5
-1.32836990025719,-3.11138394011273,0.527585824357436,-12.5969504136077,72.9940055914472,-124.974586415706,16,MICT03,16_MICT03,MICT,304,145.0,207.5
1.05604939658646,-1.92749968533106,-1.29535341383781,24.6661816052426,53.4840655454801,15.8345027841963,6,MICT06,6_MICT06,MICT,193,111.0,183.0
-1.02325668181957,-5.52034310053421,0.215374393541483,-1.48270345779052,81.212234636136,-146.723137242265,16,MICT05,16_MICT05,MICT,268,145.0,207.5
-2.94929103200661,-8.09677800707265,0.652620143478744,75.0519765948045,94.695485225577,8.87500830424929,6,HIIT03,6_HIIT03,HIIT,334,111.0,183.0
-4.18066645595724,-3.06010523489701,1.69149335470316,-25.5230783418793,73.1653433529923,-75.2007757345076,16,MICT03,16_MICT03,MICT,340,145.0,207.5
-2.6338968943495,-5.53169550925754,1.27190278374998,101.060559926936,134.447095567014,114.325428771937,16,HIIT02,16_HIIT02,HIIT,305,145.0,207.5
-3.58483727884137,-6.81278630926644,1.78402924944491,-28.5417859770237,72.1338389690849,-86.7430386716836,16,MICT05,16_MICT05,MICT,334,145.0,207.5
-0.598072053309846,-4.43093004438498,-0.25401918901657,2.43323293365625,69.9923867962005,-127.85743412646,16,MICT01,16_MICT01,MICT,255,145.0,207.5
-2.70917982420765,-8.13193798498284,1.31000774966638,15.9364949356906,61.82206927636,-178.181144472823,16,HIIT03,16_HIIT03,HIIT,291,145.0,207.5
8.99836000525353,9.5120267296425,-0.173765736466435,-60.7837482818851,-124.783453699511,157.283345799939,16,HIIT03,16_HIIT03,HIIT,136,145.0,207.5
-0.454951768441672,-3.48800358900745,0.661188577180029,-43.3894045325303,53.3413484110576,-123.736982910433,6,MICT02,6_MICT02,MICT,292,111.0,183.0
0.717116945105952,-8.61171665504625,-1.51556779602908,17.542185883692,46.1919533753158,-165.49562074165,16,HIIT06,16_HIIT06,HIIT,241,145.0,207.5
-2.14816021766248,7.63714178366597,0.456620572672483,-6.22432462250621,-21.8219877708328,113.799815665541,16,HIIT03,16_HIIT03,HIIT,57,145.0,207.5
4.09227951630793,10.4651176761304,1.51756325706909,-42.7264041179393,-88.2430710061142,142.464445958257,16,HIIT03,16_HIIT03,HIIT,97,145.0,207.5
-4.59723199233403,20.0303771807568,0.627037565230886,-27.2023740851789,60.7370484725121,-56.1160105816297,16,MICT01,16_MICT01,MICT,345,145.0,207.5
-1.14046660471444,7.68844796631317,-0.0965898604988903,79.350122965856,144.32532171717,-17.1719480063292,16,HIIT02,16_HIIT02,HIIT,69,145.0,207.5
-1.91021529544692,-8.42633348009927,0.88029666529252,15.0781772955593,57.5548704997924,-182.771040490426,16,HIIT06,16_HIIT06,HIIT,281,145.0,207.5
-4.89228844104982,-3.2858987544419,0.679557983902541,110.47502682312,107.556063274782,36.9645975950143,6,HIIT03,6_HIIT03,HIIT,340,111.0,183.0
1.46037078616318,-8.02795185482961,-1.81126460357007,20.3266788300485,36.2336675766809,-149.219858144785,16,HIIT05,16_HIIT05,HIIT,234,145.0,207.5
0.680322018700192,-6.19222958058634,0.354544105558589,38.8839362439833,164.957175176092,-97.2802433295235,6,HIIT03,6_HIIT03,HIIT,260,111.0,183.0
8.50123108832367,8.77330066653756,0.12889476020908,-50.742029014239,-127.502177788819,151.498076218984,16,HIIT06,16_HIIT06,HIIT,137,145.0,207.5
-1.01321973762262,-5.20873023560243,0.252636306304095,-4.83664956260101,77.9046718701118,-141.851775737408,16,MICT04,16_MICT04,MICT,270,145.0,207.5
2.02820474623162,4.34437954821331,0.443612548751924,0.336288367357439,-93.8190137387291,71.851099437767,6,MICT01,6_MICT01,MICT,104,111.0,183.0
1.47589307564097,-3.52213342601042,-1.68826075164428,20.197391169025,20.9469685095971,-44.3330438136192,16,MICT06,16_MICT06,MICT,214,145.0,207.5
0.140122166048034,-5.44013115221644,0.217558459388774,120.38886216078,148.05885195599,-20.1270995653444,6,HIIT04,6_HIIT04,HIIT,255,111.0,183.0
-15.4680145687321,-14.1596894299676,-72.2655086078601,2203.77826197537,1110.76752526002,1130.66246405863,16,HIIT01,16_HIIT01,HIIT,270,145.0,207.5
3.26567802946512,10.6614730113593,1.04375283806437,-44.6210766227746,-87.2010608367858,142.615398798837,16,HIIT05,16_HIIT05,HIIT,94,145.0,207.5
0.781639921445337,-5.18532137268444,1.11373157434651,72.6062370330765,170.386304783646,-52.3216809190443,6,HIIT01,6_HIIT01,HIIT,250,111.0,183.0
8.21034527326117,11.1223311238841,1.39915626634623,-66.0551914847573,-127.777804976316,159.941576742554,16,HIIT03,16_HIIT03,HIIT,120,145.0,207.5
2.85097603825851,5.12755220956596,1.03998317676413,-12.1517274983625,-160.169405621768,82.5068703940153,6,MICT05,6_MICT05,MICT,115,111.0,183.0
-0.850603560294555,9.01133457721629,0.44765405509446,-6.46027106317065,-42.3234224191838,124.745601175233,16,HIIT04,16_HIIT04,HIIT,69,145.0,207.5
4.16666974271229,4.09759435145317,-0.580916202643777,-250.982917042802,-119.585669300737,-213.991070056397,6,HIIT01,6_HIIT01,HIIT,149,111.0,183.0
1.67849089564242,7.24285814790225,-1.47385098304475,-261.492995860914,-174.143197624826,-133.763491553591,6,HIIT04,6_HIIT04,HIIT,90,111.0,183.0
2.7784193983571,7.05857237292439,-2.37229987645193,-293.85131021227,-198.078279010023,-187.339698519074,6,HIIT01,6_HIIT01,HIIT,91,111.0,183.0
0.655666716661028,-5.18200308958296,-0.1490978009694,131.503476019853,169.318434114204,9.4685839928896,6,HIIT06,6_HIIT06,HIIT,241,111.0,183.0
-3.20735633307133,4.5664103209046,0.522719378547695,-126.069328192478,-82.9945558397066,13.5001682780902,6,HIIT01,6_HIIT01,HIIT,34,111.0,183.0
-0.115332554796777,1.41351222737616,-0.0916814778217564,20.4331732425066,24.3117484561317,34.8763972953721,6,MICT05,6_MICT05,MICT,0,111.0,183.0
-3.94628832067396,-11.5116464133767,1.21558618847151,-1.83465349572948,16.3946183297413,21.8136860489391,6,MICT04,6_MICT04,MICT,8,111.0,183.0
-9.45527999857995,43.239189810241,2.37227826138465,23.8978641794083,64.5806944420563,-54.6706061340329,16,HIIT03,16_HIIT03,HIIT,346,145.0,207.5
7.36025833781608,10.1371212638626,1.34651388877412,-62.4629296528746,-120.685879243695,152.28200054775,16,HIIT03,16_HIIT03,HIIT,119,145.0,207.5
-6.55102252666525,-15.3721332897754,1.6798305170864,20.2012984564792,28.2383873808045,59.5960293748843,6,MICT05,6_MICT05,MICT,14,111.0,183.0
-0.785288088754512,-3.60194664934209,0.364508468429846,-19.9049076083639,60.5561407643801,-73.975810144322,6,MICT01,6_MICT01,MICT,327,111.0,183.0
1.70466861331348,2.27367403251624,-0.574563529459878,-0.785030696170753,-141.46762260121,63.0723681299637,6,MICT01,6_MICT01,MICT,159,111.0,183.0
8.0852516468725,10.0613174342972,1.40963827276309,-53.0405675314569,-128.381708522752,158.584433983161,16,HIIT06,16_HIIT06,HIIT,122,145.0,207.5
-1.87386047483369,-4.21984957079041,0.878942324313895,0.651490239499642,70.8313627867267,-122.468223264228,16,MICT06,16_MICT06,MICT,299,145.0,207.5
2.42593614939365,-0.795678439935662,-1.86196407188819,219.292235586689,-41.3872245402932,224.825491106052,6,HIIT01,6_HIIT01,HIIT,178,111.0,183.0
3.16018035982267,7.28705314244362,0.561170553451222,-194.052657168482,-160.619790120503,-119.889705808278,6,HIIT04,6_HIIT04,HIIT,111,111.0,183.0
3.33255001818281,2.50478395794783,-0.814113452403161,-194.232943797619,-114.590358882752,-182.813176614032,6,HIIT02,6_HIIT02,HIIT,152,111.0,183.0
0.113761102201291,2.43294567395986,-0.340475505712944,76.003427793759,54.9461572192166,-51.506150934168,16,HIIT02,16_HIIT02,HIIT,0,145.0,207.5
-1.56620107759351,-4.43825133739583,0.511375878519447,-6.78184816708658,76.6520039335918,-130.973181397463,16,MICT04,16_MICT04,MICT,291,145.0,207.5
2.84575386775513,0.347827684387518,-1.70088773085045,5.75303396107646,-58.1868574943417,50.0942012046704,16,MICT02,16_MICT02,MICT,182,145.0,207.5
-0.97959198402878,-5.109719148499,0.192952570839214,-1.99330080032788,78.0117783066599,-141.690390016121,16,MICT05,16_MICT05,MICT,269,145.0,207.5
-6.78268665368602,11.1709957094795,-0.738721739888945,48.8141176518061,69.0944776824512,83.3259949621549,16,HIIT04,16_HIIT04,HIIT,19,145.0,207.5
2.30368113899244,3.2054139743484,0.338623571921761,-20.5101943158532,-165.047517948688,57.9742061745218,6,MICT04,6_MICT04,MICT,147,111.0,183.0
-0.486902230400156,-2.8771593812668,0.15585670677806,-34.9322372468662,74.4952634909295,-93.3881578423919,6,HIIT02,6_HIIT02,HIIT,307,111.0,183.0
0.375619277585674,-3.75389323108922,1.18466744994008,-34.0232296183697,69.8630669504587,-129.219195521593,6,MICT05,6_MICT05,MICT,274,111.0,183.0
0.230946300525679,-6.3049421439823,1.23931595752863,-44.8735300244787,98.9374920896459,-130.589464170134,6,HIIT01,6_HIIT01,HIIT,282,111.0,183.0
-8.32234170639973,-24.9474074091047,3.02859133255452,-3.30231803998397,20.345554539512,39.8834958164069,6,MICT03,6_MICT03,MICT,12,111.0,183.0
-0.685890948446687,-9.08907984745776,-0.246022845935317,20.8926046124043,56.9774866824882,-187.434605454602,16,HIIT06,16_HIIT06,HIIT,262,145.0,207.5
8.43203974690912,9.32032065898608,0.635203650537761,-53.7388855781242,-131.712397659875,155.647788259391,16,HIIT06,16_HIIT06,HIIT,131,145.0,207.5
-0.758552156407068,2.96115021952505,-0.413148851228809,-3.07908906869913,-25.75786966531,42.3826705964986,6,MICT01,6_MICT01,MICT,61,111.0,183.0
0.745090295767241,-3.23108840908099,-0.343550408109501,-11.8730433410135,97.9412832519299,-97.2385462029593,6,MICT02,6_MICT02,MICT,235,111.0,183.0
0.672858039970519,-4.92993200087707,-0.0802015432370027,199.483286312645,200.603532640529,70.2520443776094,6,HIIT05,6_HIIT05,HIIT,237,111.0,183.0
-2.07802388678939,-4.09813906550335,1.16625779859582,-15.4864343113451,72.8609314311378,-109.449489755982,16,MICT03,16_MICT03,MICT,321,145.0,207.5
2.45889526962704,4.57470797290574,0.695862293677223,-8.07810674048936,-134.891254414497,82.1221088930257,6,MICT01,6_MICT01,MICT,121,111.0,183.0
1.10315535717695,-2.61282091069872,-1.14660591420895,31.7635158413753,83.7933659825319,-7.3435787614926,6,MICT03,6_MICT03,MICT,205,111.0,183.0
-5.47751577005192,6.18885001734195,-0.0413567050050467,12.6471643718116,18.0324737090088,105.055225307083,16,HIIT03,16_HIIT03,HIIT,37,145.0,207.5
8.2601858566873,8.3542075254794,-0.562340294158813,-51.8471555336899,-121.282869157558,145.868851014405,16,HIIT05,16_HIIT05,HIIT,139,145.0,207.5
-5.8395296078685,6.59229448721903,-0.0700448840179611,15.3218030926485,22.755209390112,103.116097107545,16,HIIT03,16_HIIT03,HIIT,35,145.0,207.5
4.11551608547551,5.39573292483129,0.831605539582388,-13.7793964916687,-86.836622910533,101.011720870917,16,MICT01,16_MICT01,MICT,113,145.0,207.5
-0.520092129015234,-2.13289956019645,0.484966421333972,-18.6241959525696,64.9315018336099,-74.5127705503373,6,MICT04,6_MICT04,MICT,313,111.0,183.0
4.86765718651997,3.16832225232065,-1.13859229665368,-17.1603649224641,-119.836729182108,84.3057234980743,16,MICT05,16_MICT05,MICT,160,145.0,207.5
7.56046091920158,6.42286867321405,-2.92812773441018,-394.559393296718,-106.517363533859,-300.2623099122,16,HIIT01,16_HIIT01,HIIT,149,145.0,207.5
-6.9507852499122,4.75865098596972,-0.293206314153755,32.6364177321179,39.7958145872284,102.337258069222,16,HIIT04,16_HIIT04,HIIT,30,145.0,207.5
-1.64884385871553,1.82126370524738,-0.0351009176852585,14.7945793382917,27.8020770365807,19.9751115393181,16,MICT06,16_MICT06,MICT,5,145.0,207.5
-0.879452296831338,2.33377162048015,-0.0114695327053645,1.93401089399463,19.3554437148626,14.5543587812761,6,MICT01,6_MICT01,MICT,2,111.0,183.0
-4.55951593960769,5.25253913576001,-0.310370503938528,12.4720023983488,19.6022339009897,108.37295688478,16,HIIT06,16_HIIT06,HIIT,40,145.0,207.5
1.48262870939948,-4.3249254548471,-0.61393656264566,475.137840770607,121.652013131766,370.902421119958,6,HIIT04,6_HIIT04,HIIT,214,111.0,183.0
0.387720741560558,-6.95635921332588,-1.35616582065532,187.102397342828,76.5678894615838,144.261484040227,16,HIIT01,16_HIIT01,HIIT,238,145.0,207.5
-3.21046644641728,-4.30075073298179,1.74261864186513,-21.4268144409889,71.5876493816843,-97.7837077309567,16,MICT03,16_MICT03,MICT,329,145.0,207.5
1.32888887034721,-9.21749616876291,-1.94873704557896,20.8151814135586,35.8841091870259,-153.583356037153,16,HIIT03,16_HIIT03,HIIT,235,145.0,207.5
-3.39962940589313,6.44654890041839,-0.38407391855788,6.23931391089982,3.67439314829254,118.163419769154,16,HIIT06,16_HIIT06,HIIT,48,145.0,207.5
-1.86743743310041,-8.50190598170213,0.834558904774772,14.9984519535096,57.2121999912033,-183.843006443233,16,HIIT06,16_HIIT06,HIIT,280,145.0,207.5
-3.3098314939194,13.4201012559293,0.417240983413809,-17.0879686609154,37.7748450748994,-34.4220611884119,16,MICT05,16_MICT05,MICT,349,145.0,207.5
5.03489027863409,5.25845538404657,0.0997050375884539,-50.905216004867,-139.425187995361,92.8033259061303,16,MICT03,16_MICT03,MICT,136,145.0,207.5
6.87232097057191,4.11242855860505,-2.22771402189381,-24.3488053871252,-72.8657223409453,111.554600954514,16,HIIT04,16_HIIT04,HIIT,163,145.0,207.5
-0.506369371691061,2.30243930263459,-0.731133548457583,2.25709465998981,-14.7779546497291,51.2829905619697,6,MICT04,6_MICT04,MICT,48,111.0,183.0
0.978568966294774,-3.93369103389406,-1.4481857202761,14.0340578289285,39.3537453343182,-69.0669587003787,16,MICT05,16_MICT05,MICT,222,145.0,207.5
0.720237414048838,-4.84547990737851,-0.210168472763194,223.415598722082,199.902544273009,101.266470430779,6,HIIT05,6_HIIT05,HIIT,232,111.0,183.0
2.58464738522904,5.1880264837235,0.848480841621864,6.33989846011243,-140.861414326792,100.305890473254,6,MICT06,6_MICT06,MICT,112,111.0,183.0
-12.2633765160665,8.39484249672074,-33.6886844013446,-516.176836146157,-217.186506540747,-317.110803777151,16,HIIT02,16_HIIT02,HIIT,135,145.0,207.5
-8.80366443831669,20.656421817959,1.7505232926201,70.5187688084826,-48.0706576647212,-121.536869178195,16,HIIT01,16_HIIT01,HIIT,343,145.0,207.5
-2.56098577737814,-6.17085251297615,1.47417339917452,8.21002135597705,65.0220333468772,-142.567351990314,16,HIIT05,16_HIIT05,HIIT,313,145.0,207.5
0.372939391852074,-3.72456281234049,0.784921073900304,-21.9253591822856,79.1055826002845,-130.068774725585,6,MICT02,6_MICT02,MICT,270,111.0,183.0
-0.214382637399948,-3.02410743560787,1.05134658938082,-36.4848264337472,54.6846036008771,-108.912106292158,6,MICT01,6_MICT01,MICT,297,111.0,183.0
3.67949105843565,6.08353198231818,1.14302786087699,-0.88146598045043,-82.6491087964505,107.21617980319,16,MICT04,16_MICT04,MICT,104,145.0,207.5
1.40415682568031,-2.44190305831858,-1.24050653433557,483.595174193276,44.1353374711561,448.128852512063,6,HIIT02,6_HIIT02,HIIT,195,111.0,183.0
6.57397098116765,-0.158534223345834,-3.05962123207008,-143.722088494158,41.2186109249501,-134.460145574155,16,HIIT02,16_HIIT02,HIIT,181,145.0,207.5
0.917519530307419,5.78742112509237,0.509083383610416,18.2802456366762,-50.350240764074,92.5979779246265,16,MICT02,16_MICT02,MICT,82,145.0,207.5
-3.07529655760487,-4.49398875552358,1.52493735964246,-32.7799909565495,72.078870024891,-95.5644152995349,16,MICT01,16_MICT01,MICT,332,145.0,207.5
-2.3498959975104,-7.82564422788468,1.07875100696503,9.50850252406629,61.1897265516251,-184.796589689275,16,HIIT04,16_HIIT04,HIIT,286,145.0,207.5
3.12255283295243,-6.63401866796287,-2.56398297563178,126.0579125723,64.1708621929199,95.1769940613075,16,HIIT02,16_HIIT02,HIIT,219,145.0,207.5
3.52686375870765,5.27822304549723,0.0851641956715221,-197.810922301168,-169.706482178391,-159.274217345025,6,HIIT02,6_HIIT02,HIIT,125,111.0,183.0
1.07423543506651,-8.27089386309347,-1.9043361120697,16.5568511087972,43.2182438043532,-157.692764596295,16,HIIT06,16_HIIT06,HIIT,237,145.0,207.5
1.35635815796732,7.94114871296329,0.452929083907801,32.2966219203044,135.823250575054,-0.052366230269224,16,HIIT01,16_HIIT01,HIIT,84,145.0,207.5
-0.8229874839363,-3.43713906811547,0.569893264936973,-28.6285798100003,69.404037743442,-113.591121064469,6,MICT03,6_MICT03,MICT,295,111.0,183.0
0.24373823496784,-5.23231164673566,-0.968390746462707,13.7221598343398,71.1779722702926,-110.906356284645,16,MICT05,16_MICT05,MICT,240,145.0,207.5
3.40420335551905,6.0186781001123,0.814295912591983,0.900369673814011,-79.1324223761536,105.240103456208,16,MICT04,16_MICT04,MICT,101,145.0,207.5
-18.7470900657979,-50.439402524925,4.85990420379804,31.3374038358408,51.9503103033076,44.3641775787386,16,HIIT06,16_HIIT06,HIIT,11,145.0,207.5
-1.63845985854165,2.8351006471611,-0.694724795779938,-17.9579564348142,-6.674937069848,48.3492716630408,6,MICT06,6_MICT06,MICT,33,111.0,183.0
3.24754071714818,6.0030363629936,0.768506976361475,1.20297220469995,-77.1456882825942,103.341198318954,16,MICT04,16_MICT04,MICT,99,145.0,207.5
-0.366872969585333,-4.68781585485239,1.04064307760574,-18.5543945364642,91.5014929347817,-112.617395686351,6,HIIT02,6_HIIT02,HIIT,282,111.0,183.0
6.61307711531603,0.0536617978502866,-3.04913417520611,-152.137114541301,40.2255455888003,-141.419002534089,16,HIIT02,16_HIIT02,HIIT,180,145.0,207.5
0.64411621513654,-4.13537446091599,-0.124477175098312,-19.0628393788496,99.1237123461819,-135.003868707481,6,MICT03,6_MICT03,MICT,245,111.0,183.0
-6.28200749477201,13.0375110457236,-0.534752398487218,40.7311476776969,60.3432228416658,81.196060414989,16,HIIT03,16_HIIT03,HIIT,21,145.0,207.5
0.151641796699872,-3.54741736721653,-0.373449116525568,-28.9991446141171,78.3660579958372,-138.751682542023,6,MICT02,6_MICT02,MICT,262,111.0,183.0
3.90866211155292,1.73559412061023,-1.45063862853067,-5.0061812072934,-88.4051681765279,72.0217020837,16,MICT03,16_MICT03,MICT,169,145.0,207.5
1.52024255517984,-3.51583824935228,-1.75080182771861,17.5531462101301,23.4819178587543,-44.7228385277929,16,MICT05,16_MICT05,MICT,213,145.0,207.5
0.263887075040424,-5.49855083277403,1.12447858633397,163.551039115702,165.851904512282,15.2872245711333,6,HIIT04,6_HIIT04,HIIT,249,111.0,183.0
5.67234069564326,5.9834148166881,0.652036269881617,-52.0998373147704,-146.668104531436,95.6374923077966,16,MICT05,16_MICT05,MICT,131,145.0,207.5
0.387601987023283,5.37857078381557,0.178274745072949,11.3054437783438,-46.2186145793445,86.1522468773228,16,MICT04,16_MICT04,MICT,77,145.0,207.5
1.66023974720889,-3.25171505934746,-1.76960696838296,19.9701426941567,14.8930956173846,-36.1476877793616,16,MICT06,16_MICT06,MICT,211,145.0,207.5
1.51260216971022,-2.334811714654,-1.07894940217409,501.869098893794,32.0238435098891,467.979235619471,6,HIIT02,6_HIIT02,HIIT,193,111.0,183.0
-3.12732953820196,2.25193131552477,-0.507709084272434,-22.8412084568182,3.68965773700249,43.4964353922027,6,MICT06,6_MICT06,MICT,25,111.0,183.0
3.46677364484459,7.19102937142078,1.33060121398286,-169.534896902019,-158.393421147355,-131.564188847592,6,HIIT06,6_HIIT06,HIIT,120,111.0,183.0
-1.20572677709481,5.38840129209508,0.56245679093855,-224.611378855516,-144.094091482339,-64.6152621106104,6,HIIT05,6_HIIT05,HIIT,57,111.0,183.0
-4.10635426004531,-8.37822046693751,2.62084283309413,13.337123321848,67.0457958602289,-125.497428680739,16,HIIT06,16_HIIT06,HIIT,323,145.0,207.5
-0.108726993545499,-4.77632145824895,-0.81659611104013,0.61993939465654,69.2785124483662,-113.403203576723,16,MICT02,16_MICT02,MICT,240,145.0,207.5
4.41623677258568,10.6694138202132,1.39988692115988,-47.3524705997344,-94.1467504014354,147.978169615963,16,HIIT05,16_HIIT05,HIIT,100,145.0,207.5
-21.1566382528077,-41.7381698156291,6.28255741863308,126.203852712739,91.7969537306115,-86.50486501711,16,HIIT01,16_HIIT01,HIIT,13,145.0,207.5
-0.102454253150257,-5.08445589682349,1.2357639456973,-17.6523197469894,93.3739275740378,-83.7614739407702,6,HIIT01,6_HIIT01,HIIT,298,111.0,183.0
1.22991656175104,-2.14854060160935,-1.37903011562343,30.2641033047105,55.1278924665982,6.75689118918951,6,MICT04,6_MICT04,MICT,198,111.0,183.0
-0.442281895414946,-3.9560506876258,0.52283411047213,-40.3553748080368,65.8724296799656,-122.357735111961,6,MICT05,6_MICT05,MICT,285,111.0,183.0
-4.85638578499435,8.56454707572524,1.39168545508339,-79.0186681482448,-40.0904311187718,32.6429762694147,6,HIIT01,6_HIIT01,HIIT,22,111.0,183.0
2.78866438190628,-1.20055278477305,-1.96335235482957,14.6899185309438,-30.9485486191214,16.8188890090341,16,MICT06,16_MICT06,MICT,192,145.0,207.5
-0.90201896165637,-5.55369952805636,0.263663457856709,1.67690372196922,82.4793480942148,-144.103111122819,16,MICT05,16_MICT05,MICT,265,145.0,207.5
2.3269154490779,-1.94922741254605,-1.80843146171409,471.13908738385,-30.594672408343,458.917828196974,6,HIIT03,6_HIIT03,HIIT,186,111.0,183.0
3.1966527838724,7.337765595801,-1.20036859202704,-233.912432568294,-184.009664892889,-159.908393577877,6,HIIT03,6_HIIT03,HIIT,99,111.0,183.0
1.12714944146658,-4.30209650629462,-1.28595472905773,597.48992005452,167.497959018768,540.854979107216,6,HIIT03,6_HIIT03,HIIT,209,111.0,183.0
2.74043187338181,10.2740958218215,1.34500561304507,-36.8914302959325,-78.6332705637657,136.077332753906,16,HIIT03,16_HIIT03,HIIT,90,145.0,207.5
-1.57594395652486,-3.75425279823905,0.503418210857998,18.7547875019731,76.0687129356063,-45.8296742891611,6,MICT06,6_MICT06,MICT,327,111.0,183.0
4.00457450155709,6.38144180812518,1.67374343561794,-17.7940038770033,-91.8179144332868,103.018685048122,16,MICT03,16_MICT03,MICT,109,145.0,207.5
-6.32232057515623,1.71227411803878,1.10469651137089,-41.2504141381666,0.123298101576493,55.9054244218951,6,HIIT06,6_HIIT06,HIIT,17,111.0,183.0
2.33923458223001,-0.607188528909496,-1.8031165643423,9.12897701233316,-36.2577750374808,27.8561991717923,16,MICT02,16_MICT02,MICT,190,145.0,207.5
-2.44004981648597,2.84589737546383,-0.73192777870644,-12.2199771812508,-13.5258103092844,62.2504062723976,6,MICT03,6_MICT03,MICT,32,111.0,183.0
3.59911715870137,3.68738963338106,-0.283138638734618,-232.703415484701,-108.99298235617,-198.636359999639,6,HIIT01,6_HIIT01,HIIT,151,111.0,183.0
3.65198339679363,3.59456727928412,-0.731304806273876,-250.763049927367,-144.325228587403,-225.946759060246,6,HIIT02,6_HIIT02,HIIT,141,111.0,183.0
-4.32859754132173,0.884540019574105,0.177297478044445,17.7872123155565,26.7873026334465,67.1697525768856,6,MICT05,6_MICT05,MICT,17,111.0,183.0
2.27489281105489,3.60934709342077,0.134807277538838,-0.889396508124806,-170.934981130653,76.1005050318567,6,MICT05,6_MICT05,MICT,142,111.0,183.0
0.530458758816164,-6.43398756546813,0.159817406375488,-37.4711450744647,111.157747313274,-138.903989935815,6,HIIT01,6_HIIT01,HIIT,273,111.0,183.0
3.44293886234218,6.0405682902244,-0.308749651748165,-136.280825389046,-151.489157972183,-96.6922957587378,6,HIIT06,6_HIIT06,HIIT,110,111.0,183.0
2.70858272236949,-5.34850473865107,-2.26695110141251,110.751402749928,46.6005514374623,67.7881211756183,16,HIIT01,16_HIIT01,HIIT,217,145.0,207.5
0.659673609677586,-6.1982327128232,-0.050972165279719,34.3775696123267,167.252753079027,-102.509542453966,6,HIIT03,6_HIIT03,HIIT,256,111.0,183.0
-4.38574423505588,4.26621094753442,0.313776033005197,-115.87204725805,-68.2715855031389,25.5236696337107,6,HIIT03,6_HIIT03,HIIT,30,111.0,183.0
3.26617927253122,-1.10773029041999,-2.03745976517805,178.187590583954,-55.7065372059724,162.791676722011,6,HIIT06,6_HIIT06,HIIT,179,111.0,183.0
5.18401948213075,-1.89392045883068,-2.97334063802665,-57.9921963252733,45.3949965579308,-62.8728316805663,16,HIIT02,16_HIIT02,HIIT,191,145.0,207.5
-5.70388841474647,6.13591927887249,-0.082575320667916,17.3037327597604,26.2420622368907,95.9936154840948,16,HIIT03,16_HIIT03,HIIT,33,145.0,207.5
-1.43025363453902,-4.54952036953164,0.333460873695557,-13.1089371390396,73.2558374938232,-143.582857430978,16,MICT01,16_MICT01,MICT,278,145.0,207.5
-8.54833035328405,-21.0146976873432,1.65904951440484,17.016009773339,24.8528968883878,25.8388934883861,16,MICT04,16_MICT04,MICT,9,145.0,207.5
-0.629256174959572,-5.14983161875452,0.128983314647751,6.70909118627315,81.3979385946724,-134.072347414558,16,MICT05,16_MICT05,MICT,261,145.0,207.5
2.34810969874874,-0.552244094859027,-1.54989735835043,198.509933166491,-59.1485647461917,185.447928763416,6,HIIT02,6_HIIT02,HIIT,176,111.0,183.0
-1.9807986650935,3.71216488658931,-0.236245167453997,-129.46879790302,-82.4253570043621,16.408447663729,6,HIIT05,6_HIIT05,HIIT,42,111.0,183.0
-0.67465274019118,-4.37283845047938,0.413518906588217,-17.0212014483556,91.0775098167863,-100.139933573088,6,HIIT02,6_HIIT02,HIIT,292,111.0,183.0
2.94033901022795,5.6584027727621,1.10992396289299,-3.63393854781198,-120.6683502238,84.5653810941465,6,MICT03,6_MICT03,MICT,103,111.0,183.0
-1.68589959716832,-4.53895822163793,0.816923412280652,-6.54198769030387,76.4589990101028,-128.501741217983,16,MICT05,16_MICT05,MICT,292,145.0,207.5
-0.328586874809998,-3.63256684309754,0.960977208436731,-25.0660337843413,63.2995385748873,-103.372450391975,6,MICT06,6_MICT06,MICT,290,111.0,183.0
3.28186751411112,-4.59293246338358,-2.56375506438522,13.2864225252777,2.57713155369097,-69.9960984427738,16,HIIT05,16_HIIT05,HIIT,209,145.0,207.5
5.27533977242227,5.24240623379667,0.304582003742768,-35.8432618483078,-133.891911382432,105.288756557488,16,MICT02,16_MICT02,MICT,138,145.0,207.5
1.58307387266057,-2.72320610850198,-1.73143339186109,461.435772928228,38.5622128437811,442.938759258824,6,HIIT01,6_HIIT01,HIIT,193,111.0,183.0
1.00142447614661,-0.979497423125629,-1.25261395993085,31.4490238173028,9.01223429722991,37.2854962449012,6,MICT05,6_MICT05,MICT,184,111.0,183.0
-0.542421691491441,9.27242559543132,0.538350582996401,-8.72940135280596,-46.5744095699954,126.251439586987,16,HIIT04,16_HIIT04,HIIT,71,145.0,207.5
-0.994509280133736,8.87403826877938,0.409020744195375,-5.33614843301199,-40.2048193968759,124.010891045608,16,HIIT04,16_HIIT04,HIIT,68,145.0,207.5
4.21885058480227,2.89566111508283,-0.920287851015718,-12.6021753805359,-109.800321819347,92.4043528235273,16,MICT02,16_MICT02,MICT,161,145.0,207.5
1.61337169615949,4.37710833662478,-0.0064878843854295,0.0180512091609652,-78.3960968460284,64.6890172817569,6,MICT01,6_MICT01,MICT,94,111.0,183.0
1.47237322080384,-0.120242023427592,-1.57600803534712,53.7099019192991,-39.4159562599038,78.4409660307734,6,MICT03,6_MICT03,MICT,176,111.0,183.0
-3.04789315397096,10.9314936832216,-0.148667292501358,23.2627948171465,43.348828531638,5.34707991443553,6,MICT05,6_MICT05,MICT,349,111.0,183.0
3.99726722245909,5.29389982609219,0.105126380505089,-343.322561083003,-129.705126365864,-301.628001195398,6,HIIT05,6_HIIT05,HIIT,137,111.0,183.0
-3.99524171154977,2.97102767926435,0.192100731205308,-11.1838935113978,23.3287880222998,37.6574681432243,6,MICT01,6_MICT01,MICT,18,111.0,183.0
1.71508133027841,6.03767773770357,0.665438676208658,2.65713566972128,-60.8920108271642,95.0052626002618,16,MICT03,16_MICT03,MICT,89,145.0,207.5
-0.216468433604778,-6.10415260877322,0.482393065768227,-16.4422674755482,103.702343596459,-113.338899241964,6,HIIT03,6_HIIT03,HIIT,286,111.0,183.0
4.3658124099857,3.57849711812959,-0.493289858925055,-27.2016488119444,-125.014750570999,93.3704933812448,16,MICT02,16_MICT02,MICT,153,145.0,207.5
-2.59034339998783,5.99880256398925,-0.365218216427701,121.918865970609,133.573666517777,-54.2814158894618,16,HIIT01,16_HIIT01,HIIT,57,145.0,207.5
4.57485098490195,5.73988113977685,-0.564364575019737,-324.49946660142,-144.019452724028,-263.271636107231,6,HIIT04,6_HIIT04,HIIT,132,111.0,183.0
-1.09593327435314,4.74099044969957,0.637016019966671,-192.923586728354,-129.364498318399,-45.8951765555988,6,HIIT06,6_HIIT06,HIIT,56,111.0,183.0
0.998287234004145,-4.17721766685261,-1.3324376332679,489.577716150527,140.443161735973,440.840992402694,6,HIIT01,6_HIIT01,HIIT,206,111.0,183.0
4.59606983548743,5.23590072942336,-0.321061634789288,-312.587966948223,-146.456682202256,-265.82543697146,6,HIIT01,6_HIIT01,HIIT,140,111.0,183.0
-4.66722100327831,3.77475548725136,0.554861262820338,-112.358278251773,-64.2169752517609,26.5877552568582,6,HIIT03,6_HIIT03,HIIT,29,111.0,183.0
-4.02924329520022,-6.55041162039826,1.18782927878939,76.1779992158358,-121.95365210901,-141.52590132862,16,HIIT01,16_HIIT01,HIIT,317,145.0,207.5
-0.503371356221078,4.78894778233472,-0.115477314785591,18.3212343111081,-30.6868371235196,82.3392066427323,16,MICT04,16_MICT04,MICT,68,145.0,207.5
0.487845134858333,10.4618809278894,1.14222044687861,-28.1864683564539,-61.7264770864054,128.440811108003,16,HIIT03,16_HIIT03,HIIT,77,145.0,207.5
-0.689346864497975,3.6185273276606,-0.26058518697559,15.3900767332369,30.7592015501906,18.9171457007038,16,MICT06,16_MICT06,MICT,2,145.0,207.5
-1.63044803959977,-4.88246144816069,1.0775666419503,27.6016055981306,29.2294522902522,44.4264910983555,16,HIIT02,16_HIIT02,HIIT,352,145.0,207.5
8.09417311911681,8.25960795133964,-0.47872106394907,-54.593690238187,-114.691299291261,148.136532324982,16,HIIT03,16_HIIT03,HIIT,139,145.0,207.5
-2.18673372385732,-4.19385649873137,0.897825653255491,9.54269670593616,77.5157758410936,-35.9329198156655,6,MICT05,6_MICT05,MICT,332,111.0,183.0
-1.36414869069956,1.27341080807645,-0.0252653251957164,11.2306635356494,16.9700505198483,23.7995439549366,6,MICT02,6_MICT02,MICT,5,111.0,183.0
2.12210699596801,2.75119176799773,0.281718258958586,-24.4604298500041,-159.385468035475,48.1298802433952,6,MICT04,6_MICT04,MICT,150,111.0,183.0
-7.86190736352171,-25.1861079623284,3.03866546393545,-3.6866450095682,17.9981435967376,35.0711869764737,6,MICT03,6_MICT03,MICT,11,111.0,183.0
-2.23214988184351,-8.10159819982487,1.20264215591736,13.9935293546755,60.8540127222163,-176.895953002993,16,HIIT05,16_HIIT05,HIIT,286,145.0,207.5
3.49614298900435,1.86431076246099,-1.43692866330172,-177.08964121898,-85.0513766642429,-149.599738132467,6,HIIT01,6_HIIT01,HIIT,159,111.0,183.0
4.43696606864483,9.25367083485947,3.31156751226062,-14.2970627622573,159.555290788634,51.5481353036257,16,HIIT02,16_HIIT02,HIIT,90,145.0,207.5
-1.32769619211451,-2.67750992997387,0.452831495224982,-28.9409662906398,71.6343648731734,-125.276703404072,16,MICT01,16_MICT01,MICT,311,145.0,207.5
0.290162921408207,-8.82197278692255,-0.970770313392181,24.9420059803929,54.921136508536,-174.7294021046,16,HIIT05,16_HIIT05,HIIT,250,145.0,207.5
4.89818199867375,1.55087478276416,-2.05901335615266,-150.895064373361,-76.4290805192402,-144.620827553902,6,HIIT04,6_HIIT04,HIIT,159,111.0,183.0
-4.41649786893538,4.31083105091767,0.516396819154607,-97.4646540652542,-39.3452178822972,45.4665772746665,6,HIIT04,6_HIIT04,HIIT,30,111.0,183.0
-2.98358617427878,6.23188150314725,-0.264536717814569,13.3685177252304,-3.41999411794675,115.850130748038,16,HIIT04,16_HIIT04,HIIT,50,145.0,207.5
1.64025328135899,-2.10978291427725,-1.3789576344738,30.0520987168424,-2.79109921844125,-15.1809680988641,16,MICT01,16_MICT01,MICT,208,145.0,207.5
3.33059594944922,5.37058079752025,0.398328516542854,-9.02529780277883,-76.3686621908507,98.5956507794524,16,MICT01,16_MICT01,MICT,106,145.0,207.5
0.766048347611257,-4.79142268762034,-0.537513856375657,405.36417800618,235.153297628115,318.82008901937,6,HIIT03,6_HIIT03,HIIT,221,111.0,183.0
-1.44673848541992,-6.22141017012661,0.490912662796083,30.7169710824887,93.5839585562036,-38.9125037342714,6,HIIT03,6_HIIT03,HIIT,322,111.0,183.0
-1.66090176882008,2.81918035994247,-0.421913225534929,26.8760107354796,-1.5634987591839,81.0643656130912,16,MICT04,16_MICT04,MICT,44,145.0,207.5
4.82026644197905,-2.75427627303624,-2.90267398603148,-27.0102042271308,34.4120805697166,-55.0914868215505,16,HIIT01,16_HIIT01,HIIT,197,145.0,207.5
5.06295597546664,4.98478470783093,-0.0031841733182486,-42.9887847590804,-134.499384748966,94.778831280886,16,MICT03,16_MICT03,MICT,140,145.0,207.5
2.38079082665422,5.96985481770257,-0.764909716653222,-141.472284804288,-157.846616221221,-77.7995553595437,6,HIIT02,6_HIIT02,HIIT,96,111.0,183.0
2.14303510219678,-7.92127064481463,-2.63942492537139,8.89823040533599,26.1940127224154,-131.168100800679,16,HIIT06,16_HIIT06,HIIT,223,145.0,207.5
-7.19728685895419,3.35711524280347,2.31431584725019,73.7911602670032,-55.1508212287616,-129.678853970607,16,HIIT01,16_HIIT01,HIIT,341,145.0,207.5
1.64048602909996,5.24113406754869,0.266037882637151,-16.3285797988273,-98.4761138637566,61.1034659915219,6,MICT03,6_MICT03,MICT,85,111.0,183.0
1.14998059572354,-8.23888894213103,-1.70714731835589,22.0074565520044,43.9430249664404,-161.033279373544,16,HIIT05,16_HIIT05,HIIT,240,145.0,207.5
0.638203596670306,-3.84831899025875,-0.064008057127218,-10.595992028059,92.1077565577873,-115.092853204857,6,MICT04,6_MICT04,MICT,241,111.0,183.0
-0.670697290020261,2.55884511072976,-0.75620765081672,-1.41981317563206,-24.0818659028384,60.6111838568666,6,MICT05,6_MICT05,MICT,46,111.0,183.0
2.74076360860607,-1.30045728264394,-2.05812319801817,18.2068550714965,-27.3314984254123,17.1715846502376,16,MICT05,16_MICT05,MICT,193,145.0,207.5
6.29085719376855,10.445477416653,1.41273610421531,-40.3640894198697,-106.692378152016,158.355333968528,16,HIIT06,16_HIIT06,HIIT,108,145.0,207.5
-4.2777428407915,5.38696618345939,-0.0885124856125287,13.0980235309778,17.0534410823853,112.496344039213,16,HIIT05,16_HIIT05,HIIT,42,145.0,207.5
3.79796043037172,7.43438087176472,0.330382269684292,-238.782439454581,-166.016207222105,-164.024390782433,6,HIIT04,6_HIIT04,HIIT,116,111.0,183.0
1.39895259685173,1.44632532281604,-0.836567027792938,22.2742537408684,-103.425915471733,68.8896514266006,6,MICT05,6_MICT05,MICT,161,111.0,183.0
-10.3354389877428,-27.8422424758261,3.73167617791043,-24.2367934688386,7.19571483083659,47.3595802783131,6,HIIT06,6_HIIT06,HIIT,13,111.0,183.0
0.228304631091112,-4.81989045916191,-1.00525956705313,11.8401773865356,65.5926876580121,-106.454219815713,16,MICT03,16_MICT03,MICT,240,145.0,207.5
-1.5185864155842,4.04178811393095,-0.153864653688375,18.3702700578804,-13.3600463826247,78.4252724068269,16,MICT05,16_MICT05,MICT,58,145.0,207.5
-2.51765045397024,-4.15035345052688,0.58537475971247,15.3666572825963,84.6278069410448,-38.8907782579967,6,HIIT02,6_HIIT02,HIIT,331,111.0,183.0
0.722341061835786,5.33367470575352,0.433871733608566,19.0610261975126,-46.7811621814358,89.0925783291965,16,MICT02,16_MICT02,MICT,81,145.0,207.5
2.35818433679075,4.11937657926226,0.281457551882916,5.44111675377392,-140.686926372269,93.5599073768246,6,MICT01,6_MICT01,MICT,132,111.0,183.0
-7.84180484946418,4.72047410186829,-0.005128419369695,33.6677875872803,54.5718623129982,88.9205313492269,16,HIIT05,16_HIIT05,HIIT,24,145.0,207.5
0.335635363265571,-3.47625200405671,0.571291844588078,-16.8180445412243,81.3784682669551,-123.788400226205,6,MICT02,6_MICT02,MICT,268,111.0,183.0
8.76420379404286,5.39545431737339,-1.2585796930845,-291.075615931614,-26.7852134787902,-280.286984214582,16,HIIT01,16_HIIT01,HIIT,155,145.0,207.5
15.8298598359711,13.4682342572081,14.4988795696728,-3713.9277254175,-2100.30310454281,-888.487494442435,16,HIIT02,16_HIIT02,HIIT,123,145.0,207.5
4.22088606107009,4.15758251706407,-0.818342033855942,-280.720548841261,-128.952647984529,-239.97791380586,6,HIIT01,6_HIIT01,HIIT,144,111.0,183.0
-0.956454967867221,-3.27215234669628,0.370061286813958,-14.9446624914995,60.0942268002145,-66.4265958893298,6,MICT01,6_MICT01,MICT,329,111.0,183.0
0.788436576334464,-4.78430513121476,-0.189472112186184,330.837401262238,193.577769986346,219.810540485509,6,HIIT06,6_HIIT06,HIIT,228,111.0,183.0
6.59512654524891,10.4029356165631,1.47514649166798,-41.7153895132438,-109.494009022843,159.143957134823,16,HIIT06,16_HIIT06,HIIT,110,145.0,207.5
-2.14496327685638,-7.14513114960557,1.16395681042396,18.3344173613997,79.2808410487351,-24.5033537014525,6,MICT05,6_MICT05,MICT,335,111.0,183.0
3.95200330535728,2.93734990978503,-1.03524707494226,-285.025482658527,-92.2152929166264,-259.601456331487,6,HIIT05,6_HIIT05,HIIT,148,111.0,183.0
5.25388498962071,5.0295004331521,-0.374983130410175,-45.1287890596915,-129.193356411507,94.7006761430078,16,MICT06,16_MICT06,MICT,138,145.0,207.5
1.54225884583001,0.278796731619111,-1.47712161349369,48.3334016694539,-56.8658239415213,78.9814460107862,6,MICT03,6_MICT03,MICT,173,111.0,183.0
2.34267211032645,-5.76589026013439,-2.15361518005997,126.492616781085,49.4402620207673,82.6175002462623,16,HIIT01,16_HIIT01,HIIT,220,145.0,207.5
3.71274119025874,-4.1535126935551,-3.08808579600869,2.30145594314262,-2.43765022746363,-50.5912187122773,16,HIIT04,16_HIIT04,HIIT,203,145.0,207.5
4.40164633929726,4.19590017825229,-0.837536372957395,-265.942253080527,-125.409682790609,-227.017544850366,6,HIIT01,6_HIIT01,HIIT,147,111.0,183.0
-1.31212217942456,4.86640897385299,-0.0203383611973614,-0.260625849036317,11.7882650589983,30.8210121076732,6,HIIT06,6_HIIT06,HIIT,4,111.0,183.0
6.75206323700639,1.22783203742801,-3.67601578889209,-11.8535714132477,-42.3631844174048,67.0891254405532,16,HIIT03,16_HIIT03,HIIT,176,145.0,207.5
-0.111419480262761,4.192152734291,-0.24724890286963,6.47208536660386,-45.2998279099608,61.2791248869075,6,MICT05,6_MICT05,MICT,64,111.0,183.0
-0.143137857157846,3.71765169374596,-0.176240318861117,5.78056613413701,-35.2099831090487,52.0547667076253,6,MICT04,6_MICT04,MICT,63,111.0,183.0
-4.47722367969867,-11.1675952460698,2.95220212820225,61.3370064140774,85.8995741124892,95.7637465813712,16,HIIT02,16_HIIT02,HIIT,335,145.0,207.5
-0.383786494763594,-3.56967846772411,0.797263242170773,-42.0447967216478,54.609636191311,-124.017491807343,6,MICT02,6_MICT02,MICT,291,111.0,183.0
-2.49134518911469,-5.17247607929822,0.853254259448385,53.7470409228523,92.5899550101784,-6.99850259097408,6,HIIT05,6_HIIT05,HIIT,329,111.0,183.0
1.92868215766086,-2.33488954355339,-1.82896873609436,16.9162502737411,1.17806292147258,-17.5269181343544,16,MICT05,16_MICT05,MICT,204,145.0,207.5
-0.0331929106230548,-3.66872364713149,0.268856897373474,-29.7128371034862,70.5262661812871,-130.864127949989,6,MICT02,6_MICT02,MICT,276,111.0,183.0
1.03742557640693,-4.55697711756728,-0.579193535325427,397.23120898197,173.207468593307,300.380505681819,6,HIIT06,6_HIIT06,HIIT,221,111.0,183.0
-1.57489285796902,-4.19566400706669,0.632282566716851,-17.2698596091507,75.2789886600006,-137.786599439563,16,MICT02,16_MICT02,MICT,293,145.0,207.5
2.88258913045225,4.93193767591707,1.24757123710824,-10.1865277966787,-149.812287828787,85.6655715126142,6,MICT04,6_MICT04,MICT,119,111.0,183.0
2.22582178954323,-3.28808270281828,-1.71537109900265,539.378760784718,26.3956187224346,491.352267372433,6,HIIT06,6_HIIT06,HIIT,198,111.0,183.0
4.42006032622232,6.59520249673305,0.545357235424148,-302.469846927152,-165.880489932216,-255.939704774016,6,HIIT03,6_HIIT03,HIIT,131,111.0,183.0
-1.91533932570635,2.61098847344247,0.303874036986756,-5.83249803723399,12.3160464884105,26.347234725212,6,HIIT05,6_HIIT05,HIIT,5,111.0,183.0
0.712721324520571,-4.96973101326714,-0.320136302178738,333.954155268453,245.361756572008,236.531909564457,6,HIIT03,6_HIIT03,HIIT,225,111.0,183.0
0.633341081016349,-3.65046862438373,0.437076154934627,-28.9680393371618,82.428027754699,-137.635667440073,6,MICT02,6_MICT02,MICT,255,111.0,183.0
3.59127732646629,-1.82980658892011,-2.20735870148499,244.218648673529,-46.8823951003364,204.533610818802,6,HIIT04,6_HIIT04,HIIT,183,111.0,183.0
5.12539836481641,6.01326767567949,1.63422217413738,-33.8844988920457,-126.220452641286,104.53167495543,16,MICT04,16_MICT04,MICT,124,145.0,207.5
-5.22847101230155,-16.8968518753556,3.37601153360678,20.5382350461587,81.9162134490833,-97.1071096501176,16,HIIT06,16_HIIT06,HIIT,337,145.0,207.5
-0.684306304861138,-2.69070475904587,0.428519601264785,-8.96437059658003,65.5036393419382,-61.6306202119725,6,MICT04,6_MICT04,MICT,320,111.0,183.0
-1.11451730078189,4.62039836453638,0.235713908221142,-145.467351365357,-122.484842608184,-19.3180003263021,6,HIIT01,6_HIIT01,HIIT,54,111.0,183.0
-3.89187466972553,2.36874111686191,-0.253618563636199,29.0846683020187,21.774155724811,78.1994174120524,16,MICT01,16_MICT01,MICT,30,145.0,207.5
-2.22399163355394,-8.01860392774396,1.24809535340941,14.670149007521,58.687654183477,-177.205986434695,16,HIIT06,16_HIIT06,HIIT,286,145.0,207.5
2.08464170139009,3.01572130890488,-0.173152779750021,-2.4062931269342,-150.577980157621,70.7961798326422,6,MICT02,6_MICT02,MICT,153,111.0,183.0
0.903972017744343,5.7879163804818,0.389131988413687,6.6068871333579,-51.3342340882989,90.4247500526436,16,MICT03,16_MICT03,MICT,82,145.0,207.5
4.19863623071628,6.75950443422061,-0.440256512106076,-173.030563145395,-175.17129107386,-117.135376444242,6,HIIT01,6_HIIT01,HIIT,110,111.0,183.0
-0.360470036506209,-5.60548649146455,0.231231023554431,-15.9282170013813,104.932283570847,-114.364341418587,6,HIIT06,6_HIIT06,HIIT,276,111.0,183.0
4.82173127198139,2.9747824391214,-0.834139010839716,-7.25527019637803,-117.136653305775,90.823524273901,16,MICT01,16_MICT01,MICT,156,145.0,207.5
0.898279715856002,-3.11749771358001,-0.98718469339821,-3.29647948144609,105.54901385456,-74.46378462785,6,MICT05,6_MICT05,MICT,220,111.0,183.0
0.916578488978708,-4.33650363079903,-1.63889990308381,2.69994088396382,43.0139431089654,-76.3273806544582,16,MICT04,16_MICT04,MICT,222,145.0,207.5
4.03557247013426,2.06006927409376,-1.33339104889277,-8.23676850976837,-94.9589003561877,77.4778106829607,16,MICT03,16_MICT03,MICT,166,145.0,207.5
-0.140532499516761,5.14408708042909,0.156286714259076,15.1856250217008,-39.0523020739035,84.7046405858131,16,MICT04,16_MICT04,MICT,73,145.0,207.5
-2.55604996954205,2.91283498790292,-0.591415858031301,39.9939082658994,7.28807941357816,82.3051331146121,16,MICT02,16_MICT02,MICT,36,145.0,207.5
-0.643720758397881,2.16573206472588,-0.802174940876936,-0.802835532334176,-12.6269942555448,51.2568273774082,6,MICT04,6_MICT04,MICT,45,111.0,183.0
0.678225943733264,-5.27633392842531,0.522959218107766,176.319953580168,211.64865404877,63.1862830146488,6,HIIT01,6_HIIT01,HIIT,233,111.0,183.0
4.89094410111335,6.56171225439868,1.25236644078657,-31.5799159656664,-116.49057698867,103.797577573567,16,MICT05,16_MICT05,MICT,116,145.0,207.5
0.38914913647465,-4.19879090429081,1.03726534479707,144.531310334241,204.64675227264,30.502639729509,6,HIIT02,6_HIIT02,HIIT,239,111.0,183.0
0.908931078735498,-1.98540130662376,-1.12944935070166,26.3212732933163,75.8686636125528,3.56431284082024,6,MICT02,6_MICT02,MICT,205,111.0,183.0
-1.77160348869223,3.12585216887929,-0.32315400337367,14.7123196215343,4.00864398894425,76.1397222776224,16,MICT06,16_MICT06,MICT,48,145.0,207.5
1.98893013444915,-2.97966980403811,-1.87430888609492,555.617969953486,8.5558680912487,511.468347278953,6,HIIT05,6_HIIT05,HIIT,194,111.0,183.0
0.72102277873558,-3.4807165124514,-0.449424987204961,-12.9694441312101,100.96194846767,-104.081904529779,6,MICT02,6_MICT02,MICT,237,111.0,183.0
1.83304375837575,2.57838827905777,-0.313737809295531,7.98056153128634,-145.893010750075,70.8107566995545,6,MICT05,6_MICT05,MICT,152,111.0,183.0
4.11146093954652,6.39587092604155,1.77897809913294,-20.5179281033335,-94.8324737464915,102.484991680391,16,MICT03,16_MICT03,MICT,110,145.0,207.5
-0.185920354643949,-2.93437359098716,1.03326021889844,-31.6110046985083,56.0060030040457,-103.989377663803,6,MICT01,6_MICT01,MICT,296,111.0,183.0
-4.14806804188854,-2.9770661859662,1.54291468055638,-16.337122658043,71.0812831747155,-73.2879931700168,16,MICT04,16_MICT04,MICT,340,145.0,207.5
0.027247767302453,-5.9569158398978,0.764531619363883,127.359110015837,152.81733201765,-17.0026683995932,6,HIIT04,6_HIIT04,HIIT,260,111.0,183.0
-0.232655640749124,-4.266352739667,-0.650993917856735,7.25214969536347,58.8702734076786,-111.233215061743,16,MICT01,16_MICT01,MICT,244,145.0,207.5
-1.31489061840433,8.69487351731735,0.774318468678534,-13.8348122026395,-33.0993447371637,123.253600238803,16,HIIT05,16_HIIT05,HIIT,68,145.0,207.5
0.718178348232743,-4.05631384718911,0.022726102534669,372.331184008606,193.197291747738,270.38887841998,6,HIIT05,6_HIIT05,HIIT,222,111.0,183.0
-0.222227374049301,-5.58726669695116,2.30478757462283,42.4927470230462,121.501859439401,-82.6653888873731,6,HIIT04,6_HIIT04,HIIT,268,111.0,183.0
3.36744833379747,-0.0320657251039333,-1.90199037619239,14.246331039949,-55.8231694171844,45.8556799753425,16,MICT05,16_MICT05,MICT,183,145.0,207.5
1.58501020882303,4.85980530678406,-0.258296408247501,-8.18090735264625,-94.9906286903907,62.9828379744416,6,MICT04,6_MICT04,MICT,91,111.0,183.0
-4.13662938453509,5.3859828445484,-0.347877314722447,10.3088862790084,15.2802499924257,109.592924164998,16,HIIT06,16_HIIT06,HIIT,42,145.0,207.5
-1.63755264316738,3.60967819991693,-0.179676005205111,12.4420602155694,-3.38118012289083,76.6622022101737,16,MICT06,16_MICT06,MICT,54,145.0,207.5
-4.33148341702493,6.04961033895053,-0.412978703026589,9.81413105221839,13.8501113137673,115.633290242449,16,HIIT06,16_HIIT06,HIIT,43,145.0,207.5
1.08156436090547,-2.26377956524362,-1.23735813029983,13.1315720578252,69.7042905940555,-15.6932298511581,6,MICT05,6_MICT05,MICT,200,111.0,183.0
-2.90934801984401,-6.98848418965019,0.420538477046169,110.284360643112,98.7106898131586,30.5037002740654,6,HIIT01,6_HIIT01,HIIT,332,111.0,183.0
-0.384419304644577,3.38544876426098,-0.489816044439305,67.4765529526096,46.4727238841684,-51.3556705891428,16,HIIT01,16_HIIT01,HIIT,1,145.0,207.5
-0.280819526274656,-9.04868715225849,-0.537897215620021,21.7141553957338,50.9708159396733,-179.540349611548,16,HIIT03,16_HIIT03,HIIT,256,145.0,207.5
1.01220663610423,-0.711310753500442,-1.21296051957427,33.2051827166004,-5.30239308189521,44.8344813840554,6,MICT05,6_MICT05,MICT,181,111.0,183.0
1.0068440443631,-3.86238550693378,-0.26280926888426,-2.30500344438529,113.165926451057,-99.7476535600298,6,MICT03,6_MICT03,MICT,232,111.0,183.0
-2.25116285369047,-7.18130401835676,1.25672822789523,11.5209230728095,61.5710936167222,-167.449083700447,16,HIIT05,16_HIIT05,HIIT,294,145.0,207.5
2.05267140198128,5.56412719212588,-1.9060612289168,-249.051163162679,-156.5246716087,-165.932237484295,6,HIIT06,6_HIIT06,HIIT,92,111.0,183.0
-1.4603519548768,-5.08855713791394,0.583685130010977,-2.08117773261752,77.2349575977115,-139.794214200251,16,MICT03,16_MICT03,MICT,279,145.0,207.5
-4.61683690051642,4.73476882995879,-0.115177684423905,16.1546411251947,23.7871427727702,104.918374468329,16,HIIT05,16_HIIT05,HIIT,38,145.0,207.5
-1.29616240014531,-5.11952458497863,0.417362581318947,-0.513796748513506,78.0256307765412,-140.350996041035,16,MICT03,16_MICT03,MICT,276,145.0,207.5
26.6668005393234,10.476354906526,36.5961243692386,-47.041541374056,202.568489240265,138.107510601453,16,HIIT02,16_HIIT02,HIIT,103,145.0,207.5
0.517788239782285,-3.11821590601335,0.134274642087584,1.28718314463831,96.255258381799,-92.3097599750389,6,MICT01,6_MICT01,MICT,245,111.0,183.0
3.0457368697357,6.13249687091102,0.698939909965001,-14.2257678789746,-74.1638630203393,100.600268931828,16,MICT06,16_MICT06,MICT,100,145.0,207.5
3.32690508097098,-6.38866872719105,-2.62422193234952,116.684673842969,62.570940424766,86.9200687455354,16,HIIT02,16_HIIT02,HIIT,217,145.0,207.5
3.30046922616608,-5.91565151748914,-3.17417772574546,4.403431630708,11.6928384141932,-84.7712981351307,16,HIIT06,16_HIIT06,HIIT,210,145.0,207.5
-2.35890674470415,-5.8929138962808,1.32661564375471,1.18546331462947,61.1246604377501,-162.707764512126,16,HIIT04,16_HIIT04,HIIT,305,145.0,207.5
-0.680420345709184,8.66024309256779,0.83569247188746,-18.7815196739548,-44.078659777045,115.333016172645,16,HIIT03,16_HIIT03,HIIT,69,145.0,207.5
8.82541819246898,7.73816654427507,-1.24714541779869,-47.0955710273539,-106.016337931144,147.332500804047,16,HIIT03,16_HIIT03,HIIT,147,145.0,207.5
0.379178815335033,-5.83667544936144,1.42112255471827,-33.4920242327198,100.780612938544,-122.778676159909,6,HIIT01,6_HIIT01,HIIT,279,111.0,183.0
-4.97226897479427,-14.009345911578,2.82374162432433,16.695888715253,79.678554535296,-89.3622555406844,16,HIIT05,16_HIIT05,HIIT,338,145.0,207.5
5.09527334670104,-3.54006686476589,-3.20892610231373,-5.14613500254229,50.7468722404713,-19.0390161846067,16,HIIT02,16_HIIT02,HIIT,198,145.0,207.5
-0.36281993105236,7.4762008306206,2.3448568857276,-182.355950307598,-156.669496405222,-61.5222916527329,6,HIIT01,6_HIIT01,HIIT,68,111.0,183.0
-5.9843429979113,5.96647481897308,-0.462324812409409,29.4283142505828,32.7343289308459,106.290785179131,16,HIIT04,16_HIIT04,HIIT,33,145.0,207.5
-0.642087021541726,-3.27270425366231,0.668936409334576,-22.2711090201589,65.6479757745618,-91.6134579830902,6,MICT04,6_MICT04,MICT,296,111.0,183.0
-3.2892236717808,4.92442409830774,0.110532690388751,-121.874361790491,-64.5929769623595,25.734925161424,6,HIIT06,6_HIIT06,HIIT,33,111.0,183.0
-1.7383652357995,3.85734332696943,0.277661889658998,-145.328771912809,-95.7105571895013,5.49600587751031,6,HIIT06,6_HIIT06,HIIT,44,111.0,183.0
3.75865180538683,5.67283036661856,0.0728924861866374,-260.241728822112,-151.297361221609,-215.116289487587,6,HIIT05,6_HIIT05,HIIT,127,111.0,183.0
0.860734621572938,-3.77951862526949,-0.077248692550763,1.72137512304257,102.013166734782,-95.3723354115349,6,MICT04,6_MICT04,MICT,234,111.0,183.0
-0.301211355933145,-4.22914209889734,1.14832992202817,-1.95070018652643,92.5392047633242,-111.51180886461,6,MICT03,6_MICT03,MICT,281,111.0,183.0
1.08868120474634,-2.47707492540158,-0.560164392832424,13.1345140887248,94.4685831596371,-29.9119052625718,6,MICT02,6_MICT02,MICT,214,111.0,183.0
1.24618696884175,6.12321760170097,-2.12055572791531,-304.972520912797,-171.988645458959,-191.966814633869,6,HIIT06,6_HIIT06,HIIT,85,111.0,183.0
0.513624206141263,-3.71323005832494,-0.135478289367163,-18.8144044779804,88.9629591772162,-131.253285832683,6,MICT05,6_MICT05,MICT,253,111.0,183.0
-3.30421160593008,4.69998563247475,0.464551211640795,-134.80135182121,-89.7157389001996,11.6064155110308,6,HIIT01,6_HIIT01,HIIT,35,111.0,183.0
1.04374084097397,-1.57002106161762,-1.19664033292794,33.0080463261553,51.4870131913684,25.3431291782082,6,MICT02,6_MICT02,MICT,198,111.0,183.0
2.73628224803822,-0.931562419081377,-1.92485142009233,14.8367145554966,-30.0833986734323,24.9141489618143,16,MICT03,16_MICT03,MICT,191,145.0,207.5
-1.49902454334548,6.41638010490825,-0.372043606315643,27.7504615931586,40.117774648409,29.8737126229535,16,HIIT04,16_HIIT04,HIIT,4,145.0,207.5
0.742409663172548,-5.31963976134775,0.702990498160391,148.488884700697,205.310204472623,33.0435265767086,6,HIIT01,6_HIIT01,HIIT,235,111.0,183.0
4.04296830191426,6.23774893161313,1.43825930918846,-13.407277149674,-92.4156482778551,103.764631696867,16,MICT05,16_MICT05,MICT,109,145.0,207.5
-2.62151795886575,-7.6167180107243,1.03901923246822,144.414372916955,138.740176920669,138.007638723053,16,HIIT02,16_HIIT02,HIIT,285,145.0,207.5
5.52845044565291,10.8467131500702,1.5727342418818,-37.3795060718661,-100.93482694028,158.243545028108,16,HIIT04,16_HIIT04,HIIT,104,145.0,207.5
4.27323775547552,5.92986606755212,0.341857716477404,-259.089374809946,-160.200984103857,-210.859166865875,6,HIIT01,6_HIIT01,HIIT,133,111.0,183.0
4.57544367712726,3.51201953363713,-0.569186781025677,-17.7260886506694,-116.261927852624,94.2316547550855,16,MICT04,16_MICT04,MICT,156,145.0,207.5
-0.145533553321426,-3.28305042995791,-0.0513653421500588,-21.5892713886373,69.4934692126151,-120.594936335838,6,MICT01,6_MICT01,MICT,274,111.0,183.0
-4.3061779858227,5.2835238221259,-0.515969506832124,41.8255234387387,35.1143885445478,71.9915164099948,16,MICT03,16_MICT03,MICT,22,145.0,207.5
-17.268551805794,-29.6949015307592,4.52227929434698,131.488405005684,96.0790148436707,-89.5860569179066,16,HIIT01,16_HIIT01,HIIT,14,145.0,207.5
2.56813628863601,4.04443645706061,0.687160322775433,-30.3336698550883,-181.580234862998,61.8309210004957,6,MICT04,6_MICT04,MICT,137,111.0,183.0
-2.12522905183064,-8.3595589952223,1.09342111211836,14.8887965817427,60.2546156567464,-179.820246443487,16,HIIT05,16_HIIT05,HIIT,283,145.0,207.5
4.43377885555493,2.19403729240979,-1.02565524876345,3.8466414689038,-105.691207629744,84.0881455218738,16,MICT01,16_MICT01,MICT,164,145.0,207.5
3.27931988554249,-0.241849470243055,-1.87320660264225,8.77162576813631,-52.6172549646919,36.5088940117915,16,MICT06,16_MICT06,MICT,184,145.0,207.5
11.2255095024058,12.6602237792972,4.87773160026064,-3950.4852864588,-2238.54969052962,-843.439662196272,16,HIIT01,16_HIIT01,HIIT,129,145.0,207.5
4.87241548681928,-2.46406706100563,-3.1427988016767,7.51338764253942,-18.3774005387639,-12.7550570401187,16,HIIT05,16_HIIT05,HIIT,194,145.0,207.5
-3.71791934085528,5.7807995601827,-0.638499252494619,-10.8762663422735,14.6986460340314,57.3983522765857,6,MICT03,6_MICT03,MICT,19,111.0,183.0
0.447512056537616,-3.78909144192869,0.457642373812491,280.250842130617,210.469192899491,192.018799157522,6,HIIT02,6_HIIT02,HIIT,224,111.0,183.0
-1.38123446264293,5.02359920052208,0.565154791578592,-151.843893204554,-103.578775919606,3.68829407244106,6,HIIT04,6_HIIT04,HIIT,54,111.0,183.0
6.92856705338289,4.35002230411441,-2.16483281453506,-25.2199336069397,-74.9005479252279,114.662757194363,16,HIIT04,16_HIIT04,HIIT,162,145.0,207.5
-1.28797069896996,3.4802912780157,-0.217178259669604,26.2244595400702,-10.0705929220088,81.3287454339066,16,MICT03,16_MICT03,MICT,54,145.0,207.5
4.49448380234283,9.91355471769235,1.13370605627159,-34.2408738069902,-93.6405146063474,148.554132131048,16,HIIT04,16_HIIT04,HIIT,101,145.0,207.5
3.22906555635435,5.74486803814353,-0.654790315208575,-124.959675311855,-164.347682440078,-75.433535744849,6,HIIT02,6_HIIT02,HIIT,107,111.0,183.0
-0.439509056283026,2.3490463426675,-0.172375693158421,14.9184853670074,30.2034369818851,18.0211362362991,16,MICT06,16_MICT06,MICT,1,145.0,207.5
-10.9248693525299,29.288442390812,2.50045560887257,20.6210692435107,80.2146234191191,-79.3655788954268,16,HIIT06,16_HIIT06,HIIT,343,145.0,207.5
-4.56951142005333,23.502176728912,0.885931318924567,-20.2065178483787,52.2442152358557,-49.1711178218128,16,MICT03,16_MICT03,MICT,346,145.0,207.5
1.59640253555155,-7.93561760546175,-1.73210541696964,179.566778152553,84.5089130145927,144.708873913443,16,HIIT02,16_HIIT02,HIIT,235,145.0,207.5
-4.66173873862892,-8.15754391688034,2.54435079572382,70.1153055672695,-106.760777815547,-136.494066738196,16,HIIT01,16_HIIT01,HIIT,324,145.0,207.5
-2.26720843573353,-6.03538641065322,1.43723739609003,8.34918241149503,62.7527822645596,-154.111795656364,16,HIIT05,16_HIIT05,HIIT,305,145.0,207.5
-4.56501218075193,3.22442423821758,0.580919668146893,-86.498406519698,-31.0642478092706,45.3065484750218,6,HIIT04,6_HIIT04,HIIT,28,111.0,183.0
-0.318334234170983,-3.62205688513393,0.278527771681834,1.7557106540549,83.0255561957871,-56.6687749331983,6,HIIT05,6_HIIT05,HIIT,310,111.0,183.0
-3.39430018011223,-9.42933460386087,1.9184163365411,-35.154460256076,76.4899043893924,-88.0435171487102,16,MICT01,16_MICT01,MICT,337,145.0,207.5
0.590804687897743,-4.72680926760127,-1.29927358529836,22.7407801768356,52.7790380130085,-86.2195887544158,16,MICT06,16_MICT06,MICT,232,145.0,207.5
-0.824984324232305,-6.72843416150097,0.342983754147586,-12.3853592998929,31.6102979443297,-26.2933941560279,16,MICT02,16_MICT02,MICT,353,145.0,207.5
-3.55816909063523,-5.91135224408423,1.71452117999069,-18.2393064505575,66.1534539840178,-81.5929331229299,16,MICT06,16_MICT06,MICT,334,145.0,207.5
4.32224655938357,6.21398394998102,1.52003031633879,-21.5772193059,-101.5837426956,101.925546226499,16,MICT05,16_MICT05,MICT,112,145.0,207.5
0.984209757383284,-8.38889780526962,-1.42056245785206,188.234787731378,92.0453161007005,153.267259336094,16,HIIT02,16_HIIT02,HIIT,240,145.0,207.5
2.48013427037243,4.66266531337136,0.525913569168497,3.36522363150104,-167.25553112364,100.519274547395,6,MICT06,6_MICT06,MICT,127,111.0,183.0
-4.58195151326063,6.0280430520255,-0.0976038044414607,7.92521042171406,8.88752514872343,107.833825455917,16,HIIT03,16_HIIT03,HIIT,41,145.0,207.5
-2.64869389784834,4.13766480884328,0.145114977414553,-127.558950798457,-75.3846023814965,21.4254402045591,6,HIIT06,6_HIIT06,HIIT,37,111.0,183.0
2.81044105429853,4.47920028613352,1.23577191840034,1.52756716962398,-172.741395874492,96.547560491784,6,MICT06,6_MICT06,MICT,131,111.0,183.0
1.69352713587332,-7.5170839442112,-2.28935900122647,8.53484645032323,27.1350630472394,-134.447348606912,16,HIIT06,16_HIIT06,HIIT,226,145.0,207.5
-0.310556763475377,3.88130789518076,-0.392512926035098,6.65533658329838,-40.0340876792694,60.9227529054217,6,MICT05,6_MICT05,MICT,61,111.0,183.0
-1.10043078427362,3.65313902504771,-0.184315292421961,22.5263085432216,-15.4320219684048,78.92208831332,16,MICT04,16_MICT04,MICT,57,145.0,207.5
2.08451575442786,2.51743848400663,-0.989055349947505,8.85187470884235,-145.119844725605,75.6353194095675,6,MICT03,6_MICT03,MICT,154,111.0,183.0
3.5009920884218,4.35631111284169,-0.051066167897186,-251.836059263024,-157.129584376675,-220.744166443642,6,HIIT02,6_HIIT02,HIIT,136,111.0,183.0
-0.392266241869633,3.77412131313314,-0.0355726009033332,15.3547377324037,-37.7362824999971,58.8680227973158,6,MICT02,6_MICT02,MICT,67,111.0,183.0
1.97046804223947,6.02119221910645,0.598151460491727,-1.11021985423085,-66.4883478841126,94.2973445947182,16,MICT05,16_MICT05,MICT,91,145.0,207.5
-0.781884564082445,-9.03572333292011,0.151375479359761,23.3671975595078,60.5859071660789,-185.117478176565,16,HIIT05,16_HIIT05,HIIT,264,145.0,207.5
10.4727857113318,8.51096014690932,4.09114209795954,-62.1799029652239,73.6855095697074,-215.235276461203,16,HIIT02,16_HIIT02,HIIT,138,145.0,207.5
2.10221759305157,-8.31281056005993,-2.45516413503732,17.5325527671965,25.4495859363164,-130.070968549951,16,HIIT03,16_HIIT03,HIIT,226,145.0,207.5
-1.50091236203949,-3.43990412067539,0.61786877956107,-2.83541824409479,64.20482124694,-55.7254673658857,6,MICT02,6_MICT02,MICT,331,111.0,183.0
5.49935131752746,1.78762830608757,-2.63348927996352,-15.7730401861934,-49.8609288541266,72.4381423265192,16,HIIT04,16_HIIT04,HIIT,173,145.0,207.5
-0.914512564742224,-4.50868053630873,0.162156580248177,2.29354614100656,76.4740776770844,-133.040807088333,16,MICT01,16_MICT01,MICT,263,145.0,207.5
-2.14287987588697,-8.28011961471242,0.911909878926696,15.9499829270514,56.2611126557182,-179.55001549309,16,HIIT03,16_HIIT03,HIIT,281,145.0,207.5
0.915847132663167,-5.63059074687035,1.3465116025469,71.2122764156576,192.026824039873,-67.4991760372208,6,HIIT03,6_HIIT03,HIIT,250,111.0,183.0
0.840731824440354,-3.53938752957451,-0.181492066812556,-19.8594637172994,99.7676836473287,-116.936241607052,6,MICT06,6_MICT06,MICT,236,111.0,183.0
0.982532781464207,-3.03007469312321,-0.650607830115934,8.28186926299939,93.3728080493795,-61.8371079242012,6,MICT04,6_MICT04,MICT,220,111.0,183.0
2.85746829500627,5.66586407722068,-3.20684081804918,-217.912216488683,-166.586671101562,-140.94773765529,6,HIIT05,6_HIIT05,HIIT,95,111.0,183.0
-1.52980148465579,-3.45146724016387,0.838638527056761,-15.5962466352604,75.6852065768879,-120.75720354211,16,MICT05,16_MICT05,MICT,308,145.0,207.5
-1.25763438729857,7.70214217677252,0.281862788779401,-1.8892248051052,-32.3196995035063,116.35952178836,16,HIIT04,16_HIIT04,HIIT,65,145.0,207.5
4.96487952452416,4.27334544936754,-0.136419993393511,-32.3068907980002,-126.331678013347,94.1055397718559,16,MICT03,16_MICT03,MICT,148,145.0,207.5
-4.69381815773553,23.2364077209529,1.02371139428595,-13.6763265395644,56.4584823445381,-53.7731927368111,16,MICT04,16_MICT04,MICT,345,145.0,207.5
-5.37573737101012,-10.3786645969266,0.999600437091764,17.228078531466,27.988705465421,52.9047926050108,6,MICT02,6_MICT02,MICT,15,111.0,183.0
3.29828443257428,-0.561212090692489,-2.08459480629808,77.285623756314,-69.0207839307125,68.4327795930257,6,HIIT05,6_HIIT05,HIIT,172,111.0,183.0
-0.456840447570133,-2.96681145568701,0.277462710082457,-29.0330385320905,57.2442479264416,-84.8539099981371,6,MICT01,6_MICT01,MICT,322,111.0,183.0
-0.917728886746833,-4.23180810497321,0.986694106996964,-4.6545312020471,91.307012756438,-79.2057557551106,6,HIIT04,6_HIIT04,HIIT,299,111.0,183.0
-2.740937757915,-9.89032467360331,1.00428636995485,86.1647125835268,95.3066511771019,26.8809631346376,6,HIIT05,6_HIIT05,HIIT,338,111.0,183.0
1.71492028260964,-1.4407277468853,-1.68742998012822,9.16681797236704,-14.7389887895801,2.41748291703201,16,MICT02,16_MICT02,MICT,198,145.0,207.5
-0.59293246456223,3.50870376252285,-0.490018466044646,3.81087364707137,-37.0660333910457,59.330883023487,6,MICT03,6_MICT03,MICT,57,111.0,183.0
-3.73419109637772,9.44800559850426,0.359041688030798,52.4366870269255,47.594562046405,23.6241179615791,6,HIIT05,6_HIIT05,HIIT,350,111.0,183.0
3.42394411742663,-0.100701870759945,-1.82837539304259,47.2394262807938,-77.1131953574126,53.0158005675829,6,HIIT03,6_HIIT03,HIIT,171,111.0,183.0
5.67233154424949,10.5552095852494,1.5824334482984,-51.2872966339595,-101.942196484394,148.621652221909,16,HIIT03,16_HIIT03,HIIT,106,145.0,207.5
5.93248706137003,-1.63022583997902,-3.30400975652922,-76.7164637953435,46.5265398490292,-79.2578450971201,16,HIIT02,16_HIIT02,HIIT,189,145.0,207.5
-1.64906738927616,-4.26559540664337,0.693207032181807,-4.58457299567382,76.8940407883753,-130.100561564791,16,MICT03,16_MICT03,MICT,293,145.0,207.5
2.35490024542897,4.42236487730879,0.375810177401658,-15.0757362122844,-150.966129964317,75.5212721887658,6,MICT02,6_MICT02,MICT,124,111.0,183.0
-1.44537707741988,-7.82195237453478,0.376425522490349,8.53172707081263,54.5279646299364,-188.816877845376,16,HIIT04,16_HIIT04,HIIT,272,145.0,207.5
3.02209510930454,-5.97553057515726,-2.76855723630014,10.950208089604,9.26223848934328,-83.0675447053935,16,HIIT03,16_HIIT03,HIIT,213,145.0,207.5
-4.87213599639531,3.80521140355369,-0.546391283125079,144.985147321059,132.013508391565,-73.317171910739,16,HIIT01,16_HIIT01,HIIT,37,145.0,207.5
-0.207511031434843,-3.50360280728287,0.414468563316587,-21.0548399212533,72.4960762235721,-115.864600020524,6,MICT02,6_MICT02,MICT,281,111.0,183.0
3.09333357596354,-0.636197646477962,-2.04936354518601,16.5264712356099,-41.9326492767531,31.6352795997682,16,MICT05,16_MICT05,MICT,188,145.0,207.5
3.17293351387267,0.0124452342608323,-1.54689931502599,27.7212796003705,-56.2842829793434,46.5450233869745,16,MICT01,16_MICT01,MICT,186,145.0,207.5
4.1184623207302,5.64766051700493,-0.345336496676893,-308.071524026528,-145.569542445306,-244.626013759685,6,HIIT04,6_HIIT04,HIIT,129,111.0,183.0
-5.14980811018888,14.5437765177191,1.17981069870268,-23.2653647997414,68.7370121569583,-61.1385392231003,16,MICT05,16_MICT05,MICT,343,145.0,207.5
0.912263877619374,-4.99726055394633,1.40464893345188,164.692283374661,223.930984228162,49.351603487845,6,HIIT03,6_HIIT03,HIIT,234,111.0,183.0
-0.863712082271871,2.61106687807982,-0.761617982668481,-5.48699591250804,-29.1495894164152,58.4852499142272,6,MICT03,6_MICT03,MICT,46,111.0,183.0
13.5562398401462,8.33478750240361,8.91153360058439,-255.91713983042,-26.0844724027129,-262.398958642978,16,HIIT02,16_HIIT02,HIIT,141,145.0,207.5
5.131461866552,4.28418710483661,-0.581591476285269,-25.9970102686025,-131.364464899028,100.763968523689,16,MICT04,16_MICT04,MICT,151,145.0,207.5
-1.52041070225367,-3.0990847938032,0.798464542685489,-6.59676669536198,66.5908724951111,-108.868912925663,16,MICT06,16_MICT06,MICT,312,145.0,207.5
-11.2957852264895,-27.1357272755759,2.02048400409216,26.9204290956733,38.7450067796718,32.0803683060653,16,HIIT03,16_HIIT03,HIIT,8,145.0,207.5
6.9854922788062,4.58909222515164,-2.10893896490827,-26.115254418146,-76.9255311400548,117.619791529547,16,HIIT04,16_HIIT04,HIIT,161,145.0,207.5
2.1213046494187,-2.87007393547883,-2.01704608077741,524.620225989919,-5.96210467701374,484.171828776226,6,HIIT05,6_HIIT05,HIIT,192,111.0,183.0
1.98182476850064,-2.29757750184667,-1.51016564727575,542.637070040735,-5.05337305396619,524.400918640765,6,HIIT03,6_HIIT03,HIIT,190,111.0,183.0
-4.84423915716449,19.9477591504667,1.16547012549121,-14.7456976840078,61.5679855662235,-59.1110235314355,16,MICT04,16_MICT04,MICT,344,145.0,207.5
2.82941202792927,5.40188651166823,-3.01842444973468,-209.746317999417,-156.676217194559,-141.327634883072,6,HIIT06,6_HIIT06,HIIT,96,111.0,183.0
1.20187627020268,-3.66711544042503,-1.42520968214661,528.716159115893,102.505899578798,492.13152948875,6,HIIT01,6_HIIT01,HIIT,201,111.0,183.0
3.16641488720835,5.28192257839534,0.780758957498306,-16.3578522462634,-167.11395366641,85.4826645236859,6,MICT03,6_MICT03,MICT,123,111.0,183.0
0.259578469060266,4.13272483939196,0.211441608411478,-0.698146849743568,-61.1069692802883,51.7097787746649,6,MICT02,6_MICT02,MICT,74,111.0,183.0
3.6297741708501,0.589587588589294,-1.74965298311965,2.54681418280529,-70.4925152150995,52.477001830214,16,MICT06,16_MICT06,MICT,177,145.0,207.5
3.04842558122401,5.59965281202959,0.763297663069449,-13.2512337367627,-146.302231394955,83.7063149358637,6,MICT03,6_MICT03,MICT,112,111.0,183.0
-1.31144413813743,3.33569222489115,-0.31175395892309,35.083624408948,-9.43991342232168,82.2141653885261,16,MICT02,16_MICT02,MICT,52,145.0,207.5
-1.51364134108454,-3.1590348066748,0.712011684438674,-14.7433958959169,72.9601691404484,-116.982634530014,16,MICT03,16_MICT03,MICT,315,145.0,207.5
-0.342590285948604,-4.19940398701384,0.923730567573924,-0.279453618672913,94.3942060881486,-111.351707312193,6,MICT03,6_MICT03,MICT,280,111.0,183.0
5.58390879714113,10.7952548661116,1.21792016741375,-54.036131687048,-106.045036712256,150.183904414054,16,HIIT05,16_HIIT05,HIIT,106,145.0,207.5
1.15354119238052,-0.144653303265888,-1.10896073463475,34.5399845596563,-29.3917558355629,55.180119140568,6,MICT05,6_MICT05,MICT,176,111.0,183.0
2.5811428483594,6.07020138033025,0.695004845375599,-11.0715843533538,-67.8190447770951,98.5834240543353,16,MICT06,16_MICT06,MICT,96,145.0,207.5
1.01668563704582,-3.41482042747844,-0.439577462682729,-11.7664921635429,107.032992001526,-87.3187276993206,6,MICT06,6_MICT06,MICT,222,111.0,183.0
-0.829644429815891,-8.9675282863527,0.007785203157373,20.5273764053176,53.4406466319814,-183.757527114569,16,HIIT03,16_HIIT03,HIIT,263,145.0,207.5
1.10503719638889,0.259222856806866,-1.06478819885607,44.7789035599541,-39.9503776920557,70.5934450020509,6,MICT01,6_MICT01,MICT,179,111.0,183.0
1.00126487899186,-8.36229139619083,-1.57789811997488,23.0491066633306,46.7088439022524,-163.903493483756,16,HIIT05,16_HIIT05,HIIT,242,145.0,207.5
1.00663066211082,-0.446759576669663,-1.0966085845071,50.1883168084988,-4.83905473085321,60.5814069783716,6,MICT01,6_MICT01,MICT,187,111.0,183.0
2.21105889598893,-2.38013374000589,-1.67263817157703,550.156949282026,-12.4937818621504,532.83098325692,6,HIIT03,6_HIIT03,HIIT,189,111.0,183.0
0.571852408155463,-5.21884081478041,1.00679808713347,76.3954390625894,158.431568183588,-54.9587387097925,6,HIIT05,6_HIIT05,HIIT,252,111.0,183.0
4.44027238578345,6.73542242207188,1.66997785863629,-24.6318179064723,-93.9287154533047,107.803581952867,16,MICT06,16_MICT06,MICT,110,145.0,207.5
0.0895042147727847,-5.59772888887088,-0.0489314642059233,62.8128125141912,142.928788364183,-61.3669855587953,6,HIIT06,6_HIIT06,HIIT,264,111.0,183.0
5.33111450100389,4.691358769991,0.131567856891134,-35.1281829482705,-123.600594593795,94.8220484938087,16,MICT06,16_MICT06,MICT,144,145.0,207.5
-0.487489227155763,-5.38191143093261,1.46086331795436,5.05383991441997,100.854331605319,-99.5084327000384,6,HIIT04,6_HIIT04,HIIT,276,111.0,183.0
-1.16855854091169,8.85148573754947,0.820387988897898,-15.3982876466703,-35.5182896990844,123.793529623535,16,HIIT05,16_HIIT05,HIIT,69,145.0,207.5
-0.31587122516273,-4.35498005863712,0.400477351449861,0.315607326893989,90.1069930649407,-70.5055894121569,6,HIIT03,6_HIIT03,HIIT,310,111.0,183.0
-4.71320911290611,20.8883618981368,-0.178864834210999,32.0208241907984,65.1139290509075,-1.74825464015956,6,MICT06,6_MICT06,MICT,345,111.0,183.0
0.0843855597243462,-6.01691148285369,0.220614058719102,126.399275448278,153.386034397032,-19.0329639646084,6,HIIT04,6_HIIT04,HIIT,258,111.0,183.0
-0.670200801041371,-2.32538195889099,0.402589157844079,-32.7328202195633,65.4160655779207,-99.2669254255578,6,MICT03,6_MICT03,MICT,311,111.0,183.0
-0.601091341052835,2.333388200504,-0.876558482868681,-5.99845922579794,-17.0053393999957,50.5674194356806,6,MICT06,6_MICT06,MICT,44,111.0,183.0
2.77522952834151,0.236054208360203,-1.67048228330378,48.4214155425705,-77.5102066424888,42.1327232548913,6,HIIT02,6_HIIT02,HIIT,169,111.0,183.0
-0.745596643452395,-3.31567586981987,0.291310100733174,-19.4265442724331,81.2643864242679,-80.2428669074298,6,HIIT02,6_HIIT02,HIIT,315,111.0,183.0
-1.43382565182227,-2.94528512962888,0.588032234710701,-26.7709437770982,71.3634851527159,-130.775425742832,16,MICT01,16_MICT01,MICT,303,145.0,207.5
-0.726597706594208,2.28874510578091,-0.884489175969395,-9.6952354139049,-16.2837997045089,49.6264928674167,6,MICT06,6_MICT06,MICT,42,111.0,183.0
-4.8679418154519,-16.0173590819303,1.69694276400861,-1.26396264434004,17.3115020809159,23.3502058352176,6,MICT04,6_MICT04,MICT,9,111.0,183.0
7.43897612955521,3.33201820488372,-2.08447736165564,-281.385420946755,-16.5021603406272,-257.10119649658,16,HIIT01,16_HIIT01,HIIT,163,145.0,207.5
1.14465671700143,-4.28321700671908,-0.322018493724295,463.397589162239,161.080858514076,374.084232541285,6,HIIT06,6_HIIT06,HIIT,217,111.0,183.0
-0.696287551273562,-2.3077803777547,0.403001077539963,-32.2923911085162,65.5292403418693,-98.0919310802145,6,MICT03,6_MICT03,MICT,312,111.0,183.0
0.993686227181274,-2.99083918409268,-0.838074724296587,-2.38599898710058,100.089674311418,-55.9403843449988,6,MICT06,6_MICT06,MICT,212,111.0,183.0
2.41551664860235,4.57837656898275,0.612899594896218,-3.81173406035223,-115.575710800135,78.2153100166315,6,MICT01,6_MICT01,MICT,112,111.0,183.0
-0.27650164409215,-4.0167553331382,1.07703440969799,-17.276151130229,73.4520487841879,-104.266586423461,6,MICT06,6_MICT06,MICT,287,111.0,183.0
-0.635724530128249,5.12613374654781,0.035926553044818,14.9348020788685,-26.147215119631,85.8927509952999,16,MICT01,16_MICT01,MICT,72,145.0,207.5
0.677673758120929,-8.59916845788756,-1.27876053257331,24.6413993205424,51.5283677595982,-169.264497864478,16,HIIT05,16_HIIT05,HIIT,246,145.0,207.5
-2.55312686801444,-5.00836499375013,1.27357552242393,-8.71929085173229,72.8715700184776,-99.7044161988772,16,MICT04,16_MICT04,MICT,325,145.0,207.5
-1.58959795997885,-8.7637659622347,0.771484149580161,18.4075607019385,60.2506540772307,-185.18698275883,16,HIIT05,16_HIIT05,HIIT,275,145.0,207.5
-1.07486193019615,-3.4265506168476,0.29548663288996,6.78259056908998,71.1104113759492,-58.3151030960153,6,MICT06,6_MICT06,MICT,322,111.0,183.0
0.734174416214657,-4.20471673854325,-1.45266840426094,1.61966550456305,46.129590052699,-81.6062466955894,16,MICT04,16_MICT04,MICT,225,145.0,207.5
-2.35495212239444,6.35334184411465,0.244358934189097,0.809184751175768,-8.0309022575889,112.463257153918,16,HIIT05,16_HIIT05,HIIT,56,145.0,207.5
-0.11522876747525,4.36035028695955,0.006757381993467,10.5337202948828,-44.9976144337734,64.5702941114413,6,MICT03,6_MICT03,MICT,65,111.0,183.0
1.29248571980504,6.5225540033033,-0.765528162046904,-284.422068260688,-170.27545711484,-178.392247642959,6,HIIT05,6_HIIT05,HIIT,86,111.0,183.0
-0.545069663699936,6.92938062763381,0.852618892199784,-163.19124560008,-149.757375536499,-44.0620613524686,6,HIIT01,6_HIIT01,HIIT,66,111.0,183.0
-1.91435938097705,-4.11722333752825,0.839085322493373,-20.5683568584255,72.9022760139694,-112.705127508541,16,MICT02,16_MICT02,MICT,321,145.0,207.5
-0.735354878010192,-3.18705586140124,0.30848604656427,-17.4695044345858,78.5531963193251,-75.8866416674835,6,HIIT02,6_HIIT02,HIIT,316,111.0,183.0
3.44290929523737,7.23333150932076,1.46021533208991,-184.739641070569,-157.473608475478,-145.967848466037,6,HIIT06,6_HIIT06,HIIT,121,111.0,183.0
-6.88016472223217,-21.1120676955744,2.30680244726266,-8.36515818372462,15.8327184405983,22.4187212653088,6,MICT06,6_MICT06,MICT,10,111.0,183.0
-0.576514346261081,-3.03880266394841,0.437259442418125,-40.2817828926618,54.8266487267943,-115.069988417598,6,MICT02,6_MICT02,MICT,297,111.0,183.0
-3.12324419966456,8.62056159563386,-0.0037382860810568,12.2576530411761,38.6867902067426,-9.62562935234997,6,MICT01,6_MICT01,MICT,349,111.0,183.0
-2.40160780583096,-7.68867803832069,1.11748489329518,15.7369076710979,58.3206005151655,-172.754302226947,16,HIIT03,16_HIIT03,HIIT,288,145.0,207.5
1.61113547432016,0.553775771159089,-1.36107037912447,44.9298615812251,-67.5238805261706,79.3830003996731,6,MICT03,6_MICT03,MICT,171,111.0,183.0
5.25902335048117,5.29429701963477,0.202405662159148,-47.3745560035301,-141.442681722429,92.1328689096592,16,MICT05,16_MICT05,MICT,135,145.0,207.5
1.24659660022088,-2.12972107550777,-1.10941310017049,47.4367922467197,66.5790197458614,24.5351362247419,6,MICT03,6_MICT03,MICT,198,111.0,183.0
1.75453162287665,-1.97857412909072,-1.47435294175216,481.244061677143,5.82374818678375,452.713134318413,6,HIIT02,6_HIIT02,HIIT,189,111.0,183.0
1.25910620361957,5.91141000750417,0.508852586541717,5.5682310655919,-55.1176076464949,92.7842021418052,16,MICT03,16_MICT03,MICT,85,145.0,207.5
-2.16627406141856,2.77638954483725,-0.527677711212225,34.497614198805,5.6661975508067,85.4924769946648,16,MICT03,16_MICT03,MICT,40,145.0,207.5
2.31046414844787,4.55865884884381,0.318584491811517,-12.8727248892911,-168.30724761585,79.3711293709078,6,MICT05,6_MICT05,MICT,122,111.0,183.0
-4.65294894773369,8.43129920533895,1.40065026850862,-16.094164012413,68.6364080702111,-67.7583732792125,16,MICT04,16_MICT04,MICT,342,145.0,207.5
-0.541628135426955,-2.06525462360904,0.254199266452061,-28.6336434030581,56.5352497100464,-86.9953299036851,6,MICT02,6_MICT02,MICT,318,111.0,183.0
-0.351527677179893,-3.95821454885731,0.287439023133943,3.50249949227945,86.4000478394365,-57.2120669096165,6,HIIT05,6_HIIT05,HIIT,311,111.0,183.0
3.28774475569781,7.91116606219554,0.741632732790264,-163.628342033539,-161.724073754163,-87.9833476601248,6,HIIT04,6_HIIT04,HIIT,106,111.0,183.0
-3.3349218025925,-5.20253196572635,1.66634852445228,-27.1591108979628,69.4956882755137,-85.5586853770086,16,MICT05,16_MICT05,MICT,333,145.0,207.5
6.97524805451254,6.18735162876071,-3.96701884067134,-378.468052667767,-93.5430644863125,-297.948654366914,16,HIIT01,16_HIIT01,HIIT,150,145.0,207.5
-0.240140359020191,-4.37172482683858,0.532614637434012,-8.08594826492008,90.0912599928795,-82.5993073692511,6,HIIT03,6_HIIT03,HIIT,304,111.0,183.0
0.0763037832625224,-4.08953912761248,-0.0934500213076479,1.30824766569522,104.98327896187,-125.620240166322,6,MICT03,6_MICT03,MICT,263,111.0,183.0
-0.383863654632917,5.61866924394772,1.26440858537271,-198.884092507138,-148.35945022277,-64.149490825205,6,HIIT02,6_HIIT02,HIIT,66,111.0,183.0
-0.679989259590108,5.01670773257497,0.11510239852386,15.6606057199239,-31.0094681127696,82.9933932718008,16,MICT03,16_MICT03,MICT,69,145.0,207.5
0.52402234833078,-3.13058255123623,0.408088677681117,-14.5872446968106,79.7048195660141,-112.558008891937,6,MICT01,6_MICT01,MICT,251,111.0,183.0
2.34023456502154,3.7953464578309,0.251576024210941,-11.961731526095,-187.596165437593,78.3704615698117,6,MICT06,6_MICT06,MICT,139,111.0,183.0
4.08091894237516,7.6452338530064,0.316882633191184,-193.913093255162,-181.170870113848,-139.345715492138,6,HIIT03,6_HIIT03,HIIT,113,111.0,183.0
-3.5112640898216,4.70321478335699,0.352765569058277,-113.83899710537,-53.7760172900384,39.0763330792594,6,HIIT04,6_HIIT04,HIIT,34,111.0,183.0
-1.49520213383805,3.07308857949685,-0.458688046598594,37.2947949087057,-4.46667296153184,83.9961745808601,16,MICT02,16_MICT02,MICT,47,145.0,207.5
-1.72755744279659,3.84882697983137,-0.21952187668735,-130.062209446768,-80.7483598741795,21.3194050544658,6,HIIT04,6_HIIT04,HIIT,46,111.0,183.0
3.92660627477515,6.21548264635208,0.444056793768412,-268.630600827563,-147.634941988982,-226.269957537283,6,HIIT06,6_HIIT06,HIIT,127,111.0,183.0
1.22764162063857,-0.883643547625498,-1.42071445695878,33.9797203775696,-9.18535844583921,46.1279453124569,6,MICT04,6_MICT04,MICT,182,111.0,183.0
3.69186595709878,6.60096722150306,0.707339572803334,-16.5998833674313,-82.351246766041,106.998298368308,16,MICT06,16_MICT06,MICT,104,145.0,207.5
2.43330300299841,-6.45750072321216,-2.31377069362189,137.760684604949,52.981966122339,91.5951418419946,16,HIIT01,16_HIIT01,HIIT,221,145.0,207.5
2.42457024230888,3.90143386806722,0.426678326258456,-12.4387523922565,-188.327764584846,78.9480945136148,6,MICT06,6_MICT06,MICT,138,111.0,183.0
-0.84619192173003,2.47816547330288,-0.567691190638025,1.93984311883592,-24.7008779792316,50.4203699194872,6,MICT02,6_MICT02,MICT,53,111.0,183.0
-2.99800433799703,5.23918521652669,-0.555136884974471,133.012507599422,134.991910127769,-61.7015916565982,16,HIIT01,16_HIIT01,HIIT,51,145.0,207.5
-2.66168259477178,6.82311583095081,0.233879582858452,1.85543086397543,-6.45343399569033,117.496067465167,16,HIIT05,16_HIIT05,HIIT,55,145.0,207.5
-4.55578986959891,4.84972031660031,-0.389848678993104,23.4614170125641,20.3612114310484,105.784238680807,16,HIIT04,16_HIIT04,HIIT,38,145.0,207.5
-0.85106086431974,7.17680426536303,1.33399376645471,-224.941957704985,-147.685134754467,-59.4227941657209,6,HIIT04,6_HIIT04,HIIT,67,111.0,183.0
-5.54461752600928,-18.5427237957705,1.8832104686814,-4.74186448080508,24.5309007495015,28.3323099595142,6,MICT01,6_MICT01,MICT,13,111.0,183.0
2.98182207623775,6.90723864425606,-0.618147346565487,-167.671707090455,-160.474403348701,-108.671536969758,6,HIIT05,6_HIIT05,HIIT,100,111.0,183.0
-0.512415122854704,-2.68583263555925,0.44784809984555,-37.1996413142708,54.2025403154207,-108.021651320125,6,MICT02,6_MICT02,MICT,299,111.0,183.0
0.893076073587488,-3.95040897447976,-1.55815034599103,2.91545896346378,39.7685239845263,-70.7063545740195,16,MICT04,16_MICT04,MICT,221,145.0,207.5
1.39598749379288,-7.93191741254529,-2.05306534104008,11.8840438023462,35.6664843734258,-153.49721161154,16,HIIT04,16_HIIT04,HIIT,233,145.0,207.5
-0.469918048009592,-2.1773586324934,0.199831728665532,-14.8814370255236,62.1284815291316,-77.8870763202537,6,MICT06,6_MICT06,MICT,308,111.0,183.0
1.13826683244338,4.84023821497338,-0.199597728962244,-9.26961682863399,-87.0194833572625,54.8141338647417,6,MICT06,6_MICT06,MICT,78,111.0,183.0
-0.915370606895694,8.40207100272627,0.35227201686055,-10.6793893435593,-36.9797352940555,123.56974859435,16,HIIT06,16_HIIT06,HIIT,68,145.0,207.5
0.810815574385719,4.00891944339645,-0.112843670271668,-6.4504423195932,-63.3872203096501,50.3232397805378,6,MICT01,6_MICT01,MICT,82,111.0,183.0
6.6482346700035,2.50455829835426,-2.91624586759179,-17.5474086513102,-71.4547135150068,76.0626371194494,16,HIIT05,16_HIIT05,HIIT,170,145.0,207.5
7.73861698762116,6.39622831777527,-1.35256380181383,-34.8208619084545,-95.9757821117448,138.839780972506,16,HIIT04,16_HIIT04,HIIT,152,145.0,207.5
-1.40646053856074,-3.39097925034162,0.58074858899153,-22.1828099975826,72.3780118963468,-133.810077290765,16,MICT02,16_MICT02,MICT,300,145.0,207.5
1.30293918855977,-3.30701102923435,-1.6578449767311,534.809715837829,107.724817516327,486.519656466465,6,HIIT02,6_HIIT02,HIIT,202,111.0,183.0
-5.64055999306516,-7.75291536978105,2.57961246523448,66.0176695918295,-77.3708149885443,-125.997722459906,16,HIIT01,16_HIIT01,HIIT,333,145.0,207.5
-1.65105600362168,-3.09090949406761,0.725294986874373,-30.1465133518123,72.1243895837663,-119.306708386077,16,MICT01,16_MICT01,MICT,318,145.0,207.5
3.09149333497762,5.52253838899859,0.761607259153812,-14.1042248612066,-150.72507902702,83.8298309804343,6,MICT03,6_MICT03,MICT,114,111.0,183.0
7.43558429468322,6.68805662537627,-2.29042691771741,-321.521534626544,-34.8119663357772,-282.788960299712,16,HIIT02,16_HIIT02,HIIT,149,145.0,207.5
1.04458056068383,5.14070306065051,-0.132959775461177,-15.6853955914045,-90.2095196325216,57.3930241695066,6,MICT03,6_MICT03,MICT,80,111.0,183.0
3.79699132999414,-4.97041812962507,-3.36246093059211,2.86277394562439,5.30157695070521,-64.1967633656292,16,HIIT06,16_HIIT06,HIIT,205,145.0,207.5
0.35213386589914,-5.11375687500074,1.34124006418813,16.9103935177141,121.006712300705,-98.816234792116,6,HIIT05,6_HIIT05,HIIT,264,111.0,183.0
3.17210050373223,5.16756883728165,0.856831712211143,-20.0277632646776,-175.7178988772,80.0307036173108,6,MICT03,6_MICT03,MICT,127,111.0,183.0
-0.493133271813764,-5.2964692403431,0.787267984038406,-30.9692013693958,87.2029829304168,-105.870676346858,6,HIIT05,6_HIIT05,HIIT,288,111.0,183.0
1.77903233605052,-7.71360798856158,-2.01385948419988,20.2817933765654,31.913444202714,-138.794555503287,16,HIIT05,16_HIIT05,HIIT,230,145.0,207.5
-5.31748954729608,17.0519113628155,0.599782748023716,61.5128381608965,53.776244666566,25.5453071106036,6,HIIT03,6_HIIT03,HIIT,349,111.0,183.0
-2.55698200081416,3.51477126800367,-0.282495035137538,-125.716396021795,-70.0303821066177,18.7911467038733,6,HIIT05,6_HIIT05,HIIT,37,111.0,183.0
-2.33401037362321,2.8617545875982,-0.531334611440679,29.5796335858178,5.54860984014325,81.6676482547667,16,MICT04,16_MICT04,MICT,38,145.0,207.5
-1.27701392912681,4.86610444263869,0.0718951826820004,3.06021067122613,18.0245016223519,29.9234976097815,6,HIIT04,6_HIIT04,HIIT,3,111.0,183.0
0.598450459177595,-4.44939654299496,-1.22400960069418,15.3435985024092,55.0211298308168,-86.1912134619318,16,MICT05,16_MICT05,MICT,230,145.0,207.5
-0.380815720627356,9.39342059036624,0.587367403984027,-9.88922585019654,-48.7223684146224,127.022314836987,16,HIIT04,16_HIIT04,HIIT,72,145.0,207.5
5.2650582752435,5.04264022080946,0.339652828511649,-32.062241318788,-131.845330499025,105.747887380444,16,MICT02,16_MICT02,MICT,141,145.0,207.5
0.703173143502438,-5.27547349413212,-0.392003428813412,102.757528951551,203.623146265428,-25.6937992279366,6,HIIT03,6_HIIT03,HIIT,244,111.0,183.0
6.79859809080496,2.94361991121179,-2.81565488105637,-20.2483425366261,-76.3332881520372,82.2612193726227,16,HIIT05,16_HIIT05,HIIT,168,145.0,207.5
0.823830674783136,5.23161178210631,0.247109600447754,5.65020305852926,-44.0097696897115,88.1327742463891,16,MICT01,16_MICT01,MICT,84,145.0,207.5
-4.7732657176029,15.7378177603341,0.0445998630942685,38.8386226571306,49.0202162245881,12.7252475299579,6,HIIT04,6_HIIT04,HIIT,349,111.0,183.0
2.40229807833225,-2.19705361470506,-1.84244530524679,513.509704538589,-25.8392781771448,499.325142866408,6,HIIT03,6_HIIT03,HIIT,187,111.0,183.0
2.20339510696247,4.33993137205577,0.192807204680041,-9.67318624540587,-152.457026352156,83.9635516514874,6,MICT04,6_MICT04,MICT,125,111.0,183.0
2.10108582717682,3.0602446979978,-0.05544556344506,-5.9131459426913,-152.375556055391,68.9179404399491,6,MICT02,6_MICT02,MICT,150,111.0,183.0
7.21647822780605,1.90229363067562,-2.88742972085685,-216.933523032575,28.3470477592018,-194.631434376742,16,HIIT02,16_HIIT02,HIIT,172,145.0,207.5
-1.77794922077955,2.25576641047134,-0.403163373591728,-12.0478610738328,-14.4947668567736,51.8217823500086,6,MICT02,6_MICT02,MICT,36,111.0,183.0
4.01503006474307,-4.34745881291544,-2.91886541522945,12.7467207601924,-1.83917473926157,-57.670305898715,16,HIIT05,16_HIIT05,HIIT,205,145.0,207.5
0.372085549287812,4.65937426965477,0.0855108423658054,-0.128168068874903,-61.4499868091594,59.3265962524425,6,MICT05,6_MICT05,MICT,70,111.0,183.0
0.410568750841313,-5.29491338101879,-1.18560788767142,24.2800781074926,60.7078880444021,-97.3796511203141,16,MICT06,16_MICT06,MICT,236,145.0,207.5
-5.0569491885685,1.61306875752992,0.0232573812361937,25.2509757916096,33.6221482025683,69.1265031718796,16,MICT06,16_MICT06,MICT,26,145.0,207.5
0.589631910652922,4.70816371206375,0.271300270837049,-13.0925182626282,-67.63388771032,47.36531005692,6,MICT04,6_MICT04,MICT,72,111.0,183.0
-0.515298085865734,-3.59604745480313,1.23664257790689,-26.7868310984853,82.3375236723126,-96.4488667200683,6,HIIT02,6_HIIT02,HIIT,301,111.0,183.0
4.19799411830092,7.0617617560873,0.821732904584423,-211.405253217466,-177.352474973622,-156.651112421945,6,HIIT01,6_HIIT01,HIIT,119,111.0,183.0
1.09809033719877,-3.77964982509061,-1.55404393071462,11.760252768544,32.9462014333952,-63.3674908891784,16,MICT03,16_MICT03,MICT,220,145.0,207.5
1.01540216918989,-3.35947477429912,-0.855881824223519,-1.72676323850233,111.845231140798,-77.2382823864216,6,MICT05,6_MICT05,MICT,221,111.0,183.0
-0.235838477094192,7.09246149160513,2.5740468596839,-191.264039910831,-155.615675784516,-72.4819554313266,6,HIIT01,6_HIIT01,HIIT,69,111.0,183.0
0.208674455114844,3.46971727714591,0.0222289933096501,-3.81814490309468,-46.5279879094999,44.8344553174503,6,MICT01,6_MICT01,MICT,74,111.0,183.0
4.51973704916221,6.18988498967467,1.44687459468916,-43.5806168106147,-110.369234182055,97.1748618081354,16,MICT06,16_MICT06,MICT,115,145.0,207.5
3.44100004232225,1.39438235856355,-1.39861605605155,0.896700528994578,-75.0562125824228,70.3584779645464,16,MICT04,16_MICT04,MICT,173,145.0,207.5
6.5916906557579,3.22552730011743,-2.55427353888762,-20.9462296753164,-64.4424410686244,98.1020426269066,16,HIIT04,16_HIIT04,HIIT,167,145.0,207.5
-0.171725326918618,-4.02676544926456,0.42495372505895,-22.2437231621045,75.4204941731622,-119.787872121711,6,MICT06,6_MICT06,MICT,278,111.0,183.0
0.574752100186451,-5.22058922299418,-0.84117867335646,239.013848146939,201.936726215405,147.638789401717,6,HIIT01,6_HIIT01,HIIT,224,111.0,183.0
-1.96242070832002,-8.35008623941786,0.938945807927413,15.1754980905461,57.9139528128056,-181.620785709855,16,HIIT06,16_HIIT06,HIIT,282,145.0,207.5
0.924384615548947,-8.42299378827465,-1.50681921595001,23.5263604605474,48.0080022880183,-165.274100524011,16,HIIT05,16_HIIT05,HIIT,243,145.0,207.5
2.28530721414627,-0.952691067647566,-1.60172686675088,259.397812845277,-48.0723864451319,243.186851125505,6,HIIT02,6_HIIT02,HIIT,179,111.0,183.0
-0.93838041277198,-3.73059066214806,0.351077367048239,-33.6698321576586,66.2030512784443,-121.78487505858,6,MICT03,6_MICT03,MICT,292,111.0,183.0
4.70309555167227,8.53254539021379,3.52754271562168,-68.3055933983307,127.576229442716,47.5431732671921,16,HIIT02,16_HIIT02,HIIT,92,145.0,207.5
-0.530681690582005,5.045652177246,0.0001185874215469,26.180506576273,-31.4153842395337,84.1465467228812,16,MICT02,16_MICT02,MICT,69,145.0,207.5
2.32637708206659,3.69789352505818,0.452747749794124,-30.3394659097524,-176.519143024335,58.1288434306874,6,MICT04,6_MICT04,MICT,138,111.0,183.0
-1.25179778814832,-4.57732554995634,0.35086795009941,-12.3847049605174,71.8272257604743,-144.669024116686,16,MICT01,16_MICT01,MICT,272,145.0,207.5
-4.4899151495082,-3.15331054329307,0.947108068475969,91.8484206964907,99.5009976046575,32.4819558555078,6,HIIT06,6_HIIT06,HIIT,340,111.0,183.0
1.03769784217976,4.23208417037725,0.203004763009924,-7.44776790148007,-79.3640775246919,51.5429077904482,6,MICT02,6_MICT02,MICT,84,111.0,183.0
-0.866623145488424,-3.99367102104144,0.99359481222845,-3.99746098478944,88.2868716672091,-76.8242421207036,6,HIIT04,6_HIIT04,HIIT,298,111.0,183.0
-3.19558520566663,-6.75267616888963,0.673091021652063,40.5416380096708,91.8848057443009,-10.6479143249673,6,HIIT02,6_HIIT02,HIIT,339,111.0,183.0
1.25857259733602,-12.3154803446687,0.239582084718542,60.3463916683563,47.9943367210547,31.0941849692278,6,HIIT06,6_HIIT06,HIIT,355,111.0,183.0
1.74102645016876,1.04590752792594,-1.18960227442806,39.0197860918265,-86.6542508354027,81.2307314940359,6,MICT03,6_MICT03,MICT,167,111.0,183.0
0.083213703528029,-5.13966328841593,-0.851438835386699,21.8451939127064,65.2895345111059,-107.32603191654,16,MICT06,16_MICT06,MICT,243,145.0,207.5
7.5801710843319,6.05156937058171,-1.53222576115983,-33.0836502010206,-92.0679761957893,134.401579794626,16,HIIT04,16_HIIT04,HIIT,154,145.0,207.5
2.42523910837125,5.35291875564938,0.520830799964707,-1.14494367152811,-125.724347045107,83.7725426231192,6,MICT05,6_MICT05,MICT,103,111.0,183.0
-2.34564709736362,2.00741512409317,-0.371338432235894,-25.340540281685,-2.56822023091818,40.5145828405059,6,MICT01,6_MICT01,MICT,31,111.0,183.0
-4.97759598233945,14.3359733706338,1.37159947075586,-24.2214457681473,67.8215330609454,-64.8348847327966,16,MICT03,16_MICT03,MICT,343,145.0,207.5
0.882863443781469,-4.33622673367908,-0.95754003745627,481.38941447396,175.119892849222,388.724083943222,6,HIIT05,6_HIIT05,HIIT,216,111.0,183.0
4.54730278415858,10.4124728337777,1.19890984099413,-33.5056977669709,-92.221989837198,151.957210829554,16,HIIT06,16_HIIT06,HIIT,98,145.0,207.5
0.0500749403039819,12.1884321024664,-11.8794716646425,-3785.34378781902,-2071.77964871469,-670.533347698464,16,HIIT01,16_HIIT01,HIIT,119,145.0,207.5
1.45590708539612,-3.60105607753282,-1.7131670569338,17.356396210988,25.6517015851456,-47.704548173262,16,MICT05,16_MICT05,MICT,214,145.0,207.5
-0.671194395614318,-3.21563540213433,0.341350490017647,-25.1547532409696,62.647655726371,-96.9472412929091,6,MICT06,6_MICT06,MICT,297,111.0,183.0
3.99571286000796,6.17411267804673,0.442484929581278,-278.084864619081,-152.42693730568,-233.209905293187,6,HIIT05,6_HIIT05,HIIT,129,111.0,183.0
5.67220070844041,5.77669925341334,0.299587492502829,-50.3575034006156,-147.253226503607,95.5376880503371,16,MICT05,16_MICT05,MICT,134,145.0,207.5
-11.4732507355678,-25.9740811983055,2.11941839848757,32.9772147951996,40.5718217128148,46.9122707915869,16,MICT03,16_MICT03,MICT,13,145.0,207.5
4.28316934045155,3.92835834666427,-1.02425413513933,-343.009435015659,-113.365562759334,-307.192449934874,6,HIIT05,6_HIIT05,HIIT,142,111.0,183.0
0.291730782579109,-5.1826584712933,1.21985730302991,5.58970441041682,114.48388705706,-106.258232428595,6,HIIT05,6_HIIT05,HIIT,266,111.0,183.0
2.01135839410273,-3.29046793439652,-1.99641228040716,632.082330905049,43.1920511269273,602.919170045337,6,HIIT03,6_HIIT03,HIIT,196,111.0,183.0
4.30987402326971,5.79201867273967,0.815596721519068,-12.8634972570676,-87.8944895384945,104.760398324182,16,MICT01,16_MICT01,MICT,112,145.0,207.5
1.78773548157973,-2.64736118967992,-1.80549833373139,16.9302884216376,8.46264331792156,-26.3238437694123,16,MICT05,16_MICT05,MICT,207,145.0,207.5
-1.1990022340447,4.65146428645587,0.457672535939558,-189.794451942646,-126.451494053867,-35.2910418202049,6,HIIT06,6_HIIT06,HIIT,53,111.0,183.0
-3.27539416091587,-8.23610830553161,1.7668863275609,-34.1999815180391,74.6729237228662,-82.9647306610293,16,MICT01,16_MICT01,MICT,338,145.0,207.5
-0.430176941610506,-3.69275678824658,0.645721626906314,-40.8365787932244,53.2298700241199,-118.904702201102,6,MICT04,6_MICT04,MICT,284,111.0,183.0
-0.200898731045207,-5.22407501032689,-0.663559674004145,22.6028736247058,71.3765843741887,-116.614450100191,16,MICT06,16_MICT06,MICT,250,145.0,207.5
-1.31739897535337,-4.48702158016713,0.827942786711906,2.3566081906892,90.000593055617,-58.7343759344109,6,HIIT04,6_HIIT04,HIIT,318,111.0,183.0
3.10506656151587,-5.45433488631157,-2.84955962270601,5.34087215520684,6.53543479513548,-79.0006814755327,16,HIIT04,16_HIIT04,HIIT,210,145.0,207.5
-4.12947624177278,6.43208806004105,-0.588042006933944,42.1880190394431,37.5649897412178,70.6203892106923,16,MICT03,16_MICT03,MICT,21,145.0,207.5
1.13190701378403,-3.69837249304675,-1.55694544757875,12.1260621090643,31.2493324373497,-60.4546272484781,16,MICT03,16_MICT03,MICT,219,145.0,207.5
1.24858221615297,-2.49353583301844,-1.10116806831444,23.2147687251546,74.0962981451445,-16.7824549316124,6,MICT04,6_MICT04,MICT,205,111.0,183.0
-3.76665376300827,-7.53871631161156,-10.1539244091578,3077.16403464024,1405.8347756993,1393.1424992424,16,HIIT01,16_HIIT01,HIIT,283,145.0,207.5
3.85393603509397,6.53067586225402,-0.0345688815015762,-135.339412678727,-159.608484623872,-97.2683551929907,6,HIIT06,6_HIIT06,HIIT,115,111.0,183.0
1.51072894489917,-2.55205601239926,-1.38445594063784,29.4952595517606,3.66088922921012,-25.8391656714704,16,MICT01,16_MICT01,MICT,211,145.0,207.5
0.832822712541645,-3.46075128018733,-0.763429772014162,418.637223987762,150.301996854215,358.329543752733,6,HIIT02,6_HIIT02,HIIT,210,111.0,183.0
-1.579860704936,-2.96401827836957,0.669392196696786,-29.9706806745191,72.0630165837839,-120.291794753932,16,MICT01,16_MICT01,MICT,317,145.0,207.5
6.17910853971757,1.34167615855616,-3.32220648052581,-12.6854815042844,-43.3010843014514,66.9731827688991,16,HIIT03,16_HIIT03,HIIT,175,145.0,207.5
-2.75877141017412,-9.8110551927072,0.330728603641376,122.249784930076,99.5152994446094,40.9788371178374,6,HIIT01,6_HIIT01,HIIT,334,111.0,183.0
3.73312588342633,4.85454773544695,0.0982316281738587,-256.378105012376,-165.176707886881,-223.065084707511,6,HIIT02,6_HIIT02,HIIT,135,111.0,183.0
0.460241491140322,-4.2440883041299,0.0737268520370172,-29.2625747042656,87.7315502201506,-150.330367778058,6,MICT03,6_MICT03,MICT,254,111.0,183.0
1.53398210372034,5.59166462601992,-2.1092504887529,-229.692194223442,-174.316697378329,-128.26306932804,6,HIIT02,6_HIIT02,HIIT,87,111.0,183.0
-3.41967235296679,2.87076444758154,-0.345916852050299,29.2076060681852,19.1094993840465,79.8724114736339,16,MICT01,16_MICT01,MICT,32,145.0,207.5
-3.53667905529718,21.0743764659402,0.634487178366262,-14.6110339765003,48.0803904815546,-42.6278348530897,16,MICT02,16_MICT02,MICT,347,145.0,207.5
-0.880421451595243,-3.53514867393708,0.457972001334362,-29.914415952683,68.6390547048881,-115.97766093165,6,MICT03,6_MICT03,MICT,294,111.0,183.0
-2.47241899432605,-6.12756848411441,1.43107278998804,7.82643268873449,64.4634655106129,-144.306100425569,16,HIIT05,16_HIIT05,HIIT,312,145.0,207.5
8.26952396722097,8.49669011117676,-0.450929266816324,-52.7259633388922,-122.048947621733,146.808911243179,16,HIIT05,16_HIIT05,HIIT,138,145.0,207.5
2.64200490571965,4.5267049364077,0.702979571108949,-5.74371399058272,-175.253695946182,84.0599439808442,6,MICT05,6_MICT05,MICT,129,111.0,183.0
8.18322768185961,6.27978378412579,-1.76168749353722,-35.1484913418609,-99.0065429326882,126.449233510499,16,HIIT06,16_HIIT06,HIIT,156,145.0,207.5
2.41847478942157,-0.987994045683396,-1.51039681052068,31.4426708307062,-31.3306177870459,20.4879937282808,16,MICT01,16_MICT01,MICT,196,145.0,207.5
-1.34058108985364,-3.18928097903629,0.476052444728605,-22.808668621322,71.9926358134696,-132.404838069544,16,MICT02,16_MICT02,MICT,302,145.0,207.5
0.735679143937272,-5.52110105558802,-0.207658953819143,109.42547033037,207.168288950612,-11.0763505079094,6,HIIT03,6_HIIT03,HIIT,238,111.0,183.0
-2.33141061099125,2.78151303615185,-0.554247082111636,34.8249489565558,6.81139824562783,85.4886951956925,16,MICT03,16_MICT03,MICT,39,145.0,207.5
2.31435474553026,6.01927861644535,0.63902667417648,-9.47104448262554,-64.7161161379009,97.5634529974524,16,MICT06,16_MICT06,MICT,94,145.0,207.5
-0.264031379166931,-5.4874942050329,-0.487810538651048,12.2922325032311,81.4044155102074,-126.396195168012,16,MICT05,16_MICT05,MICT,250,145.0,207.5
1.20027970421408,-1.94619362266185,-1.36590549597458,52.3589221649309,55.4310680129373,36.2743007472753,6,MICT03,6_MICT03,MICT,195,111.0,183.0
-1.9691015116785,4.08856005030821,-0.298174539752338,-135.207988278583,-82.2251631007524,23.1454547605466,6,HIIT04,6_HIIT04,HIIT,45,111.0,183.0
-2.19398587765559,-6.3110338225298,1.47766775153805,13.6316729347726,59.2476009148042,-157.80622618863,16,HIIT06,16_HIIT06,HIIT,301,145.0,207.5
2.53001296818797,0.115334497005284,-1.62325974117149,6.55904854141142,-50.8399811760485,43.1468464645891,16,MICT02,16_MICT02,MICT,184,145.0,207.5
2.48095796488964,4.95715136128016,1.04558375310194,1.37197591224104,-109.424638224398,81.2194057358844,6,MICT04,6_MICT04,MICT,104,111.0,183.0
-4.39207835213555,5.3549690264789,-0.40218634032866,21.7161404653358,14.8909303088025,112.686014388701,16,HIIT04,16_HIIT04,HIIT,41,145.0,207.5
-0.69929961675445,7.16133127369223,0.640652572387791,-303.45863670104,-184.916210396257,-141.696221414031,6,HIIT05,6_HIIT05,HIIT,69,111.0,183.0
-2.42302024435454,-7.12131532715342,1.30522428115055,9.99801322354955,63.6972293595874,-175.073635026167,16,HIIT04,16_HIIT04,HIIT,293,145.0,207.5
-1.11339802341403,3.45788140831763,-0.258214584495546,23.5413900834591,-12.8858229782937,79.0700035935259,16,MICT04,16_MICT04,MICT,55,145.0,207.5
-5.3952006138802,3.54213309152972,1.10747285657631,-91.3408694746095,-45.2308489318582,32.9142963484685,6,HIIT03,6_HIIT03,HIIT,25,111.0,183.0
0.331049785939644,-4.00678135059245,1.21817818119211,-40.0025833715689,68.2401722368715,-135.913310409979,6,MICT05,6_MICT05,MICT,275,111.0,183.0
15.3689190433422,13.3890598018935,13.8382715515728,-3607.44353275619,-2029.56859644592,-847.58365073607,16,HIIT02,16_HIIT02,HIIT,122,145.0,207.5
4.99564863580756,6.00264630564466,1.39601593944277,-31.0808108983888,-122.114764416367,105.210185052751,16,MICT04,16_MICT04,MICT,122,145.0,207.5
-4.29369235669332,-8.00406218255265,2.39738662159799,10.560466054061,71.2890394461309,-116.037476164564,16,HIIT05,16_HIIT05,HIIT,327,145.0,207.5
1.07711325007221,-8.29988257801547,-1.64598833224156,22.5366282081686,45.3507514524753,-162.496342948617,16,HIIT05,16_HIIT05,HIIT,241,145.0,207.5
-0.0363119182598384,3.30948678199279,-0.0171612767585597,1.22990139086558,-37.9017979750423,46.6744934863363,6,MICT01,6_MICT01,MICT,71,111.0,183.0
2.90123707035818,5.7060302888551,0.906029970344565,0.21214757108875,-73.7534747790985,98.2343906189943,16,MICT02,16_MICT02,MICT,99,145.0,207.5
4.22741170926083,-4.59127033964091,-2.99960583690977,43.7919829177452,39.9740136745124,5.04203250904434,16,HIIT01,16_HIIT01,HIIT,206,145.0,207.5
1.97335290373106,6.46683269160813,0.616967469659238,-0.327765200811567,-67.4593905360437,97.4025152782817,16,MICT05,16_MICT05,MICT,90,145.0,207.5
0.126649380847927,8.38725666219973,0.0810294038845678,67.7373458402001,143.37103529461,-15.8154235436942,16,HIIT01,16_HIIT01,HIIT,78,145.0,207.5
0.0971131197787111,-8.6616232068218,-0.848255234811127,16.0041374377211,55.5898463572919,-186.855918657019,16,HIIT04,16_HIIT04,HIIT,252,145.0,207.5
-3.93673943862454,2.77549348312401,-0.470356540410376,29.9262385203456,16.6407928024645,76.5638158863088,16,MICT04,16_MICT04,MICT,30,145.0,207.5
2.85116374149117,6.49423927468956,-0.467164488255094,-148.928157795221,-165.499242083444,-87.17784907656,6,HIIT02,6_HIIT02,HIIT,99,111.0,183.0
0.860279897024369,-3.78486148708482,-0.403888289930242,-7.81424142719894,110.809860147148,-110.999771813362,6,MICT05,6_MICT05,MICT,237,111.0,183.0
0.346982507082032,6.91521340887513,-1.06259726029682,-304.206435114645,-201.962330558226,-175.595500247645,6,HIIT03,6_HIIT03,HIIT,79,111.0,183.0
2.73705307428076,5.07210281570782,1.11503629547307,0.367077964236687,-134.669247550733,92.372743498059,6,MICT04,6_MICT04,MICT,115,111.0,183.0
0.906995926615547,-3.44515041402596,-0.501651389661122,-16.8636863748357,98.3831691209041,-106.016867725419,6,MICT05,6_MICT05,MICT,230,111.0,183.0
-5.76498616199443,6.22846537410753,0.883131630300195,-50.265224923936,1.10724185664396,51.1033545918621,6,HIIT05,6_HIIT05,HIIT,18,111.0,183.0
-3.53921994411513,5.27278701976316,-0.206865334162548,4.29143568021444,13.8129737761939,54.6301990312816,6,MICT02,6_MICT02,MICT,21,111.0,183.0
2.0761222957515,6.37568948620738,-2.10588717286122,-291.717128085229,-175.503938253346,-190.675733170835,6,HIIT05,6_HIIT05,HIIT,90,111.0,183.0
3.88651693574493,7.10117927221531,-1.28215364770589,-204.005398599096,-181.356517732433,-141.382344043927,6,HIIT03,6_HIIT03,HIIT,105,111.0,183.0
4.59986701823788,7.4182817308177,-0.0298657123209977,-178.143583171174,-183.069067429135,-121.960509033334,6,HIIT01,6_HIIT01,HIIT,113,111.0,183.0
-0.462982234792186,-3.0783375919346,0.647361752263782,-35.0649525134115,74.8437011360771,-96.2950919162828,6,HIIT02,6_HIIT02,HIIT,304,111.0,183.0
4.94176395211147,3.60025116291947,-0.686358567260541,-30.7662963841473,-120.282370499185,83.2935747156355,16,MICT06,16_MICT06,MICT,154,145.0,207.5
-1.08251647341241,3.86086182316069,-0.14258308460144,20.9726081064871,-18.3364089542103,78.6823116218574,16,MICT04,16_MICT04,MICT,59,145.0,207.5
-4.18565876462739,-2.31299905065419,1.7073970237876,-19.9428439619556,70.5607776657178,-71.6848988157912,16,MICT06,16_MICT06,MICT,340,145.0,207.5
-1.8484176573135,-3.24956597907875,0.881432812228626,-7.84608262985824,66.7374124892485,-103.098069843659,16,MICT06,16_MICT06,MICT,318,145.0,207.5
0.773451250017552,5.74199720960602,0.357907181623813,6.84545807995684,-50.1278803188154,89.5523662065543,16,MICT03,16_MICT03,MICT,81,145.0,207.5
-1.55024786364934,2.98120814503089,-0.363502076846131,31.1442899338631,-1.27608215810543,84.1352437899048,16,MICT03,16_MICT03,MICT,46,145.0,207.5
-6.73208200964694,4.07384271983073,-0.39148324856481,158.457907353527,136.6480048425,-84.5824838759055,16,HIIT01,16_HIIT01,HIIT,31,145.0,207.5
2.32087635006287,4.74144809059348,0.201038973657806,-2.79962605901804,-170.698705046987,96.505785678239,6,MICT06,6_MICT06,MICT,125,111.0,183.0
4.44803888185462,6.92921040995608,0.378177989706074,-255.056025355577,-174.362853643434,-206.721359548354,6,HIIT03,6_HIIT03,HIIT,126,111.0,183.0
0.816578803303617,-3.79890750807785,-0.0491880658992514,-2.59758776424763,98.7955095291604,-102.0210156489,6,MICT04,6_MICT04,MICT,236,111.0,183.0
-8.69713501714131,16.0984718290905,2.69733908060106,30.5548972673062,85.6580156429831,-77.5824549140187,16,HIIT03,16_HIIT03,HIIT,342,145.0,207.5
4.91336441158948,4.15597564238697,-0.206193519879056,-31.5466887650864,-125.532181004409,93.3541994553057,16,MICT03,16_MICT03,MICT,149,145.0,207.5
2.48573321289923,4.25219727611087,0.514672115603217,-9.43154015444657,-151.43438891796,79.8818809885977,6,MICT02,6_MICT02,MICT,128,111.0,183.0
0.811772008248964,-5.87516177770393,0.81033164126328,44.3246096380694,175.627925219897,-93.4070808070721,6,HIIT03,6_HIIT03,HIIT,253,111.0,183.0
-2.74510466708945,2.90544240509922,-0.325546704009055,19.5469466223814,16.0588732821811,78.9295440379309,16,MICT06,16_MICT06,MICT,38,145.0,207.5
3.54013778853152,4.18962839610198,-0.212091492660667,-255.095818202627,-154.797082309545,-225.120467256837,6,HIIT02,6_HIIT02,HIIT,137,111.0,183.0
-1.37066140514225,-5.1471867535073,0.546359629235145,-8.18359404072774,75.9738512420021,-140.889972328083,16,MICT04,16_MICT04,MICT,279,145.0,207.5
5.05737841340476,-0.56095645658795,-3.17120391939045,-7.63952817803861,-27.8888055230985,22.5960482444454,16,HIIT06,16_HIIT06,HIIT,185,145.0,207.5
2.78572093027498,-6.01777780939747,-2.68210808314791,6.65303201527328,11.7065465325998,-94.1021836602765,16,HIIT04,16_HIIT04,HIIT,214,145.0,207.5
-11.8277734123754,-10.6711722842353,1.33345651916431,44.8267295409366,73.3024218878772,72.5905354146796,16,HIIT05,16_HIIT05,HIIT,16,145.0,207.5
0.951313104906446,-0.956633929682233,-1.23534291784196,40.4243767091164,8.41495053102386,55.4826678084289,6,MICT06,6_MICT06,MICT,182,111.0,183.0
-0.659743371051131,2.31039039567573,-0.887519994379852,-7.84817382982659,-16.656180591283,50.1033858172869,6,MICT06,6_MICT06,MICT,43,111.0,183.0
0.350589376973964,-9.81909207065435,-1.1521061363956,23.5331498184603,49.0146261054276,-178.500097925052,16,HIIT03,16_HIIT03,HIIT,248,145.0,207.5
0.429614754844039,-4.86552210531473,-1.14938296667992,23.38621874495,57.2000885050725,-91.7960641770362,16,MICT06,16_MICT06,MICT,235,145.0,207.5
0.538071273072021,-3.32250407065131,-0.479786747771337,-8.81939462714671,102.812712980929,-104.041105645047,6,MICT02,6_MICT02,MICT,242,111.0,183.0
3.63385771570924,0.920988198289072,-1.6235218056464,-89.8185217468291,-67.077690260148,-85.5985807176868,6,HIIT06,6_HIIT06,HIIT,164,111.0,183.0
-0.351827383216893,3.31201402714878,-0.358373324614058,6.62517031525865,-34.0302886665255,58.8967721870535,6,MICT05,6_MICT05,MICT,58,111.0,183.0
-0.247552155809838,-5.08184641655894,1.00397239565448,-1.08401157741011,98.7944979832717,-85.7730514314918,6,HIIT03,6_HIIT03,HIIT,296,111.0,183.0
0.975859544151398,-0.265473935515859,-1.0406209522352,48.7111794116977,-13.0513196705051,62.6377871113231,6,MICT01,6_MICT01,MICT,185,111.0,183.0
-2.45206259933221,-4.77805831087939,1.42523732967176,-17.1110675661924,72.6145194716391,-105.455274436959,16,MICT03,16_MICT03,MICT,324,145.0,207.5
6.75217722410474,9.3666833704842,1.12123430908288,-52.9559824547837,-110.887973700792,148.713804386794,16,HIIT05,16_HIIT05,HIIT,119,145.0,207.5
-9.71905018448502,34.6846901894069,1.07934177592033,89.6387550235109,79.4884546735129,36.0175661786834,6,HIIT03,6_HIIT03,HIIT,346,111.0,183.0
-2.05322705874769,-6.96815824246297,1.19474732990268,11.8883960830918,58.4925330235319,-164.69648273985,16,HIIT05,16_HIIT05,HIIT,290,145.0,207.5
1.47798876306337,-2.28965149169356,-1.3182312918472,29.0476364226992,1.4639148483881,-21.6285370877346,16,MICT01,16_MICT01,MICT,210,145.0,207.5
6.05498426508268,0.645153779541122,-3.20465072505818,-6.24108607737082,-49.7908485151166,45.3733845735035,16,HIIT05,16_HIIT05,HIIT,179,145.0,207.5
1.46454968501271,-7.76598169831542,-2.39076484885334,10.1491447415791,31.6732293082307,-145.157301837553,16,HIIT06,16_HIIT06,HIIT,230,145.0,207.5
6.72521196353025,10.7272268465783,1.78899100169813,-48.9794857559224,-116.76270973983,159.701746801036,16,HIIT04,16_HIIT04,HIIT,111,145.0,207.5
-2.20161435784414,-6.76213615577036,1.06802835001126,9.39014683790188,59.9906711952634,-171.116138650281,16,HIIT04,16_HIIT04,HIIT,290,145.0,207.5
-2.82582807471078,-5.53476189547648,0.9139485386012,20.2334108423121,92.8041636672694,-35.2724902380125,6,HIIT04,6_HIIT04,HIIT,328,111.0,183.0
-2.30327811296618,3.02317536550326,-0.396665903953091,26.9382823464835,6.37046874857241,83.2029750675042,16,MICT05,16_MICT05,MICT,42,145.0,207.5
2.49157260180317,-0.894261733775536,-1.51987210583508,31.4242638903038,-33.7120646884715,23.4568060188167,16,MICT01,16_MICT01,MICT,195,145.0,207.5
-0.963583026065412,-8.77605526177145,0.168797056390341,9.70717705202268,54.9386500142132,-198.811384678434,16,HIIT04,16_HIIT04,HIIT,264,145.0,207.5
-4.82934252428907,1.51342726126475,-0.499137721202165,42.9917553328774,23.7230870096063,76.6030970492307,16,MICT02,16_MICT02,MICT,26,145.0,207.5
4.61091678071401,4.6659669868676,-0.621094257731157,-324.050035815875,-137.322239642174,-287.323043184747,6,HIIT03,6_HIIT03,HIIT,142,111.0,183.0
3.92280235168788,1.46888104928959,-1.57319185543511,-139.289050320957,-71.6967442863766,-130.989971465898,6,HIIT06,6_HIIT06,HIIT,161,111.0,183.0
7.56468123690752,3.93398152050341,-2.25859776220572,-284.417220360625,5.37800556654271,-249.667045964419,16,HIIT02,16_HIIT02,HIIT,162,145.0,207.5
1.95723178441805,2.88839950790447,-0.136163716225492,5.46505590924351,-154.84472391024,72.6484922074392,6,MICT05,6_MICT05,MICT,149,111.0,183.0
0.199126526469328,-5.58417700856904,-0.387235706624964,41.2619000217337,138.054958636806,-81.1635005960874,6,HIIT06,6_HIIT06,HIIT,260,111.0,183.0
1.16142487450724,-2.06501279398558,-1.24618220366395,29.0400115120728,56.8674034357478,3.96763587031226,6,MICT04,6_MICT04,MICT,199,111.0,183.0
-0.839160730397062,-5.56863878020809,0.51409777102942,-4.80492422813949,98.1642161046345,-101.578131513056,6,HIIT04,6_HIIT04,HIIT,283,111.0,183.0
-4.36487120658425,1.61303435021787,-0.136922974836086,28.6533746713401,24.4325414804849,75.8342868623657,16,MICT01,16_MICT01,MICT,28,145.0,207.5
4.10059109030705,1.5300301686879,-1.71184002323399,2.41972078796129,-88.5830002093998,68.9754033367072,16,MICT05,16_MICT05,MICT,172,145.0,207.5
0.859980009803578,-3.73842832909384,-0.236884938581169,5.14110419074305,104.207267307412,-89.2532061430161,6,MICT04,6_MICT04,MICT,232,111.0,183.0
-1.59979720958562,1.52196021572322,-0.225342115101849,16.5683522529194,23.7864325067904,22.1062503752734,16,MICT02,16_MICT02,MICT,5,145.0,207.5
5.60272055978834,4.48407141188197,-0.258611485932426,-36.7541216002234,-129.286750220348,91.9477163852472,16,MICT06,16_MICT06,MICT,149,145.0,207.5
3.92784672577861,-1.81265851368683,-2.40065169430536,235.088907461204,-51.3994016919682,195.755865444411,6,HIIT04,6_HIIT04,HIIT,182,111.0,183.0
-6.00693429055037,-14.53017669879,1.24507253556859,20.7071732481925,25.4451659358058,27.3191302595842,16,MICT03,16_MICT03,MICT,8,145.0,207.5
-2.25447547478941,-7.76808282225374,1.30065850139829,12.8507768657928,61.2344440651698,-173.682122379926,16,HIIT05,16_HIIT05,HIIT,289,145.0,207.5
0.0648772342268589,-8.09467958681291,0.70412436034875,4.69930641479046,38.6520652004292,-6.06116812396136,6,MICT03,6_MICT03,MICT,354,111.0,183.0
-0.155665197223704,-4.80220383611363,-0.807044301300621,-0.260388621776888,71.0934586684027,-117.531643475687,16,MICT02,16_MICT02,MICT,242,145.0,207.5
1.69608040785532,-7.81277619733877,-2.09148817783439,18.0832527478292,27.8930493750232,-131.67752811625,16,HIIT03,16_HIIT03,HIIT,229,145.0,207.5
5.25032458801392,5.60876649808734,0.714277068973138,-50.1129696841696,-140.470045533658,92.3243256073864,16,MICT05,16_MICT05,MICT,130,145.0,207.5
0.0794897141133856,-7.76672589206447,-1.38712591624654,206.068634679124,88.5973877581327,159.915973196414,16,HIIT01,16_HIIT01,HIIT,241,145.0,207.5
0.715155407485587,-5.30111909852384,-0.507956727953599,90.3744986297787,181.65546622315,-26.6782692919252,6,HIIT01,6_HIIT01,HIIT,241,111.0,183.0
1.28571728852875,4.89314575566583,-0.151949125278924,-9.70689599652002,-84.2850199979073,56.5004733508389,6,MICT04,6_MICT04,MICT,82,111.0,183.0
5.94723791030222,1.73675529670763,-2.91648310780178,-15.7362408753432,-50.0998038213931,72.1081730236103,16,HIIT04,16_HIIT04,HIIT,174,145.0,207.5
4.40418487885451,6.7235817794331,0.607195382587021,-292.038015148691,-167.775381592602,-245.229565366222,6,HIIT03,6_HIIT03,HIIT,130,111.0,183.0
-2.56856083024266,-7.69995125006483,1.02637786570406,146.76108616973,138.5515233766,139.339204868245,16,HIIT02,16_HIIT02,HIIT,284,145.0,207.5
-1.01335726903887,1.60118395072016,-0.570463711879939,-21.2591824666952,-12.2313585631723,38.4641335840162,6,MICT01,6_MICT01,MICT,41,111.0,183.0
-1.13364669560887,4.0195637687901,1.12268439027127,-147.576800764176,-99.9433889474361,-4.94246182493947,6,HIIT05,6_HIIT05,HIIT,48,111.0,183.0
-2.17451679918467,2.11735783494954,0.352904594748348,48.6342652930283,43.3781080096039,22.2568098888663,6,HIIT05,6_HIIT05,HIIT,351,111.0,183.0
-9.90800715836932,-26.6105060837692,2.20080019341197,24.167878148019,29.8128737400139,33.1439631291577,16,MICT03,16_MICT03,MICT,10,145.0,207.5
-1.97873223429726,-8.63120439071871,0.826241093155152,16.3201370036147,55.1727383219547,-182.387907260375,16,HIIT03,16_HIIT03,HIIT,277,145.0,207.5
0.529729205539472,-4.04638865163747,-1.45799015412983,2.09367174272122,42.5428575988023,-78.8869239331036,16,MICT02,16_MICT02,MICT,224,145.0,207.5
1.14042743900433,-2.73879334827457,-0.916901050804124,16.2559677722125,85.042548744295,-37.7997668331432,6,MICT04,6_MICT04,MICT,212,111.0,183.0
-1.19728336172045,4.92332617713926,0.484265552247644,-196.391673840373,-131.682590051975,-43.1222408640778,6,HIIT06,6_HIIT06,HIIT,55,111.0,183.0
7.97586918394064,9.94440599113266,0.745873840380541,-58.4198818248777,-123.690619978161,154.123227167148,16,HIIT05,16_HIIT05,HIIT,125,145.0,207.5
2.4955172804293,4.78619334051363,0.936645038130302,1.41348754509661,-127.940096061758,89.7388777959252,6,MICT04,6_MICT04,MICT,114,111.0,183.0
-4.90980747250689,4.78554087340864,1.0261477776553,-77.6007258873219,-29.1687150632772,43.5144504507982,6,HIIT06,6_HIIT06,HIIT,24,111.0,183.0
-4.02232781447312,3.93219258676519,-0.494311694010469,139.831519439866,131.400697522776,-68.4717736470735,16,HIIT01,16_HIIT01,HIIT,42,145.0,207.5
2.74989680298254,10.6623266659782,1.12781771982709,-43.9605896423805,-84.1342859649745,139.395677073633,16,HIIT05,16_HIIT05,HIIT,91,145.0,207.5
0.409105359468913,-4.64144051563624,1.43486685124239,22.7327730184826,134.153973449443,-97.9548918922231,6,HIIT02,6_HIIT02,HIIT,260,111.0,183.0
5.61542469802375,-1.90035060405012,-3.79484706360122,0.140346860634466,-16.5049960853825,9.70073570068307,16,HIIT03,16_HIIT03,HIIT,190,145.0,207.5
0.358009530691306,9.8632929746937,0.909594886209143,-26.3390571197945,-55.2520190682401,132.133725271077,16,HIIT05,16_HIIT05,HIIT,79,145.0,207.5
-1.6792026540107,-8.56922658233627,0.464094413503947,9.38361299192642,57.6556261941579,-197.118537789071,16,HIIT04,16_HIIT04,HIIT,273,145.0,207.5
0.51985471042514,4.34972542020875,0.321275567732652,-10.8245946194263,-62.1483119953232,46.3134107738726,6,MICT04,6_MICT04,MICT,71,111.0,183.0
-0.460709007138954,-2.13935820835092,0.527549890735815,-19.3115404285577,65.3891357591162,-78.0892186752836,6,MICT04,6_MICT04,MICT,308,111.0,183.0
-4.77156380337131,8.16763291715349,1.51099027972583,-24.9627853830915,70.8351235699761,-68.9777946578609,16,MICT03,16_MICT03,MICT,342,145.0,207.5
-6.5158495300245,11.3612170010972,0.737791306377232,96.8797975158044,97.0890275503831,38.7473614204064,6,HIIT06,6_HIIT06,HIIT,342,111.0,183.0
1.43549473548309,1.50933434986594,-1.00839619132176,22.8951262427907,-95.6256100165624,74.7767555396005,6,MICT02,6_MICT02,MICT,166,111.0,183.0
1.07918507378435,-3.62357543106346,-1.71800487197974,3.51172751719113,32.1543376101857,-59.6622503251838,16,MICT04,16_MICT04,MICT,217,145.0,207.5
4.0339868916233,-3.20091540170213,-2.79790136330289,10.1930920362118,-8.58080210876277,-35.9557523889723,16,HIIT05,16_HIIT05,HIIT,200,145.0,207.5
0.703344281367503,-4.7439179114337,-0.427105948448394,381.849902506218,199.211735486155,305.014502402911,6,HIIT01,6_HIIT01,HIIT,217,111.0,183.0
5.15329821302061,4.40333657524918,-0.204091350863067,-31.3065895674306,-128.141837116709,95.5852177916187,16,MICT01,16_MICT01,MICT,138,145.0,207.5
1.77794156583418,-7.81506252125539,-1.83969563779135,175.134117163537,81.795155193894,140.567191856488,16,HIIT02,16_HIIT02,HIIT,233,145.0,207.5
-1.57794093659081,-4.99376630145504,0.547732078097521,-3.95603512663293,76.3089385081815,-139.072813374468,16,MICT03,16_MICT03,MICT,282,145.0,207.5
0.857884285688354,-2.93308990761396,-0.874562983550731,-0.955504944698543,101.016596843909,-63.0087086012802,6,MICT02,6_MICT02,MICT,222,111.0,183.0
-11.6146555269111,41.7452368256497,1.81935693592984,14.4508764488888,60.3901252804425,-55.3356697464059,16,HIIT05,16_HIIT05,HIIT,346,145.0,207.5
0.780669582598604,-4.3835571972435,-0.568613860023872,424.338196063673,219.69341516272,346.128318787496,6,HIIT03,6_HIIT03,HIIT,219,111.0,183.0
-0.0169664953540305,2.6782275443949,-0.194170023232049,26.129582286196,43.2918685109114,27.8149408554606,16,HIIT05,16_HIIT05,HIIT,0,145.0,207.5
-1.53520795413992,1.02558552965384,0.459012252087931,-12.657736331392,30.7447717040579,-27.6618871126362,16,MICT02,16_MICT02,MICT,351,145.0,207.5
-2.01468110169966,2.97475191324017,-0.471122903000643,29.1284183860686,0.764865318510113,84.7596799504792,16,MICT04,16_MICT04,MICT,42,145.0,207.5
-1.51986199515865,-8.78555587628927,0.697796840189071,18.8203948812418,60.2722860501362,-185.608459222983,16,HIIT05,16_HIIT05,HIIT,274,145.0,207.5
-0.658309914967132,-4.42735762791477,0.406430789623355,12.1045623962462,87.6925190101417,-55.2690060908926,6,HIIT03,6_HIIT03,HIIT,316,111.0,183.0
-2.06193617614016,3.72781036420493,0.278886289670029,-137.233371929901,-86.9980962934797,13.3720416351032,6,HIIT06,6_HIIT06,HIIT,41,111.0,183.0
-4.72483605982783,3.7547857379865,-0.703074127945721,140.901518912753,140.564073692856,-61.8063441693423,16,HIIT02,16_HIIT02,HIIT,38,145.0,207.5
2.63541453809246,-2.01233908348752,-2.07505980125866,462.670817978653,-37.2489519586452,451.357334944432,6,HIIT03,6_HIIT03,HIIT,185,111.0,183.0
4.32654467634613,6.27299408328915,1.75792220177043,-31.3620656968067,-98.1353174583996,101.445325182795,16,MICT06,16_MICT06,MICT,112,145.0,207.5
-14.6673231769903,-21.9622596304159,1.82448270730432,46.8906210031049,68.1954351839794,64.0546458368923,16,HIIT03,16_HIIT03,HIIT,15,145.0,207.5
-1.21775311691627,3.98026811443581,-0.0826902938897354,22.3873853040106,-16.6685949678646,80.4282494410503,16,MICT03,16_MICT03,MICT,59,145.0,207.5
0.388046738308328,-3.09121304229576,0.308663159204391,-26.5779082807683,66.8866524431811,-125.941475503204,6,MICT01,6_MICT01,MICT,257,111.0,183.0
4.23343015409648,4.15012864545266,-0.882469351636338,-347.955468732235,-116.526991592834,-310.614546591508,6,HIIT05,6_HIIT05,HIIT,141,111.0,183.0
3.73828068940765,7.11669989330836,1.03412276499248,-240.040986181985,-167.230212392667,-188.671411644493,6,HIIT05,6_HIIT05,HIIT,121,111.0,183.0
-15.9756048332959,-14.9137633241832,-72.3843317755044,741.87363301934,407.343810053674,435.512704721497,16,HIIT01,16_HIIT01,HIIT,267,145.0,207.5
15.121968870902,7.62982477011904,9.93753674961604,-159.009699544902,11.8349241625215,-247.748735272922,16,HIIT01,16_HIIT01,HIIT,144,145.0,207.5
2.49635717556823,4.90858317826531,0.630173433444425,-0.113491733048088,-121.410893413164,82.8586779891488,6,MICT02,6_MICT02,MICT,111,111.0,183.0
3.2380369037273,7.02996563355413,-0.196501807733079,-175.624317726435,-162.598154513856,-118.081801759512,6,HIIT05,6_HIIT05,HIIT,103,111.0,183.0
11.0839951115209,7.65873248482049,3.71987150452734,-48.76732908394,65.9156085540302,-223.975772781225,16,HIIT01,16_HIIT01,HIIT,142,145.0,207.5
4.82676478831999,10.7198022245843,1.44262291241112,-49.9233632802097,-98.3804666338514,148.747511580608,16,HIIT05,16_HIIT05,HIIT,102,145.0,207.5
0.750553283475029,-5.99923175119893,1.97554520202194,21.6756853084457,151.522243360795,-110.20483940448,6,HIIT03,6_HIIT03,HIIT,264,111.0,183.0
-1.15654512840604,-3.64657730844744,0.326465058570845,9.11176675347461,72.1149328767791,-55.9532946338373,6,MICT06,6_MICT06,MICT,323,111.0,183.0
2.51858750698142,-2.24081827467538,-2.05916757507834,17.7234033918363,-11.5640030351756,-6.08852429800985,16,MICT06,16_MICT06,MICT,200,145.0,207.5
1.40748559502724,4.83747717769232,-0.264836304595494,-2.33714649249818,-91.3460728769666,65.5433845179791,6,MICT02,6_MICT02,MICT,93,111.0,183.0
-0.919117158437731,-3.82656684586112,0.399696083921676,-35.3398160496034,65.098471423156,-124.56412139237,6,MICT03,6_MICT03,MICT,291,111.0,183.0
3.49709221925854,-5.22036261065764,-2.7682486002658,14.2405175910673,3.9955368091706,-77.0744918342344,16,HIIT05,16_HIIT05,HIIT,210,145.0,207.5
-1.24947315448765,4.50987805732494,0.0760926954068708,-1.55325533831387,12.9742710541976,25.791985046942,6,HIIT03,6_HIIT03,HIIT,2,111.0,183.0
0.0465481625235726,-4.00289949045893,1.55567929048114,-26.5502630206436,66.2896031362384,-115.866854845753,6,MICT04,6_MICT04,MICT,280,111.0,183.0
-0.534351608753464,-2.52061930865553,0.408127225629478,-36.4307343342665,62.5173007670597,-93.5510237986176,6,MICT05,6_MICT05,MICT,302,111.0,183.0
7.96003463358258,6.81862132711393,-1.21602312125036,-43.7238981737649,-99.4139679279891,138.693516863012,16,HIIT03,16_HIIT03,HIIT,148,145.0,207.5
0.958098738708069,-4.88594525212748,1.28471682466541,225.15274413828,240.574738876427,113.78436937992,6,HIIT03,6_HIIT03,HIIT,231,111.0,183.0
0.737852806241315,-8.58710686658951,-1.33458930645233,14.2022245278589,45.0511048785666,-169.998534104706,16,HIIT04,16_HIIT04,HIIT,241,145.0,207.5
-1.84274413753764,7.85028386814194,0.16229509574245,2.51749776122693,-25.4252398160646,119.530037527972,16,HIIT04,16_HIIT04,HIIT,61,145.0,207.5
2.59386589276226,-2.96540502599134,-1.84992310782074,457.003000238494,12.3348129681855,390.464878031101,6,HIIT04,6_HIIT04,HIIT,197,111.0,183.0
3.50428898471562,6.58069410438885,-1.23241215221991,-203.193035003329,-174.892401515527,-141.06605709382,6,HIIT03,6_HIIT03,HIIT,104,111.0,183.0
4.16932047081397,2.73405370860981,-0.938833494150042,-10.8583921605446,-103.91958581272,87.9979929561357,16,MICT04,16_MICT04,MICT,162,145.0,207.5
6.57170859972305,2.28018321534435,-2.95745536288155,-16.1545828729952,-68.9138730349669,72.9355160589833,16,HIIT05,16_HIIT05,HIIT,171,145.0,207.5
3.13092380436641,7.46884097567512,-0.179474558947845,-152.898112977263,-158.142497959387,-76.5755049625141,6,HIIT04,6_HIIT04,HIIT,103,111.0,183.0
8.17569688534565,9.15189457384832,0.132550087660739,-56.3144794998041,-124.023323976148,151.621751261976,16,HIIT05,16_HIIT05,HIIT,132,145.0,207.5
2.87338452609722,0.760402871320385,-1.36946576893321,-2.16360291297782,-68.4734291561806,15.7597387525417,6,HIIT01,6_HIIT01,HIIT,168,111.0,183.0
1.23893428742002,0.26635437145487,-1.10455439731059,35.1496546477577,-50.3403668778077,63.8701392326098,6,MICT05,6_MICT05,MICT,172,111.0,183.0
-0.328232572535795,-3.96649764463682,0.939158928253323,-40.4690385554767,56.2320731956576,-122.745467524554,6,MICT04,6_MICT04,MICT,283,111.0,183.0
3.36918107489973,1.25175653494739,-1.41611431310923,1.70151055589712,-72.3809531556249,68.3210343301997,16,MICT04,16_MICT04,MICT,174,145.0,207.5
-4.96414265586427,5.33642905188108,-0.320532487261879,14.693018976559,24.0065155834338,106.854586971607,16,HIIT06,16_HIIT06,HIIT,38,145.0,207.5
2.10708248795757,2.82778555561654,0.273366046313077,0.878550823011771,-146.6069627548,70.7706402811235,6,MICT01,6_MICT01,MICT,154,111.0,183.0
5.05640191951418,3.3534651496582,-1.09866521886077,-26.3957835754649,-118.997839897986,82.7466188498143,16,MICT06,16_MICT06,MICT,158,145.0,207.5
-2.36609566971671,-5.92662647897531,1.19364000531236,-0.139041497577121,77.5637869178429,-47.9293552533466,6,MICT03,6_MICT03,MICT,334,111.0,183.0
-2.31523852894554,2.06904898332012,-0.554880804157092,-19.355865825701,-1.12692065221548,45.4470848451961,6,MICT06,6_MICT06,MICT,29,111.0,183.0
4.90589641545129,-0.984730024730062,-3.19782162034134,-6.31844752816627,-24.1632059254929,14.0099898938827,16,HIIT06,16_HIIT06,HIIT,187,145.0,207.5
-2.32796743612975,3.54840640027543,-0.228647164934278,-122.309742504461,-90.4874298317214,17.7138590361062,6,HIIT03,6_HIIT03,HIIT,39,111.0,183.0
2.81079325162149,3.90819707318338,0.223116011289893,-18.6476089824635,-181.326823852704,68.3029125973793,6,MICT03,6_MICT03,MICT,142,111.0,183.0
-8.2497760336811,-20.6802619778085,2.11673613698732,15.7186122638543,28.7089110693938,24.3882081060873,16,MICT06,16_MICT06,MICT,9,145.0,207.5
-2.60863792955099,-1.87038703658487,0.748343462050175,-4.40913740936466,8.75620166212923,29.1915751815817,6,HIIT06,6_HIIT06,HIIT,6,111.0,183.0
0.406004014193541,-4.26618167469508,0.956248633040888,121.072832925132,195.661900534094,4.98664411468666,6,HIIT02,6_HIIT02,HIIT,241,111.0,183.0
4.03727512031048,6.7611043666647,0.125952979308614,-217.46113350166,-173.943685446804,-166.150792245197,6,HIIT03,6_HIIT03,HIIT,118,111.0,183.0
0.985886428390848,-8.53179199801045,-1.67050928665693,20.6111802570403,37.2731649130177,-152.69532572023,16,HIIT03,16_HIIT03,HIIT,238,145.0,207.5
-0.241244896596393,-3.31487683148731,0.525982308049572,-19.6278483156505,66.9096660018269,-107.265547615057,6,MICT01,6_MICT01,MICT,284,111.0,183.0
0.992448779350831,-1.68532825671467,-1.21952569661668,27.6303247979861,45.050236461284,23.6166544575724,6,MICT06,6_MICT06,MICT,191,111.0,183.0
-1.00604298976612,-9.00925613727661,0.0651129250416662,21.3241720330886,59.2552142127581,-187.477844092949,16,HIIT06,16_HIIT06,HIIT,267,145.0,207.5
-0.493763339473177,-5.25956277152265,0.154034382487733,29.742286793354,89.7024496621004,-33.6171883614182,6,HIIT01,6_HIIT01,HIIT,319,111.0,183.0
2.10804043382214,-1.41771962542345,-1.86772974721529,9.44610059896855,-16.1619773068358,11.2451541386352,16,MICT04,16_MICT04,MICT,195,145.0,207.5
1.67816799215054,5.19052166662528,-0.0170738523793279,-10.4934709627702,-102.873264534048,61.8722151623692,6,MICT06,6_MICT06,MICT,86,111.0,183.0
-3.9933011620349,7.04765150034984,1.13076693864407,-19.2512089668206,70.7120134299928,-65.4779842003446,16,MICT02,16_MICT02,MICT,342,145.0,207.5
1.13395470098094,-1.70657766838639,-1.03100915967094,19.0552140924595,47.6481776347074,3.9335373324745,6,MICT05,6_MICT05,MICT,194,111.0,183.0
-1.0906256698834,-8.69587263671622,0.249731311845587,8.92856554382134,55.2392540303397,-199.378580570056,16,HIIT04,16_HIIT04,HIIT,266,145.0,207.5
-7.72323861652388,3.53260389162474,0.0134664770390494,26.9614947017278,46.7152605658629,93.9223735553371,16,HIIT06,16_HIIT06,HIIT,28,145.0,207.5
0.424245264060809,6.45026842062696,-2.14744283784367,-317.176093016741,-184.359255167285,-180.824242771214,6,HIIT05,6_HIIT05,HIIT,78,111.0,183.0
1.07039621678026,-0.574608708623594,-1.29436442154118,44.7656586848044,-16.3731549787618,71.0694423162271,6,MICT06,6_MICT06,MICT,177,111.0,183.0
0.693279246379449,4.81815964952622,-0.0529263811930631,-15.1905092157027,-75.467386033215,48.2437192190268,6,MICT04,6_MICT04,MICT,75,111.0,183.0
1.05349333223103,-1.29296531881273,-1.28176339990456,38.8834811882468,22.9838957340549,48.1379538623121,6,MICT06,6_MICT06,MICT,185,111.0,183.0
0.305971050628837,-4.5603230528885,0.671173578838923,48.2841200458237,153.502028581757,-74.4338393224573,6,HIIT02,6_HIIT02,HIIT,255,111.0,183.0
2.13713016773533,-6.908529630182,-2.54935486622521,8.07598011289171,22.9779379452474,-118.666325715091,16,HIIT06,16_HIIT06,HIIT,221,145.0,207.5
1.66239239124182,-3.32222313929776,-1.82886049814348,17.7610909493412,18.8754149662752,-38.8575416256424,16,MICT05,16_MICT05,MICT,211,145.0,207.5
-1.38900816142503,1.57496190238832,-0.12722459967011,-4.22038506531664,14.0538156423231,21.9729270813005,6,MICT03,6_MICT03,MICT,5,111.0,183.0
3.36105484583318,1.50670617814112,-1.55044621433965,-118.610673111265,-79.2649529477269,-94.5703631085904,6,HIIT01,6_HIIT01,HIIT,162,111.0,183.0
0.383446490306681,-8.69410777351733,-1.50410337725977,20.7574731663215,53.411488760746,-176.732281314788,16,HIIT06,16_HIIT06,HIIT,249,145.0,207.5
4.16876521966535,7.57399727731699,0.335114615914733,-208.169949240724,-181.408080029489,-153.883045058558,6,HIIT03,6_HIIT03,HIIT,115,111.0,183.0
8.1720409619087,4.45572008622498,-0.791359532013436,-285.433595526036,-23.8959521344612,-266.239636151293,16,HIIT01,16_HIIT01,HIIT,158,145.0,207.5
3.38863731332525,5.81954954211779,1.06684367275717,-3.80976389828239,-79.2012335656282,100.232104120136,16,MICT02,16_MICT02,MICT,103,145.0,207.5
0.0213702981929262,-8.98241359801039,-0.793572098032035,22.1989008755603,48.9487786793727,-175.376016027022,16,HIIT03,16_HIIT03,HIIT,252,145.0,207.5
-2.68228910657356,-6.2324263925613,1.21750068738712,31.2547242535885,83.4840997606962,-8.55658730349849,6,MICT05,6_MICT05,MICT,339,111.0,183.0
-4.55090932744444,-7.53532221130581,2.44049750461462,11.5657114135916,72.0307769857464,-113.323204760431,16,HIIT05,16_HIIT05,HIIT,328,145.0,207.5
-2.32207785856469,6.01169870558268,-0.524382123475574,113.223220379867,142.291789496207,-39.6188825351305,16,HIIT02,16_HIIT02,HIIT,57,145.0,207.5
-1.09821266741011,-8.96813713241929,0.343571267518042,21.1057500592854,60.2284435509476,-186.527406181306,16,HIIT05,16_HIIT05,HIIT,268,145.0,207.5
10.8815767747102,13.1202379000019,6.47109676776993,-3476.89970837725,-1938.522168902,-787.981850374219,16,HIIT02,16_HIIT02,HIIT,120,145.0,207.5
-2.62905551995036,-5.87633833306086,0.395870459818455,100.778080525125,94.8066843156641,24.6497141730997,6,HIIT01,6_HIIT01,HIIT,331,111.0,183.0
2.1910192892705,4.35125438299075,0.532282053492294,-3.0604933306285,-107.884314619862,74.8169798862519,6,MICT01,6_MICT01,MICT,110,111.0,183.0
4.31061114724713,6.69333585355294,0.564601790262996,-251.866018921689,-174.774215748024,-196.45290292137,6,HIIT01,6_HIIT01,HIIT,123,111.0,183.0
3.03810772300656,1.08022778441472,-1.3791821398087,1.45772963637192,-73.8668440034088,65.1867334617209,16,MICT02,16_MICT02,MICT,175,145.0,207.5
-1.48087904951757,2.89079757238483,-0.417710577885742,25.777871424762,-3.74822400471678,80.3904179571136,16,MICT04,16_MICT04,MICT,46,145.0,207.5
0.947285189687409,-4.72660933858371,-0.782935511240943,475.177849307869,220.403355158348,398.899708628482,6,HIIT03,6_HIIT03,HIIT,217,111.0,183.0
-1.8573755165069,-4.61890997506056,0.61815480451176,-20.2225541052746,75.1920752747305,-145.543005857971,16,MICT01,16_MICT01,MICT,288,145.0,207.5
2.60470409856794,-1.07487819231594,-1.91823513726224,17.3339070271352,-29.0748705905165,19.4177497769546,16,MICT05,16_MICT05,MICT,192,145.0,207.5
-1.90888325560143,-6.83496396898799,0.606780775243036,41.9733071034935,95.2081043127193,-27.4097366352101,6,HIIT03,6_HIIT03,HIIT,325,111.0,183.0
1.29346982346365,0.529921912092715,-1.11816710092473,41.3692734810047,-47.3662696527502,77.6312020760188,6,MICT02,6_MICT02,MICT,176,111.0,183.0
4.04745015978757,7.15478922597822,0.383459507871108,-263.454327929403,-162.360033432871,-192.630808223126,6,HIIT04,6_HIIT04,HIIT,121,111.0,183.0
3.04517211479028,6.1977501106965,0.959665242098354,-5.1754438304727,-75.8232805546289,101.711827762107,16,MICT03,16_MICT03,MICT,100,145.0,207.5
1.7034441231711,5.0174307796815,0.071067670386553,-11.7781635267519,-93.975154438616,59.3630137533485,6,MICT04,6_MICT04,MICT,87,111.0,183.0
-0.918537874844415,2.56246372181628,-0.800409174470414,-6.74250467753386,-28.6626482356332,58.4180997557173,6,MICT03,6_MICT03,MICT,45,111.0,183.0
3.99545617690399,1.82345455745358,-1.46632544407055,-186.766392473248,-91.0594108197159,-168.723938309591,6,HIIT03,6_HIIT03,HIIT,160,111.0,183.0
1.76603962967613,-4.09775767107414,-1.71521799975682,575.098379246391,84.9769489325555,510.343979165834,6,HIIT06,6_HIIT06,HIIT,206,111.0,183.0
-5.15318059843161,4.06138968723928,-0.556601116494091,147.291785090837,131.988801710363,-75.6212679520311,16,HIIT01,16_HIIT01,HIIT,35,145.0,207.5
2.2694158390675,-1.61470017517699,-1.86472820645252,17.169404758086,-14.1686691033928,8.51109916966284,16,MICT03,16_MICT03,MICT,197,145.0,207.5
1.66957336530826,7.5700551651403,-0.927637663670209,-308.170600704213,-204.227452453098,-196.098828377643,6,HIIT03,6_HIIT03,HIIT,87,111.0,183.0
-0.121652769264378,-5.66804997178962,1.56230367959587,-15.9829423371656,99.4281461458923,-107.711096310218,6,HIIT05,6_HIIT05,HIIT,280,111.0,183.0
3.80637827447154,7.05134705519556,0.326606199547695,-193.19011267717,-174.364961163172,-140.851476286961,6,HIIT03,6_HIIT03,HIIT,114,111.0,183.0
1.88067379866541,5.41623584162591,0.232247378180912,-21.7434451845359,-109.229108034677,60.9916738279541,6,MICT03,6_MICT03,MICT,89,111.0,183.0
-2.08618136424921,2.53392114506035,0.504248593289348,-8.08810565107052,8.30976774325656,22.6548125878395,6,HIIT03,6_HIIT03,HIIT,5,111.0,183.0
0.889898194573304,-4.53043854566787,-1.52944710076423,15.2458797945292,49.2276059361186,-81.0549367836464,16,MICT05,16_MICT05,MICT,226,145.0,207.5
8.20817601374287,9.98483134283572,1.28150485987588,-51.4793726673668,-124.920946479155,164.186341496887,16,HIIT04,16_HIIT04,HIIT,126,145.0,207.5
1.39761326640699,5.19120726591283,0.071911763235535,-14.9929669371301,-94.302579145669,60.2810847892361,6,MICT03,6_MICT03,MICT,83,111.0,183.0
-2.64673268787604,6.57667001395309,-0.184666646738642,10.8525724746907,-9.06123750804744,116.669014934622,16,HIIT04,16_HIIT04,HIIT,53,145.0,207.5
-1.01689564376843,-4.85774777478819,1.44523601766095,5.05664130319882,96.4969557111963,-78.7940439538334,6,HIIT04,6_HIIT04,HIIT,293,111.0,183.0
-0.172064035486315,-5.53503042026972,2.67947338221231,56.4335685098212,126.521768921093,-71.7552713761323,6,HIIT04,6_HIIT04,HIIT,267,111.0,183.0
0.657688287895221,-3.96077472308939,0.186281846960163,-19.0870041457768,91.6206207932591,-135.250856290756,6,MICT05,6_MICT05,MICT,254,111.0,183.0
-2.41874760751357,2.34429888117534,-0.573167048296011,-13.530696677716,2.05890621299748,49.099379478792,6,MICT04,6_MICT04,MICT,30,111.0,183.0
2.65889651133562,9.72230844210386,0.977572625420246,-42.3750171172474,-81.5477300684503,134.005274201592,16,HIIT05,16_HIIT05,HIIT,92,145.0,207.5
-2.80752016849905,-6.88280401870983,1.62036804150778,11.361402387525,62.9982007802234,-151.746760656802,16,HIIT06,16_HIIT06,HIIT,312,145.0,207.5
-0.0983858535074632,-7.98755514298707,-0.487766153546379,15.6682729612422,54.4234232103709,-179.987746793288,16,HIIT04,16_HIIT04,HIIT,254,145.0,207.5
-0.678881398050722,7.21442848953256,1.83116118857462,-240.03029342881,-184.908534303096,-93.862762885115,6,HIIT03,6_HIIT03,HIIT,66,111.0,183.0
-0.776164153453732,8.89809577004032,-8.42386738302278,-55.8735765161364,155.878264251718,67.0030250187436,16,HIIT01,16_HIIT01,HIIT,101,145.0,207.5
-3.99205616273016,3.62379923303589,0.729625714723323,-104.612438486106,-48.9823590619501,30.70838679055,6,HIIT06,6_HIIT06,HIIT,29,111.0,183.0
-5.29839617714797,-8.47899990387476,3.1244950216557,65.2386834585852,94.4469706958548,100.243633686823,16,HIIT02,16_HIIT02,HIIT,333,145.0,207.5
4.78096726223607,2.46734512859986,-1.40265812942222,-16.5407144183474,-106.728605796147,75.9309275619997,16,MICT06,16_MICT06,MICT,164,145.0,207.5
-1.48213034189052,3.46812120057744,-0.205166284776715,23.5165102737445,-2.01601878089658,81.8800166371566,16,MICT01,16_MICT01,MICT,54,145.0,207.5
-0.433879972888026,-3.98319555394107,0.283672116846248,-43.9167992663915,63.8274210199569,-127.845191200403,6,MICT05,6_MICT05,MICT,283,111.0,183.0
-0.492889084182434,-4.94051753266529,-0.32627701250282,-0.255350032839863,79.902753263489,-130.333803869163,16,MICT02,16_MICT02,MICT,251,145.0,207.5
-0.634252470575831,-3.7467063015596,0.391653051960601,-9.66045810841894,89.4727302371292,-64.8580556921591,6,HIIT06,6_HIIT06,HIIT,312,111.0,183.0
3.17754176189156,0.838400156448184,-1.51523939623189,3.79788573975025,-64.4360736870926,61.7170240377833,16,MICT04,16_MICT04,MICT,177,145.0,207.5
1.0336896141339,-4.60788594483469,-1.60730917145064,21.5531036590656,41.0081922814745,-72.6021093987929,16,MICT06,16_MICT06,MICT,224,145.0,207.5
1.27206472043314,7.03978611890196,-0.794763645526389,-293.038646850688,-176.835852357056,-181.220779764819,6,HIIT05,6_HIIT05,HIIT,85,111.0,183.0
-2.82283978151629,-5.9446869989742,0.644329882863872,-2.34592302274542,15.6498589856649,20.3016411742095,6,MICT04,6_MICT04,MICT,7,111.0,183.0
1.29399197726498,-3.07081353485381,-1.74770016288576,512.358089659931,95.1788961623472,467.462112498869,6,HIIT02,6_HIIT02,HIIT,201,111.0,183.0
2.48512878829024,5.30858014707271,0.747279432956931,3.88032290263852,-137.411114793528,96.050695815824,6,MICT06,6_MICT06,MICT,109,111.0,183.0
0.614667276233021,-6.23559401150635,1.15018538742179,-34.4528858917889,116.911674814075,-141.888486103383,6,HIIT01,6_HIIT01,HIIT,269,111.0,183.0
2.49435523958,3.9451531813318,0.648063435498902,-9.49812404843176,-159.242534746992,76.8533758392289,6,MICT02,6_MICT02,MICT,137,111.0,183.0
0.858736295416711,-8.63321281604669,-1.57602615246568,21.3349675706048,39.572352946193,-156.426806336639,16,HIIT03,16_HIIT03,HIIT,240,145.0,207.5
5.37987049540021,4.20861076316915,-0.531156226932314,-26.2544593798354,-131.562892224547,92.3361328831785,16,MICT05,16_MICT05,MICT,152,145.0,207.5
-3.47128397175293,1.50054583862957,0.760224424151135,35.1562413768515,80.8255085224784,-1.38205465548765,6,MICT05,6_MICT05,MICT,341,111.0,183.0
-0.460874149182802,-4.37382197630928,-0.371849576031574,6.41419013487184,65.5121858416796,-118.610414401557,16,MICT01,16_MICT01,MICT,249,145.0,207.5
-2.50414937627858,6.21400816898849,0.0352748795781752,-1.31377866006165,-10.2448501576566,106.313190977186,16,HIIT03,16_HIIT03,HIIT,51,145.0,207.5
-1.76949848271928,-3.46252607061484,0.905320085709309,-14.8205431041541,73.0132936834143,-113.407103337086,16,MICT03,16_MICT03,MICT,318,145.0,207.5
2.86011286526116,-1.57303452700067,-2.08715087417196,15.9936806121876,-26.9271779753973,11.5749455353102,16,MICT06,16_MICT06,MICT,194,145.0,207.5
-9.42819394944821,15.4634106803817,2.564366078151,17.7655260591555,80.2372996031573,-78.8511127531966,16,HIIT05,16_HIIT05,HIIT,342,145.0,207.5
2.63045789614306,3.93679026709991,1.08180317405878,-7.55995193355329,-158.111332782074,78.9171389716651,6,MICT01,6_MICT01,MICT,139,111.0,183.0
2.74917586348659,0.182008366395301,-1.52206481194217,56.9825881993873,-61.1399507244918,71.5587354935386,6,HIIT01,6_HIIT01,HIIT,171,111.0,183.0
-0.128901540906077,7.1951361634537,2.69224578932192,-209.905056596136,-161.257390042464,-87.7911995610551,6,HIIT01,6_HIIT01,HIIT,70,111.0,183.0
4.08340820121993,-4.02914183610415,-3.11476822292416,6.33323941462567,-1.62257171002352,-40.5149386562004,16,HIIT03,16_HIIT03,HIIT,202,145.0,207.5
-0.220530784183021,-4.16543490848651,0.686232304084463,-7.90757759321686,87.7616575647736,-81.5012965393476,6,HIIT03,6_HIIT03,HIIT,302,111.0,183.0
0.484591499075316,3.89744266286552,-0.12071628115544,-7.53118897325855,-57.3804026702775,46.5214211777501,6,MICT01,6_MICT01,MICT,78,111.0,183.0
-0.469510788989556,-5.60417930688947,0.0877141786061541,-7.59779430985369,106.520688761462,-104.76534093517,6,HIIT06,6_HIIT06,HIIT,278,111.0,183.0
-4.05969629573817,12.6017543063391,-19.4093594845252,-3911.8288095891,-2248.69558159174,-1008.57731100714,16,HIIT02,16_HIIT02,HIIT,127,145.0,207.5
4.74267946861949,-1.39268734663958,-3.20207850430214,-4.97404155473079,-20.1329970115112,5.60070176836298,16,HIIT06,16_HIIT06,HIIT,189,145.0,207.5
-11.2405303069441,-30.4095776351604,2.17487870119971,25.5045512599678,31.2509648534148,35.9648158522174,16,MICT02,16_MICT02,MICT,11,145.0,207.5
-1.77513345260406,-3.8973892084365,0.810001055050344,-9.92199756695673,75.2787591592755,-66.6400433694699,6,MICT03,6_MICT03,MICT,327,111.0,183.0
-1.60049824639685,-8.85355215380842,0.617954216457112,17.8428931823693,54.6022163547819,-184.473239844878,16,HIIT03,16_HIIT03,HIIT,272,145.0,207.5
-1.66307510645205,-5.08053898023835,0.63346810082938,6.73548413097861,69.6553047301891,-132.17780020453,16,MICT06,16_MICT06,MICT,282,145.0,207.5
4.280967057015,-3.85269073254694,-3.0082251749573,11.6926600716755,-5.67682213448608,-45.6061215498003,16,HIIT05,16_HIIT05,HIIT,202,145.0,207.5
-0.394714998716427,3.29526648885828,-0.408254580800553,7.05522267292711,-31.941585115021,61.0118930033616,6,MICT05,6_MICT05,MICT,56,111.0,183.0
0.657400801632231,-4.31679734430219,-1.42689631433456,1.25881920842794,49.34454899483,-86.5176116857544,16,MICT04,16_MICT04,MICT,227,145.0,207.5
0.718823146826788,-4.71842059558362,0.451898762484798,273.002977487987,194.63285649692,155.408412811543,6,HIIT06,6_HIIT06,HIIT,232,111.0,183.0
-1.57491267215652,-5.14930628480817,0.585722103215019,7.20196228934372,69.7350341892924,-133.567794553869,16,MICT06,16_MICT06,MICT,280,145.0,207.5
2.58280605182958,-0.998088808265572,-2.07229395112307,254.45665171261,-39.5892144333657,258.836588069474,6,HIIT01,6_HIIT01,HIIT,179,111.0,183.0
0.901740656783053,-4.81113827039452,-0.87674666916712,354.937634896307,164.678927261615,232.135395272362,6,HIIT04,6_HIIT04,HIIT,226,111.0,183.0
-0.978897885326517,5.46771807981126,0.405513049881512,-204.474939039597,-159.57948207036,-62.1887886825965,6,HIIT03,6_HIIT03,HIIT,60,111.0,183.0
-2.81705046833129,-5.08239954337477,0.947940592803223,60.1952817079007,92.72955665155,-0.104683406667927,6,HIIT05,6_HIIT05,HIIT,331,111.0,183.0
-0.117498172692944,1.93645836712504,-0.127666102993272,2.83826081826943,15.4007644471146,32.7346774527289,6,HIIT06,6_HIIT06,HIIT,0,111.0,183.0
2.53758406461729,10.1056375047855,0.856589893209191,-29.9508136437612,-78.8363817568275,141.203782904661,16,HIIT06,16_HIIT06,HIIT,88,145.0,207.5
1.93179802716314,-2.83975780306523,-1.86549796281146,19.0762157334593,5.86570554528784,-25.2569565047777,16,MICT06,16_MICT06,MICT,207,145.0,207.5
1.21808131780735,-0.342403148114912,-1.41393580234116,27.8699338550249,-35.0405876894702,50.1252323646113,6,MICT04,6_MICT04,MICT,177,111.0,183.0
4.49495464422933,6.30143804856213,1.6367869967258,-38.7227391856716,-114.933751359043,97.4870051199169,16,MICT03,16_MICT03,MICT,116,145.0,207.5
-2.57913909547199,7.30494767691453,0.390447567284023,-15.691348425988,34.4803285085225,-31.0512371946726,16,MICT05,16_MICT05,MICT,350,145.0,207.5
-3.58310168562321,-8.20933278487,1.78492133894415,-18.9323172634543,67.2649047689587,-78.2895081046231,16,MICT06,16_MICT06,MICT,336,145.0,207.5
1.07256017246959,-0.43663343445006,-1.29487243572393,47.8784385533429,0.616948598256565,67.7634692557709,6,MICT02,6_MICT02,MICT,185,111.0,183.0
6.49632095102241,2.05744904386856,-2.99212767247539,-14.7767353703205,-66.3857532981708,69.7469867022876,16,HIIT05,16_HIIT05,HIIT,172,145.0,207.5
-2.48418346252824,2.72985238110227,-0.361746222457246,-6.91788825203267,-5.97136847011765,61.8734870644234,6,MICT05,6_MICT05,MICT,30,111.0,183.0
1.82129615708404,5.32036673018326,0.362218122138299,-19.1436587933573,-103.888343048023,60.9797873509994,6,MICT03,6_MICT03,MICT,87,111.0,183.0
-2.36117532950465,2.65623572555864,-0.325187935259566,17.7869085701627,12.9999008894351,76.3336537121685,16,MICT06,16_MICT06,MICT,40,145.0,207.5
1.82435571755885,-1.78149585996003,-1.45856421361391,404.984432358116,-6.95390449347037,399.121667030964,6,HIIT01,6_HIIT01,HIIT,186,111.0,183.0
0.516423834715568,4.74351026430915,0.532436625504888,-5.10712377516497,-66.9655391231357,58.017301591524,6,MICT03,6_MICT03,MICT,71,111.0,183.0
-0.489421301359991,-5.15256605948382,-0.239700804990503,1.68097372296556,79.7696068751663,-134.567423936082,16,MICT04,16_MICT04,MICT,258,145.0,207.5
-0.767425355183348,2.91405220046656,-0.197169110410732,5.09585989513133,26.1865587673668,16.7599734282804,16,MICT01,16_MICT01,MICT,2,145.0,207.5
0.885342729012728,-3.92679024667353,-1.18522032191941,460.701657043078,142.014508507105,411.414106527129,6,HIIT01,6_HIIT01,HIIT,207,111.0,183.0
-0.406491742092142,-3.66656847496378,0.731502416734436,-38.4709025946963,63.7248342202133,-115.362866044174,6,MICT05,6_MICT05,MICT,287,111.0,183.0
3.42153010537223,0.106850857101263,-1.8178438582274,6.2266956622754,-60.3656774098119,43.6287918228428,16,MICT06,16_MICT06,MICT,181,145.0,207.5
-0.425676341297305,6.67294840478273,1.53344785487251,-163.640404131481,-146.712413367489,-48.9270979510192,6,HIIT01,6_HIIT01,HIIT,67,111.0,183.0
2.22780921832859,-1.25491409979875,-1.4822122495288,31.2787751316189,-24.1942794936365,11.4369510056683,16,MICT01,16_MICT01,MICT,199,145.0,207.5
2.00331325806694,-1.22798521697384,-1.82590581020978,9.7507758409709,-22.9665422026983,12.3900739684966,16,MICT02,16_MICT02,MICT,195,145.0,207.5
-1.5740930890143,-3.37698735807305,0.86711144025226,-19.5170883713635,74.4820817971193,-117.713721327589,16,MICT05,16_MICT05,MICT,313,145.0,207.5
0.553018245028595,-3.97894260656493,0.234011233855722,-48.9487328231077,66.3947746779683,-160.275256917329,6,MICT06,6_MICT06,MICT,257,111.0,183.0
-0.89399169247421,5.35013314656251,-0.363608911483229,24.3929822689653,40.1573187306974,26.6344647232004,16,HIIT05,16_HIIT05,HIIT,2,145.0,207.5
6.80624087544724,10.7073442175002,1.64138653281378,-50.5649439743449,-119.026905487165,159.75469291677,16,HIIT04,16_HIIT04,HIIT,112,145.0,207.5
-0.0240615193202694,-7.05835029729195,-0.796163832405294,201.573560245377,89.7126646830989,157.188085866896,16,HIIT01,16_HIIT01,HIIT,243,145.0,207.5
5.09232074059689,10.3874339163373,1.3261523582475,-35.6527350375625,-96.6492219689474,154.270249969874,16,HIIT06,16_HIIT06,HIIT,101,145.0,207.5
0.752041041812992,-3.73295246220534,0.698486898328236,-31.2593622911607,76.6041665834909,-140.761473636922,6,MICT05,6_MICT05,MICT,258,111.0,183.0
-2.48082644829303,-5.73777307493249,0.379250984167449,95.497403424065,94.7291182800511,20.0350455382926,6,HIIT01,6_HIIT01,HIIT,330,111.0,183.0
-0.42456440036216,5.31444847024301,0.140751829373205,2.99064696273213,-32.0305109025018,84.5995983925566,16,MICT06,16_MICT06,MICT,73,145.0,207.5
1.12972213938573,-4.76067127261648,-0.882877271832742,401.034838910794,152.520451811618,283.657725165431,6,HIIT04,6_HIIT04,HIIT,221,111.0,183.0
5.74987594610787,-0.173973518982561,-3.19979780924396,-1.47430570971759,-39.4650959397419,31.0669510877153,16,HIIT05,16_HIIT05,HIIT,183,145.0,207.5
-6.60150315382226,-15.2315340785173,1.60576227506246,15.3084875753524,27.8542449254958,23.0919615322242,16,MICT06,16_MICT06,MICT,8,145.0,207.5
-4.21066847738548,2.37747926626042,-0.398022587385544,30.1210708027027,18.2171477426535,75.4169010732425,16,MICT04,16_MICT04,MICT,29,145.0,207.5
-0.36196249640823,-1.94600247328214,0.134830947738186,-38.318132440996,53.1951552735354,-96.3336644889306,6,MICT01,6_MICT01,MICT,315,111.0,183.0
-0.093264021911027,4.98721062210503,0.126768115328948,11.6545369137405,-32.6235903853732,85.5106972414939,16,MICT01,16_MICT01,MICT,77,145.0,207.5
2.10464933928763,6.09841758123499,0.764904962460181,0.0589231319802223,-65.2781515403026,96.5396154021996,16,MICT03,16_MICT03,MICT,92,145.0,207.5
4.0459358164914,-5.26739302414207,-3.31152779818599,8.34206106779688,2.41201530660095,-59.3698091646501,16,HIIT03,16_HIIT03,HIIT,206,145.0,207.5
2.5840450740785,8.22712609953778,0.319429553423364,25.6035978410841,155.994364817033,27.1853560122633,16,HIIT01,16_HIIT01,HIIT,91,145.0,207.5
-1.27140405587379,-2.96231635612195,0.522739279152994,-13.9808526670397,72.6799919191728,-122.734972328729,16,MICT03,16_MICT03,MICT,308,145.0,207.5
0.529898472005208,-5.43987058745059,-0.761960909382619,142.413343398915,176.622482290201,12.074744329199,6,HIIT06,6_HIIT06,HIIT,246,111.0,183.0
2.47287888349263,5.1886760602038,0.723792391162308,0.688239833070409,-127.280623342265,89.9864248653483,6,MICT04,6_MICT04,MICT,111,111.0,183.0
0.13753635228916,-3.99656246329984,0.18992188044811,-23.0034745009889,80.7555406005189,-132.671623431411,6,MICT06,6_MICT06,MICT,268,111.0,183.0
3.40951951159414,2.93818174452124,-0.579616268763072,-221.85307721066,-96.1519541472978,-190.471475296704,6,HIIT01,6_HIIT01,HIIT,155,111.0,183.0
-1.54259366035536,2.78168850049191,-0.469598802502589,36.6225136966492,-2.50515004360162,81.5713963413982,16,MICT02,16_MICT02,MICT,45,145.0,207.5
-1.11350816550988,-3.79503516766879,0.389636447818577,50.5373882156657,44.2486017927623,23.5662046860921,6,HIIT05,6_HIIT05,HIIT,352,111.0,183.0
-0.732176474789445,4.41157125848121,0.834770002946789,-124.661044873169,-105.451195723273,4.54288351130202,6,HIIT02,6_HIIT02,HIIT,54,111.0,183.0
2.16951994021465,-7.6224004742632,-2.04515466251554,161.348200015853,74.9555885090914,127.661152559435,16,HIIT02,16_HIIT02,HIIT,228,145.0,207.5
2.55007833313079,4.04412291803016,0.590189698637197,-11.8268009573153,-167.156867501869,75.6550899084601,6,MICT02,6_MICT02,MICT,140,111.0,183.0
3.56269601373915,7.22777680121965,-1.24426961805923,-223.394699216592,-182.841776975452,-154.876026986483,6,HIIT03,6_HIIT03,HIIT,102,111.0,183.0
-2.22954356777446,2.47948894819944,-0.625197890636837,-19.4052183554695,-2.4601008009212,47.4658912685757,6,MICT06,6_MICT06,MICT,30,111.0,183.0
6.26873299373482,-1.0658376169294,-3.25513876498469,-101.341400179831,44.9043519485711,-99.6743562407572,16,HIIT02,16_HIIT02,HIIT,186,145.0,207.5
2.94575726934093,-5.92147312707972,-2.36547045191843,115.93145266258,60.4778357105773,86.9733461609652,16,HIIT02,16_HIIT02,HIIT,218,145.0,207.5
3.18001834530752,5.29410497763134,0.795322750009781,-15.928234963295,-165.272607957317,85.8959780313786,6,MICT03,6_MICT03,MICT,122,111.0,183.0
1.72632026283752,-1.90305154527368,-1.34282741993616,417.699913940663,-1.10134473190945,410.176944337382,6,HIIT01,6_HIIT01,HIIT,187,111.0,183.0
0.122498436773037,-3.34446473825692,-0.320167333156586,-24.5849742301971,78.2661131913771,-131.604433066785,6,MICT02,6_MICT02,MICT,263,111.0,183.0
-7.11057440374499,-23.3167200527596,2.95841424244473,-12.3384566191626,6.36291966485633,31.4699359141484,6,HIIT06,6_HIIT06,HIIT,9,111.0,183.0
-0.851063897379293,-5.27961220583219,0.04366553019179,16.3189905739277,73.2929799715334,-132.272781951337,16,MICT06,16_MICT06,MICT,265,145.0,207.5
0.621924565774994,-3.45680925538869,0.407180840514077,-21.9513541631846,86.239659925539,-127.399731610589,6,MICT02,6_MICT02,MICT,253,111.0,183.0
-4.84833135622918,-7.03986467965176,-9.34774630166917,-27.7319280327506,-196.647600433197,-212.884076850862,16,HIIT01,16_HIIT01,HIIT,302,145.0,207.5
-5.11881024774712,5.28167495593545,1.08007168975286,-90.9467083388328,-48.9990081248878,27.8360402367529,6,HIIT01,6_HIIT01,HIIT,24,111.0,183.0
-3.40855620850029,3.31447253916803,-0.656734141965443,42.9207104554646,13.8471670818501,83.7155451737277,16,MICT02,16_MICT02,MICT,32,145.0,207.5
-1.47021171890535,-5.61461425443614,0.56134150411447,9.57837521123036,73.3365657334948,-140.799273142954,16,MICT06,16_MICT06,MICT,275,145.0,207.5
-0.119234908933221,1.38963999290817,-0.107071290012019,-1.96824703381491,19.4823982834971,19.7821506820617,6,MICT04,6_MICT04,MICT,0,111.0,183.0
-1.86580255539734,-9.74098917984506,0.747868181064092,18.3892920358453,57.4341004812302,-193.381857798336,16,HIIT03,16_HIIT03,HIIT,273,145.0,207.5
4.46257912206315,-0.631705388163816,-2.33168398908745,64.2965695748955,-63.1606282413386,42.474304826328,6,HIIT04,6_HIIT04,HIIT,173,111.0,183.0
7.96406029530187,6.78696459745752,-1.40314847240568,-42.8096553395211,-110.804554744495,133.528338294115,16,HIIT05,16_HIIT05,HIIT,148,145.0,207.5
-0.417126990712158,-1.93035614718383,0.165713311272876,-43.8396919830828,46.9364282347955,-104.521261559785,6,MICT01,6_MICT01,MICT,305,111.0,183.0
1.33994873252131,1.13537874784946,-0.721989060784991,36.1681078660016,-77.9077921904626,77.8936589968793,6,MICT01,6_MICT01,MICT,170,111.0,183.0
-0.275102520191218,-4.53011160323947,-0.687242260562855,0.14437718147242,74.0870802227387,-120.476337462541,16,MICT02,16_MICT02,MICT,247,145.0,207.5
3.47026466703465,0.225089609627428,-1.8023950915217,5.34178706724058,-62.9102032532923,45.9313759164107,16,MICT06,16_MICT06,MICT,180,145.0,207.5
-1.90064305955514,-3.72771106053822,0.869494332835933,-18.871864157031,72.057476474549,-105.126428046911,16,MICT05,16_MICT05,MICT,320,145.0,207.5
-2.09834497964694,2.84885819935607,-0.553387391260887,39.4092929837064,1.37935878697769,85.3562452843998,16,MICT02,16_MICT02,MICT,41,145.0,207.5
-1.29135634214853,2.93810387885084,-0.365748411545793,35.2174607217482,-6.14991574577134,80.3153592297613,16,MICT02,16_MICT02,MICT,49,145.0,207.5
-1.42856132875338,-3.69456975168827,0.544903346990526,-5.81183521568099,76.2890099181631,-123.988371104808,16,MICT04,16_MICT04,MICT,298,145.0,207.5
4.52221629877156,3.10229731446143,-1.51554067199429,-280.669251496837,-97.4095665411015,-255.008943629929,6,HIIT06,6_HIIT06,HIIT,147,111.0,183.0
1.82581462244432,10.3966062843074,1.4112802684736,-36.6971600436453,-71.9099701944777,136.57233366367,16,HIIT05,16_HIIT05,HIIT,86,145.0,207.5
8.35382453521921,12.3460326425117,1.03279613747601,-3495.73049044859,-1927.14071492965,-664.313677262225,16,HIIT01,16_HIIT01,HIIT,123,145.0,207.5
-4.50345201149831,4.20145885644051,-0.804098559631618,143.568045345731,147.00361970862,-61.1214586002806,16,HIIT02,16_HIIT02,HIIT,41,145.0,207.5
-3.15385517876357,4.34794884241811,0.253051518024352,-121.62010711387,-60.7208389817291,35.044805749027,6,HIIT04,6_HIIT04,HIIT,36,111.0,183.0
4.26581976068335,1.80537802880693,-1.5890416705921,-0.368806615345109,-94.3152642854385,72.2276026348169,16,MICT05,16_MICT05,MICT,170,145.0,207.5
4.55047647142112,-4.55340710613628,-3.17742109445194,39.011649742777,53.0716335987693,18.4318241710357,16,HIIT02,16_HIIT02,HIIT,204,145.0,207.5
0.705391950564419,-4.73631827608149,-1.37391168870794,15.9512160200578,55.3577736853214,-87.2936521952851,16,MICT05,16_MICT05,MICT,229,145.0,207.5
0.462624289455927,-4.71715699190688,0.797276014549584,106.564743757068,194.56195330941,-15.7018821584332,6,HIIT02,6_HIIT02,HIIT,243,111.0,183.0
3.1140044680658,-5.86065357386932,-2.59550202036299,15.327240347391,9.25214736632713,-91.7328473157266,16,HIIT05,16_HIIT05,HIIT,214,145.0,207.5
-4.72597965543823,1.81837305243134,-0.167697683753488,34.2483965381615,30.4634938333889,72.1939683212621,16,MICT05,16_MICT05,MICT,25,145.0,207.5
2.44118203317441,-1.95115727966654,-1.99094314778749,18.2971925443308,-13.7368075101498,1.35498044359616,16,MICT05,16_MICT05,MICT,198,145.0,207.5
5.02095627266202,-1.07554398908043,-3.28598947392121,-6.33939736692486,-25.9096882488546,18.3851626880551,16,HIIT04,16_HIIT04,HIIT,187,145.0,207.5
-0.92619811554062,6.99214125948976,1.15902217595831,-217.195232578723,-143.833458918713,-52.8647461057715,6,HIIT04,6_HIIT04,HIIT,66,111.0,183.0
4.9287423344156,3.16792304687313,-0.749451349343123,-10.1676780292249,-119.33572264706,91.9557745767016,16,MICT01,16_MICT01,MICT,154,145.0,207.5
-1.29268975887263,-4.69054574439423,0.439033884608786,5.8230667560857,91.0251549351155,-49.1568198679396,6,HIIT06,6_HIIT06,HIIT,320,111.0,183.0
6.05372952862874,-1.42861679342278,-3.30448979805855,-84.8140216204676,46.0041237749127,-86.0074185996719,16,HIIT02,16_HIIT02,HIIT,188,145.0,207.5
-0.067926301661394,-7.69562281949687,-0.086230091547905,209.71379129556,96.6026973577701,165.89629946005,16,HIIT01,16_HIIT01,HIIT,245,145.0,207.5
-0.172097943238873,-5.01532671750233,-0.582100012925376,11.1380692062164,74.0153347329609,-118.923921075921,16,MICT03,16_MICT03,MICT,248,145.0,207.5
-1.87131725673353,3.13157513629837,-0.564166031997191,-9.45795289319401,-13.4143191259594,62.5158951653944,6,MICT05,6_MICT05,MICT,34,111.0,183.0
-1.26004549600864,5.29782291181225,-0.0523017505044887,-1.23213517978726,15.6484564906201,28.4140118001183,6,HIIT05,6_HIIT05,HIIT,3,111.0,183.0
0.303880852422687,-8.63933255766334,-1.1251436002971,14.6020277287579,52.2605366693113,-184.045285333377,16,HIIT04,16_HIIT04,HIIT,249,145.0,207.5
-4.36518832966382,23.9489021879069,0.885739603373953,-12.4355044999821,50.7898789953913,-48.1362896580389,16,MICT04,16_MICT04,MICT,346,145.0,207.5
-0.133998908681116,-3.4580480054338,0.217225147842868,-25.741702734129,70.07087048826,-122.507872843116,6,MICT02,6_MICT02,MICT,278,111.0,183.0
-3.6346587907831,-8.65527490857822,1.80267707983194,-19.2974793372553,68.1917916806033,-76.7546546177479,16,MICT06,16_MICT06,MICT,337,145.0,207.5
2.90621101471223,0.460354001290836,-1.66837628672679,5.20557236424356,-60.8649364834919,52.7244700942652,16,MICT02,16_MICT02,MICT,181,145.0,207.5
-1.59803900439056,-4.82550998651083,0.708910468706335,2.57507316175791,67.3065852293889,-50.7394570730043,6,MICT02,6_MICT02,MICT,333,111.0,183.0
1.25555916086577,-0.124464905340124,-1.36657715407444,24.7706967636021,-45.7182551131412,51.0546268613569,6,MICT04,6_MICT04,MICT,175,111.0,183.0
0.178536197154371,-3.70837253143676,-0.317990875861946,-35.5519519532845,71.2584798398768,-140.6508227553,6,MICT05,6_MICT05,MICT,264,111.0,183.0
-3.74207957222509,-8.08943950897691,2.25606204641368,3.71075068734854,68.1921680605289,-131.597378607501,16,HIIT04,16_HIIT04,HIIT,323,145.0,207.5
1.91923109133703,2.64778003162964,-0.30468278410228,3.43131581403313,-139.25821874114,71.1790653526427,6,MICT02,6_MICT02,MICT,157,111.0,183.0
2.34963393357405,-2.57420178744583,-2.0517772011475,18.8084047023384,-3.76541414174563,-14.5343612019768,16,MICT06,16_MICT06,MICT,203,145.0,207.5
1.17561555497659,0.0635183002095442,-1.07336586663657,34.3960733672013,-39.1258543658193,58.6123724814595,6,MICT05,6_MICT05,MICT,174,111.0,183.0
0.762326723833243,-4.35518508550639,0.397268446771513,348.870435211956,202.373574920479,239.529318684521,6,HIIT05,6_HIIT05,HIIT,224,111.0,183.0
3.34550906306006,1.1583075254362,-1.65271621600916,-93.2168799170566,-94.576218634573,-91.7461638321488,6,HIIT02,6_HIIT02,HIIT,162,111.0,183.0
-1.3801345963026,-3.94821833347672,0.694496124761002,-7.01799598643007,74.5486240630509,-56.0493069587683,6,MICT05,6_MICT05,MICT,326,111.0,183.0
1.05954568680649,-2.89726692508021,-1.21908241848118,24.3651336648613,17.900826391501,-46.6312655312399,16,MICT01,16_MICT01,MICT,218,145.0,207.5
0.712336839596201,-1.99230508231769,-1.07200411341463,34.975718334218,76.8645470967075,2.48361733895729,6,MICT01,6_MICT01,MICT,209,111.0,183.0
2.34349403514346,-2.69706248580978,-2.20600898325093,463.960931464191,-24.5347645382991,428.765656341522,6,HIIT05,6_HIIT05,HIIT,189,111.0,183.0
5.17115048749195,10.5495221554577,1.63032657150212,-48.8248433619204,-97.7915095932485,146.6975986649,16,HIIT03,16_HIIT03,HIIT,103,145.0,207.5
-2.2247524786765,5.95739014607571,0.0157493832605079,3.67531933799857,39.5368177612889,-10.3034993115736,6,MICT03,6_MICT03,MICT,350,111.0,183.0
-2.70550664805205,-7.86727586344833,1.31144994482135,15.3596112558034,62.0750143545585,-176.065836327428,16,HIIT03,16_HIIT03,HIIT,293,145.0,207.5
-0.0796919606017942,-4.99161596552428,1.89307329185359,-0.686118984460852,108.857363043878,-103.086378882375,6,HIIT06,6_HIIT06,HIIT,272,111.0,183.0
0.329021529475455,-8.71915582815856,-1.42721375194302,21.9872806802273,55.0761653166016,-177.134259837587,16,HIIT06,16_HIIT06,HIIT,250,145.0,207.5
0.783555103415279,-6.69734892746849,-1.28537897545673,180.456665102005,71.1590480207366,137.092127111129,16,HIIT01,16_HIIT01,HIIT,235,145.0,207.5
0.392376172983345,-5.05538480483936,1.09248866387642,33.7881302961671,130.60564580174,-87.0861883494365,6,HIIT05,6_HIIT05,HIIT,261,111.0,183.0
0.87110671600237,4.84107906797484,-0.299115765599441,-13.0344299784675,-79.7637466039592,51.5986612124298,6,MICT04,6_MICT04,MICT,78,111.0,183.0
2.29060018015418,5.38108561708442,0.401861822468188,-2.21868762778979,-61.8532052366055,94.5227492353587,16,MICT01,16_MICT01,MICT,96,145.0,207.5
2.67413849408552,4.23223885707659,0.666705695924309,-9.14262830460816,-163.010120760963,80.3838326709232,6,MICT02,6_MICT02,MICT,136,111.0,183.0
7.58491957163223,3.70675452317421,-2.24244481361251,-277.352904321124,8.97250301564769,-244.667506503859,16,HIIT02,16_HIIT02,HIIT,163,145.0,207.5
-0.216863069717148,6.89760217001504,-1.02698823838557,-308.020306553722,-206.53615094887,-166.103571280727,6,HIIT03,6_HIIT03,HIIT,75,111.0,183.0
2.23672089193468,3.54150280916328,-0.0166962820953523,-26.8523114316237,-176.176738243492,59.1580344315169,6,MICT04,6_MICT04,MICT,142,111.0,183.0
-2.28193345644499,-6.12459540369452,1.50977561338476,12.4102837754355,58.7739101294099,-155.779296161515,16,HIIT06,16_HIIT06,HIIT,303,145.0,207.5
1.67537179737023,5.32726589518041,0.336868008141139,0.845917491410569,-54.7930649002177,91.6430114341557,16,MICT01,16_MICT01,MICT,91,145.0,207.5
0.904718261178711,-3.00136185015258,-1.12071177562247,-9.82929151937545,94.4747945698071,-74.9176560638492,6,MICT05,6_MICT05,MICT,217,111.0,183.0
8.21941147661788,9.94794063897793,1.24490000376819,-53.9152504275942,-130.306992092112,158.022519795868,16,HIIT06,16_HIIT06,HIIT,124,145.0,207.5
-0.626147746130189,5.30454648344596,-0.764516804436395,70.1517794134424,48.4978424938165,-53.0151089731338,16,HIIT01,16_HIIT01,HIIT,2,145.0,207.5
-1.35758608318011,-3.76544443791769,0.583913495154507,-17.8038747702504,71.2049675175982,-77.3554836578445,6,MICT03,6_MICT03,MICT,323,111.0,183.0
-0.434986644598327,3.02623676686146,-0.679269241831465,4.15468239310022,-26.0809382539342,52.0566304023431,6,MICT06,6_MICT06,MICT,54,111.0,183.0
1.08482331787899,5.27307859091597,0.252889228315321,3.97645164731715,-47.3071556188857,88.9167161139884,16,MICT01,16_MICT01,MICT,86,145.0,207.5
-0.970854195167921,2.18600623240585,-0.60624796717587,-6.04830695904111,-23.395099607894,50.4954474299123,6,MICT02,6_MICT02,MICT,47,111.0,183.0
4.15585663880017,-2.85316467224847,-3.14075582973727,-1.25012680971534,-7.54575476359032,-23.8021457637802,16,HIIT06,16_HIIT06,HIIT,196,145.0,207.5
10.5915873479996,13.3341974204637,5.43516508320613,-3917.30475529096,-2237.06518411945,-971.326012919521,16,HIIT02,16_HIIT02,HIIT,125,145.0,207.5
5.03396374146518,4.47985098956532,-0.0759003444152428,-34.1746821458187,-128.076994298147,95.106917634823,16,MICT03,16_MICT03,MICT,146,145.0,207.5
-4.90157093839788,22.7863962419926,1.04342635626866,-21.7668601835429,58.1841804779867,-54.6953803252152,16,MICT03,16_MICT03,MICT,345,145.0,207.5
4.10569212091242,-5.28883716377747,-3.02349003378501,65.5164613628691,55.2425812033927,41.4360674879747,16,HIIT02,16_HIIT02,HIIT,208,145.0,207.5
5.15916803821188,5.5782271667888,0.675528710412349,-43.1347985768059,-139.883478713872,100.565543187952,16,MICT04,16_MICT04,MICT,131,145.0,207.5
-0.0997804594417119,-5.29061050724826,0.969194677158335,-9.37602673835514,100.180052683081,-103.81192184019,6,HIIT05,6_HIIT05,HIIT,277,111.0,183.0
-2.27222394554924,-8.00833666826411,1.20203948213774,34.0815651615296,79.4848049555996,-21.4500450286605,6,MICT06,6_MICT06,MICT,336,111.0,183.0
0.836734048587296,-3.7896044876296,-1.27550669478686,380.525184839809,168.664754158007,314.413824626646,6,HIIT02,6_HIIT02,HIIT,213,111.0,183.0
1.01084715445702,-4.20181379116153,-1.51074225398323,20.6704700747667,37.7531277822472,-67.5275126332465,16,MICT06,16_MICT06,MICT,223,145.0,207.5
-1.22010889633372,5.8205107032072,0.967480688220943,-173.013669380592,-117.080825918669,-14.0843518455114,6,HIIT04,6_HIIT04,HIIT,58,111.0,183.0
2.73598638804543,4.27353046188472,1.09116941425338,-7.03635577166648,-182.646983552223,87.1184066912257,6,MICT06,6_MICT06,MICT,134,111.0,183.0
1.08116220709282,-7.42367649882068,-1.58237941809596,13.1809085427901,38.6832045368388,-152.183209355883,16,HIIT04,16_HIIT04,HIIT,236,145.0,207.5
-2.25008900779039,-7.40966645205327,1.2947260125318,11.8120378489889,61.3453488657926,-170.104904475974,16,HIIT05,16_HIIT05,HIIT,292,145.0,207.5
0.402268245982775,-4.59950631511714,-1.1023806773461,13.7618868910016,59.3514859930757,-93.3979601585464,16,MICT03,16_MICT03,MICT,234,145.0,207.5
-3.41231552111839,3.29479943970928,-0.584465995636166,29.6634438559149,13.5731586614312,78.4733898018616,16,MICT04,16_MICT04,MICT,32,145.0,207.5
-1.40816466821161,-5.10544408241206,0.550968420422577,-1.41478787238073,77.5880044055308,-139.928241916381,16,MICT03,16_MICT03,MICT,278,145.0,207.5
1.99468734421598,-3.58778186056929,-2.04374272604897,620.929758889248,41.1642472229155,567.036377442109,6,HIIT05,6_HIIT05,HIIT,198,111.0,183.0
-2.01212061266584,-4.3987670092512,0.902065563847731,-19.9710736013914,73.095947696675,-111.004247092935,16,MICT02,16_MICT02,MICT,322,145.0,207.5
2.86927317241714,-6.95046424637266,-2.47641817017481,134.867503101348,66.0010403334156,103.034425630802,16,HIIT02,16_HIIT02,HIIT,221,145.0,207.5
-3.60271052639754,2.84280220924644,-0.264980627022894,22.1483932461881,25.3337027789989,72.4403116764263,16,MICT06,16_MICT06,MICT,31,145.0,207.5
0.900793498117556,7.02259930363657,-1.94345929751094,-283.128267945795,-177.67638164272,-135.087848254176,6,HIIT04,6_HIIT04,HIIT,84,111.0,183.0
0.537970157916292,4.52361776251493,0.0289793570433862,-2.96620533502988,-67.3948402708866,57.2360233590395,6,MICT05,6_MICT05,MICT,73,111.0,183.0
-0.905221825113007,3.4657453420065,-0.234076927830919,5.46128379726214,25.381115490105,17.3351950924275,16,MICT01,16_MICT01,MICT,3,145.0,207.5
-1.89595322862334,-4.94930975537595,0.917061013421712,9.06718009215272,36.2144454916888,-30.0479361460794,16,HIIT05,16_HIIT05,HIIT,352,145.0,207.5
-2.43323374344863,-6.84946294439207,1.566850390879,8.54777564833958,63.3138228807045,-171.672996935217,16,HIIT04,16_HIIT04,HIIT,296,145.0,207.5
0.506870285817886,-5.2164199102235,0.932330955757017,63.7369765872681,151.944853956253,-66.2081713526926,6,HIIT05,6_HIIT05,HIIT,254,111.0,183.0
0.736039707031599,-3.66645198353157,-1.51053927469474,3.53873162780178,32.9230849659772,-64.8337536269841,16,MICT02,16_MICT02,MICT,219,145.0,207.5
0.834167251946329,-5.02877248136046,0.102905851555595,355.84669350631,176.050481415303,224.436794849446,6,HIIT04,6_HIIT04,HIIT,228,111.0,183.0
-2.26070390136707,5.60158263094717,-0.300567622638882,114.498088255357,127.507996878911,-50.5356194447675,16,HIIT01,16_HIIT01,HIIT,58,145.0,207.5
0.473382262615953,-4.38695403795045,-0.734369008814955,189.492461902089,209.015007512568,88.5022187944901,6,HIIT02,6_HIIT02,HIIT,231,111.0,183.0
-3.63542569370864,3.27980110481763,-0.320500696700478,22.5929612217326,24.7834790333601,76.0818905121827,16,MICT06,16_MICT06,MICT,32,145.0,207.5
-0.187275587677505,1.95506037546811,-0.0382856820912991,9.84618519374721,22.0659473151265,34.3233582309608,6,HIIT04,6_HIIT04,HIIT,0,111.0,183.0
-6.7596703084567,9.32938362419331,-1.17100535353066,162.230106082981,132.041405855013,-93.7939635662168,16,HIIT02,16_HIIT02,HIIT,19,145.0,207.5
1.21639016674754,-2.26824457179675,-1.0149058861776,39.3410246383503,73.6126957074745,9.3614591674651,6,MICT03,6_MICT03,MICT,201,111.0,183.0
-0.486943718838579,-4.95218617476864,0.871681461503816,-26.1210748430243,85.4749699570332,-94.9178628116763,6,HIIT05,6_HIIT05,HIIT,293,111.0,183.0
5.02909915536689,4.5733765226386,0.186891296654317,-31.7813505246648,-134.280874706545,98.9530262320447,16,MICT04,16_MICT04,MICT,146,145.0,207.5
-1.18074136871755,4.08379694033433,-0.0704958233839604,21.565267011091,-18.0818167400717,80.4272516386683,16,MICT03,16_MICT03,MICT,60,145.0,207.5
-0.436566380801227,-2.72509659694258,0.245301586955461,-30.4362225579484,56.7323853565146,-86.593417596304,6,MICT01,6_MICT01,MICT,321,111.0,183.0
0.501427290332805,-4.83193298649525,0.927693897779307,67.437462811312,149.415871945913,-58.3325075183823,6,HIIT05,6_HIIT05,HIIT,253,111.0,183.0
3.70503245164836,7.10179805963148,0.144733531840873,-152.452700317885,-169.108653745835,-95.7569042621581,6,HIIT01,6_HIIT01,HIIT,103,111.0,183.0
7.90031645586573,10.3068016780041,1.39653635146413,-50.0855716559951,-122.660817067275,164.268153106245,16,HIIT04,16_HIIT04,HIIT,122,145.0,207.5
2.65306120557455,9.29027420910869,-2.78131872695491,148.161496673132,303.398697047252,156.530408504014,16,HIIT02,16_HIIT02,HIIT,100,145.0,207.5
-7.59228069618699,-24.7706066300457,3.11958807238887,-8.30139272923702,13.351628891596,32.5060900876508,6,HIIT04,6_HIIT04,HIIT,9,111.0,183.0
-0.694204324209234,-8.63667425097569,-0.357727675738097,191.926981258728,121.120097622406,162.883716825491,16,HIIT02,16_HIIT02,HIIT,259,145.0,207.5
-0.905608922746513,-8.03279959378045,0.760591972370093,5.40744156769282,69.2771592480376,-42.0667122412952,6,MICT01,6_MICT01,MICT,337,111.0,183.0
-0.0602372678344383,-4.23773282146358,0.550410952786787,-23.592690656677,85.223856476565,-79.8721238194474,6,HIIT01,6_HIIT01,HIIT,303,111.0,183.0
8.05418309087313,7.66549068496449,-0.69888055846418,-41.4849669395594,-108.768363180513,151.117688517409,16,HIIT04,16_HIIT04,HIIT,145,145.0,207.5
5.04830015317536,3.20900875297014,-1.50188751209867,-243.523003931545,-96.9221722208586,-217.607928925105,6,HIIT04,6_HIIT04,HIIT,149,111.0,183.0
-4.57187565596165,3.46515786427062,0.982854338341813,-103.039525852794,-46.7263992854402,34.1317925573802,6,HIIT06,6_HIIT06,HIIT,28,111.0,183.0
-0.875563870032946,3.58252617682862,-0.340228589974018,-2.64518585564488,16.7348792664027,22.4533739642467,6,MICT03,6_MICT03,MICT,3,111.0,183.0
-0.815774150852385,7.00382621665326,1.01262261468836,-284.38006956429,-172.257347368643,-130.263765127526,6,HIIT06,6_HIIT06,HIIT,68,111.0,183.0
0.0373234139243925,-8.93633910879072,0.146745640483216,-10.9934207363705,33.746966200333,-25.2821067038384,16,MICT02,16_MICT02,MICT,355,145.0,207.5
-2.34064061110917,-7.87127554502177,1.05524135545805,15.8961936317986,57.8001509738844,-174.802610671262,16,HIIT03,16_HIIT03,HIIT,286,145.0,207.5
3.42885690788416,0.0962361043244638,-1.87755025729584,13.707048098443,-58.5091030004614,48.6021578525262,16,MICT05,16_MICT05,MICT,182,145.0,207.5
-3.40061220608237,-7.0595756561444,2.05735513855703,2.90305520888607,66.7422749660393,-137.763998684961,16,HIIT04,16_HIIT04,HIIT,320,145.0,207.5
-1.642781950084,3.42524182456733,-0.217238872173794,13.4055194659094,-0.75799999735105,76.3970124714659,16,MICT06,16_MICT06,MICT,52,145.0,207.5
1.5958748087308,6.01020478319667,0.628856584227188,3.52136877974689,-59.3981649090396,94.5200488017429,16,MICT03,16_MICT03,MICT,88,145.0,207.5
1.05506442029745,6.69801780150549,-1.33430955255002,-261.363561045011,-168.909170062334,-126.931042863808,6,HIIT04,6_HIIT04,HIIT,86,111.0,183.0
0.788636784700979,6.92913307587694,-2.12602309452414,-290.956755669305,-179.03444767666,-138.126734384539,6,HIIT04,6_HIIT04,HIIT,83,111.0,183.0
-2.58608721153119,2.49372224056593,0.275885233795835,56.7079674660549,48.4217935571788,24.4553822983102,6,HIIT03,6_HIIT03,HIIT,351,111.0,183.0
-3.81086241329126,5.68209532628954,-0.374710637411492,18.8256222571919,8.57265519920099,114.036725728117,16,HIIT04,16_HIIT04,HIIT,44,145.0,207.5
-0.543825316243627,-5.08454983701518,0.716680257107807,3.68256366116337,104.370759982761,-87.8439205820723,6,HIIT06,6_HIIT06,HIIT,281,111.0,183.0
-1.64849690347833,2.77186702712023,-0.271247216113894,24.9137958733809,3.88280171397249,80.7122416839868,16,MICT01,16_MICT01,MICT,47,145.0,207.5
-1.75664564654471,-3.55177996078719,0.818867101622054,-7.25370257855629,73.4871479925635,-108.43491959433,16,MICT04,16_MICT04,MICT,318,145.0,207.5
-1.43376772842492,-6.91293823143994,0.838030666324,8.39311408958075,69.0129856631446,-43.7520029566439,6,MICT02,6_MICT02,MICT,335,111.0,183.0
1.64855131501747,5.0372048526765,0.0372992943272309,-10.3436887422844,-98.8699897277642,59.922455615761,6,MICT06,6_MICT06,MICT,84,111.0,183.0
-8.09248893372415,-5.9916949004457,2.35223083327795,-26.6048255199379,15.9687773086436,60.5770913589878,6,HIIT04,6_HIIT04,HIIT,16,111.0,183.0
-3.10457935990391,-8.34765493205703,1.77024679157963,-33.5399206260788,72.9484001870555,-86.8331148509421,16,MICT01,16_MICT01,MICT,336,145.0,207.5
3.6852723568885,1.12097536065422,-1.62089771933769,1.56435311857767,-75.3133577975136,64.1438748564842,16,MICT03,16_MICT03,MICT,174,145.0,207.5
-2.27918751980656,-6.48528532708825,1.35300098027542,10.872435404118,62.8035899532894,-159.549634374746,16,HIIT05,16_HIIT05,HIIT,300,145.0,207.5
-0.554823637000889,-2.66084451728356,0.654934252403852,-21.0481726327528,62.9636608699656,-83.9737105979071,6,MICT04,6_MICT04,MICT,300,111.0,183.0
-4.00121961785265,-3.52653949371172,0.297596557915637,24.6584470918741,35.7867191935945,27.5922864447391,16,HIIT03,16_HIIT03,HIIT,6,145.0,207.5
-0.561918757405153,-9.11041192690025,-0.241373970521161,21.5843742771891,57.0178272270856,-186.141318222648,16,HIIT06,16_HIIT06,HIIT,260,145.0,207.5
-5.59895228540587,-15.5346498751513,2.49589101545614,25.8803959094053,82.3719826784055,-90.6865676043946,16,HIIT03,16_HIIT03,HIIT,337,145.0,207.5
0.664212819218046,-8.86799739545091,0.33496930952789,26.6195959020207,40.0880483905765,8.20677462137817,6,MICT04,6_MICT04,MICT,355,111.0,183.0
-2.83671112900883,2.86175266085033,-0.376650553844133,29.1066505585658,15.3562290298145,81.4469077577763,16,MICT01,16_MICT01,MICT,35,145.0,207.5
-7.97008557126765,6.73898957216342,-0.0564836865110796,43.6880558255465,71.6331695023643,78.5667477511187,16,HIIT05,16_HIIT05,HIIT,18,145.0,207.5
-0.0319498084758453,-3.40376990011016,0.450298136677498,-15.2235558654695,73.9963307694574,-113.223414323408,6,MICT01,6_MICT01,MICT,277,111.0,183.0
-0.152476718038706,-3.56285104291281,1.0258851710179,-25.6947099085692,66.5198293889996,-114.418478668732,6,MICT02,6_MICT02,MICT,286,111.0,183.0
-0.309647257987211,-4.25084170333859,1.57473190825424,-20.337387694551,77.041295584158,-121.19944892297,6,MICT03,6_MICT03,MICT,285,111.0,183.0
5.46503492014725,6.28916280939123,0.825855806127966,-52.773607844047,-129.780853053148,100.410030798366,16,MICT06,16_MICT06,MICT,125,145.0,207.5
2.2319338301803,10.1813990927121,1.27431409958079,-34.8459154722511,-74.6603779101451,132.914377238375,16,HIIT03,16_HIIT03,HIIT,87,145.0,207.5
7.39219480260305,10.2254741122813,1.53846844638971,-48.2926877402684,-119.7206967367,159.516033560929,16,HIIT06,16_HIIT06,HIIT,116,145.0,207.5
7.18087012868055,10.2478029181808,1.50372167863141,-61.2279979089202,-118.208588259001,152.156058706612,16,HIIT03,16_HIIT03,HIIT,117,145.0,207.5
-4.6472505400532,3.31861752238222,0.609457039330976,-105.744000596219,-42.7653552888506,32.1686943024949,6,HIIT05,6_HIIT05,HIIT,28,111.0,183.0
-6.03851473723736,21.7870735764467,0.869782095666862,12.5455506255027,43.5624338132261,-40.6887000457889,16,HIIT04,16_HIIT04,HIIT,349,145.0,207.5
1.93367512175211,5.23674803830219,0.0957484363040786,7.51415887214357,-98.2626775784384,81.042847749403,6,MICT05,6_MICT05,MICT,93,111.0,183.0
-0.0933535048286456,-4.87455607957842,1.18227089465078,-21.5886586189218,91.1127598351362,-84.3131234951233,6,HIIT01,6_HIIT01,HIIT,300,111.0,183.0
-0.0338434445285904,-4.17153481656054,0.154253824284801,-0.821076794542585,86.6790124490533,-58.5823260740679,6,HIIT01,6_HIIT01,HIIT,310,111.0,183.0
-0.44778614875275,-5.01609951377451,1.01641145039461,-22.0373063334073,92.8249369409574,-117.393098744238,6,HIIT02,6_HIIT02,HIIT,283,111.0,183.0
-0.302667789103073,-4.03853530525456,0.957183795053129,-15.3445782108754,75.520715870603,-104.128514218393,6,MICT06,6_MICT06,MICT,286,111.0,183.0
-2.07849176216965,-3.73144050062435,1.12132824740216,-7.92853284511526,67.0165382167584,-99.3714350791906,16,MICT06,16_MICT06,MICT,321,145.0,207.5
1.15796020478452,-0.219388220186936,-1.30772378916347,25.471060452348,-39.1406995903279,48.9759362154144,6,MICT04,6_MICT04,MICT,176,111.0,183.0
-0.130860213511941,7.64117693766052,-0.0436938995651558,-317.836704800069,-180.695383682964,-140.04050565666,6,HIIT04,6_HIIT04,HIIT,76,111.0,183.0
-0.510477498810939,-2.47430374949757,0.310377941465837,-18.4700300521201,63.3397760365962,-84.3995722405286,6,MICT06,6_MICT06,MICT,305,111.0,183.0
-1.22901723061688,3.61102399364373,-0.284620167892872,33.8921933917172,-12.5382057912126,81.6846972319967,16,MICT02,16_MICT02,MICT,55,145.0,207.5
-10.449313698333,39.8823254052069,1.44048889728731,18.0766123341618,67.8486633232546,-66.3051640787215,16,HIIT04,16_HIIT04,HIIT,345,145.0,207.5
1.76636843052381,8.87365816799128,-0.364092063301293,22.5947749739574,149.565733287933,13.9722033980778,16,HIIT01,16_HIIT01,HIIT,88,145.0,207.5
-8.8789617447395,31.4149421585737,1.41034466065918,11.86054746204,47.586383772826,-42.7452723664197,16,HIIT05,16_HIIT05,HIIT,348,145.0,207.5
0.86308403409205,-4.09791281345558,-0.132293302602794,-14.8253170801643,103.340581573911,-123.508658569122,6,MICT03,6_MICT03,MICT,239,111.0,183.0
-3.7086031347588,-6.08029821198419,1.42013483164349,75.6281914982084,-112.479606143085,-132.313439387935,16,HIIT01,16_HIIT01,HIIT,318,145.0,207.5
2.85635417082669,-2.50804631541279,-2.48195819414463,377.687932053192,-43.4387290673565,347.981220756728,6,HIIT05,6_HIIT05,HIIT,185,111.0,183.0
-2.87633641414166,-5.74610919304355,0.759056013075498,57.5885030115001,97.0395252858871,-11.3532092586214,6,HIIT03,6_HIIT03,HIIT,329,111.0,183.0
-0.0622061391556927,-5.0088178512421,-0.821225065126432,-0.235236677736618,70.7144885764175,-121.811657429893,16,MICT04,16_MICT04,MICT,245,145.0,207.5
5.34116788962219,5.50663491997649,0.571022655649773,-55.4169470334344,-133.911592172204,93.2125491744194,16,MICT06,16_MICT06,MICT,132,145.0,207.5
7.75304204122757,6.1226250907456,-1.69629742209101,-39.1504690828357,-105.978890783111,125.115052561034,16,HIIT05,16_HIIT05,HIIT,152,145.0,207.5
0.643268317448021,-4.67896524307815,-1.34140695370512,22.3545982842505,51.1292444128492,-84.4474021635966,16,MICT06,16_MICT06,MICT,231,145.0,207.5
1.25258620362002,0.806994023077743,-0.872379836122681,39.3007909002097,-65.9746726996975,76.112653273731,6,MICT01,6_MICT01,MICT,173,111.0,183.0
4.60972078903526,-4.25665973221612,-3.46206346964195,6.31619327842969,-2.55929517381936,-38.133753872664,16,HIIT03,16_HIIT03,HIIT,201,145.0,207.5
-1.4445073735125,3.05148962868874,-0.23233190395637,23.0869624187934,-0.174636584905511,79.1209701456834,16,MICT01,16_MICT01,MICT,52,145.0,207.5
-0.0928596881028588,3.69936562815169,-0.363105927641315,10.5347424093877,-34.906640537177,56.4023341770037,6,MICT06,6_MICT06,MICT,61,111.0,183.0
-2.4076166522044,-9.03735181922385,1.0352436738692,16.7516167409758,59.4167338983666,-187.61100289451,16,HIIT03,16_HIIT03,HIIT,282,145.0,207.5
5.15079105380623,4.84061575600281,0.632785248571205,-31.4925105443519,-134.013848063816,100.768307633783,16,MICT04,16_MICT04,MICT,144,145.0,207.5
-0.770082653871009,-3.11941619227358,0.490834499464021,-7.65781224253924,68.0765670458912,-61.8639159616893,6,MICT04,6_MICT04,MICT,321,111.0,183.0
-1.77999712755335,2.57029754683015,0.268231945809877,-2.13592456392648,10.2461492668277,29.9266546585878,6,HIIT06,6_HIIT06,HIIT,5,111.0,183.0
-1.78757883816697,2.79392949460762,-0.752802212196296,-14.025226513415,-4.31614983322095,50.8295449132732,6,MICT04,6_MICT04,MICT,34,111.0,183.0
6.61121240904742,3.62030997454276,-2.33032892891625,-24.289750282797,-72.0229626243537,92.7568646893491,16,HIIT06,16_HIIT06,HIIT,166,145.0,207.5
-4.73118188312703,4.11797137029994,-0.792654762650772,144.979272717527,147.155198133052,-62.3188273155302,16,HIIT02,16_HIIT02,HIIT,40,145.0,207.5
-4.34825598770652,5.30090687324903,-0.324277858848447,11.364096596152,17.4233316393569,109.014080056883,16,HIIT06,16_HIIT06,HIIT,41,145.0,207.5
-2.50531172405631,3.49739162488982,0.0769348540232062,-116.308038674201,-65.4428618032828,25.4884591535871,6,HIIT02,6_HIIT02,HIIT,34,111.0,183.0
-3.25473854360937,3.13128390202939,-0.182116597112004,0.646015172980353,6.79881103151621,62.7266906429581,6,MICT05,6_MICT05,MICT,24,111.0,183.0
2.09851081007542,3.11905925792889,0.094160159004725,-20.5641217784189,-162.996382846585,58.1605752461416,6,MICT04,6_MICT04,MICT,145,111.0,183.0
-2.31758835138395,2.71726377604059,-0.366961072830147,26.9416320701343,8.50788870459613,80.3482087395169,16,MICT05,16_MICT05,MICT,40,145.0,207.5
-10.1449760703748,24.5083774765505,2.05362414598221,61.1962445194119,70.3591572248856,97.0578841606834,16,HIIT02,16_HIIT02,HIIT,343,145.0,207.5
3.37172120755063,-5.34451139036317,-2.91901012488298,9.34428059751974,5.3750758210111,-68.0522118176629,16,HIIT03,16_HIIT03,HIIT,209,145.0,207.5
0.516005817608529,-3.09789747816147,-0.294480412241613,0.42167291323315,96.0595026584589,-85.7683217742986,6,MICT01,6_MICT01,MICT,237,111.0,183.0
-6.74821592669451,-11.4756305281546,1.78514328439928,66.5345217126594,47.5255825572693,-47.018673628701,16,HIIT01,16_HIIT01,HIIT,7,145.0,207.5
-0.640437972145486,-3.0551385469107,0.858152869690856,-30.2627137909693,67.6933639502674,-109.689605874953,6,MICT03,6_MICT03,MICT,299,111.0,183.0
-0.383739387536026,3.41126753403661,-0.386556517001619,6.98818891596751,-33.4930849511238,60.8949697270315,6,MICT05,6_MICT05,MICT,57,111.0,183.0
4.02638444787306,2.5605023018002,-0.979657076357162,-9.13353652227525,-103.631011661367,88.3925209633575,16,MICT02,16_MICT02,MICT,164,145.0,207.5
0.836648664038213,-3.63119210375973,-0.601252473239744,6.69642789709714,103.869072972789,-82.8006551637421,6,MICT04,6_MICT04,MICT,229,111.0,183.0
4.7269475727861,6.66749225725643,1.55300309894185,-25.2370625143265,-108.694948343941,105.135641335796,16,MICT05,16_MICT05,MICT,113,145.0,207.5
2.90485549153057,4.52058218628697,0.347193326607116,-25.7500352247059,-187.080137297434,69.4042114773196,6,MICT03,6_MICT03,MICT,135,111.0,183.0
0.693316918476024,-3.57775565127027,-0.0837625209156652,-6.27377672508648,92.7258493263433,-104.643351826073,6,MICT04,6_MICT04,MICT,238,111.0,183.0
5.23602829425812,-3.17748352079902,-3.19008859065485,-20.9182268997328,49.9517199972052,-32.3141943312973,16,HIIT02,16_HIIT02,HIIT,196,145.0,207.5
-3.46698435762004,9.06863753102039,0.290442434337139,52.1431238379235,46.7247235689794,24.62230969002,6,HIIT06,6_HIIT06,HIIT,350,111.0,183.0
-1.91929361796264,-3.89075967153907,0.481169823784933,13.263666217174,73.542098993774,-38.1065672610052,6,MICT04,6_MICT04,MICT,331,111.0,183.0
-0.0298923032265094,1.53093240331087,-0.112409615794858,19.9894432465415,29.4129801773305,22.6993481520547,16,MICT03,16_MICT03,MICT,0,145.0,207.5
7.29137808996283,6.82055261974085,-0.755385171447677,-38.6496435819746,-102.134939748952,142.995308259051,16,HIIT04,16_HIIT04,HIIT,146,145.0,207.5
-1.88286256261296,3.56697467395281,0.0677227352188572,-152.542600683088,-108.752903902754,-8.64264581844276,6,HIIT01,6_HIIT01,HIIT,43,111.0,183.0
0.752075273587843,-3.75003182919074,-0.835852681028103,-12.8069530643897,106.386501126937,-111.591002103665,6,MICT05,6_MICT05,MICT,234,111.0,183.0
-0.814927303502562,-6.20281424077727,0.0386075988404395,45.7235700149521,91.2017219324716,-20.1761168730355,6,HIIT01,6_HIIT01,HIIT,322,111.0,183.0
-6.36378253019584,1.09422067143097,1.44854369891155,-32.3744015710854,12.3073124536453,57.9031820560079,6,HIIT04,6_HIIT04,HIIT,17,111.0,183.0
0.416640238898136,-4.61460941391003,1.42593667808107,29.5440982331205,138.959532278681,-92.1240644356878,6,HIIT02,6_HIIT02,HIIT,259,111.0,183.0
-0.0992243421631391,-5.57209637405745,0.314057273735654,-34.9693360809459,92.9930813098201,-108.291482244296,6,HIIT01,6_HIIT01,HIIT,288,111.0,183.0
4.12699020328184,3.08588475121875,-0.858806921212813,-19.768881189375,-115.993792355907,91.5412283796217,16,MICT02,16_MICT02,MICT,157,145.0,207.5
-1.31218466741536,-3.2904043139574,0.626252486156054,-7.54672439613461,63.3738554372731,-61.6220889367256,6,MICT02,6_MICT02,MICT,329,111.0,183.0
-2.20210159877952,-5.94445094031786,1.46810332391866,4.71592174778419,58.8199439947779,-161.582109638657,16,HIIT04,16_HIIT04,HIIT,299,145.0,207.5
-5.11729603754865,13.7550713595566,-0.0234973063045461,25.307641244852,65.0868789586195,-14.1685272408502,6,MICT02,6_MICT02,MICT,344,111.0,183.0
-1.35629065178954,3.20962575316514,-0.360527286229579,36.0724498995791,-7.37309024200519,82.916323449598,16,MICT02,16_MICT02,MICT,50,145.0,207.5
-0.61421653140455,3.11771283831616,-0.54262431163786,2.09163835086556,-34.129780028732,59.0971437375529,6,MICT03,6_MICT03,MICT,54,111.0,183.0
-0.996758852527256,6.81807400474853,0.99345676400908,-210.539336614329,-140.23476786469,-47.0683473692446,6,HIIT04,6_HIIT04,HIIT,65,111.0,183.0
1.06523555025522,-1.49599915538277,-1.19086859094059,34.3382737899391,47.9028271258822,28.8659411991212,6,MICT02,6_MICT02,MICT,197,111.0,183.0
2.28747000648021,-2.17494786832729,-1.91005800148364,17.4283891039535,-8.61354964938864,-8.5589026099604,16,MICT06,16_MICT06,MICT,201,145.0,207.5
-1.07396276783753,4.85490567684066,0.322508971032976,8.14500367192422,9.707366494629,31.1545278837035,6,HIIT01,6_HIIT01,HIIT,2,111.0,183.0
-2.15010026988035,-3.81186257116544,1.10317127694501,-8.09548570345553,69.4959790500424,-104.497899971988,16,MICT06,16_MICT06,MICT,320,145.0,207.5
-0.621348353674044,-2.27755770654405,0.394132458246033,-15.7618483861905,65.5855729325512,-70.6505876880925,6,MICT04,6_MICT04,MICT,316,111.0,183.0
-7.46431649431513,-5.91061227991758,0.804397089137707,28.5509710499336,50.3048707450123,50.3519996520651,16,MICT06,16_MICT06,MICT,16,145.0,207.5
-2.32138817801446,-6.00237288891922,1.4559907021282,11.1789522565172,58.4332238295478,-153.888750157127,16,HIIT06,16_HIIT06,HIIT,305,145.0,207.5
3.2370683047865,6.12852018736498,0.652630601770688,-15.3347520824755,-76.9550131581898,101.745263291134,16,MICT06,16_MICT06,MICT,102,145.0,207.5
0.511564132123449,-8.72147709762096,-1.2227464630631,13.6657004201032,47.1604499023547,-176.303576825862,16,HIIT04,16_HIIT04,HIIT,244,145.0,207.5
-3.08788494090547,2.33150220068572,-0.260308007239834,-5.18595952311992,-2.08986059138564,64.1839614165258,6,MICT05,6_MICT05,MICT,28,111.0,183.0
0.681302517216949,-3.70821953391583,-0.13822729850381,-35.6735398183707,78.307059151777,-141.826019602958,6,MICT05,6_MICT05,MICT,246,111.0,183.0
1.06623856207922,-3.07754425572105,-1.07653443789009,28.9303595133757,101.259879966719,-21.441327715389,6,MICT03,6_MICT03,MICT,210,111.0,183.0
-0.94351575506536,-2.47811297259675,0.425714754084507,-28.2466548992725,66.5270937189124,-90.8195053772852,6,MICT03,6_MICT03,MICT,317,111.0,183.0
-1.72175525650103,-4.40313670122869,0.654759796119361,-18.2069221856595,72.6993286816266,-141.204721144418,16,MICT01,16_MICT01,MICT,286,145.0,207.5
-0.606922234545249,-3.26415555765838,0.53258535721228,-45.0781549839876,57.8719328551245,-109.953649809854,6,MICT05,6_MICT05,MICT,294,111.0,183.0
-2.5412403345312,6.71430953929717,-0.150479222519284,9.97695207390658,-10.9728660702847,116.955941242067,16,HIIT04,16_HIIT04,HIIT,54,145.0,207.5
5.39792441511872,-1.17574296092228,-3.25136453535359,3.244727370816,-28.7627119666898,11.8310095286997,16,HIIT05,16_HIIT05,HIIT,188,145.0,207.5
0.652003128701195,10.0279054410479,0.752023236502589,-16.7485126180281,-61.5451795461473,132.253915884987,16,HIIT04,16_HIIT04,HIIT,78,145.0,207.5
-3.02792364051552,-3.85444687483348,1.65223990792908,-14.1352796573863,66.8721516916849,-91.0401189449884,16,MICT06,16_MICT06,MICT,328,145.0,207.5
3.84901701771243,6.44674905170633,-0.34659029151769,-139.160967457892,-158.415362268638,-99.2495307261132,6,HIIT06,6_HIIT06,HIIT,112,111.0,183.0
-0.2566815945148,-4.26987929141709,1.60252343480345,-14.5877391888239,81.6491995602609,-117.919871023654,6,MICT03,6_MICT03,MICT,284,111.0,183.0
-1.90386967357616,-7.07131401986661,0.247501630044044,81.2142066125385,97.7610717859867,5.90075491101047,6,HIIT01,6_HIIT01,HIIT,327,111.0,183.0
-0.206975214619989,-3.5277232121885,0.600550315904666,-19.5701616719889,69.5742976238329,-110.972931614554,6,MICT01,6_MICT01,MICT,283,111.0,183.0
-2.61862121003109,-6.12901593287195,0.73156106949138,53.7167421046047,96.712378686162,-15.3706811816395,6,HIIT03,6_HIIT03,HIIT,328,111.0,183.0
3.47211786551797,-6.22918294418947,-2.68108897650454,106.585603359366,60.962838481458,78.0029163399699,16,HIIT02,16_HIIT02,HIIT,215,145.0,207.5
5.2683136484695,5.68975318829234,0.848068325167691,-53.3882891513259,-130.230201970964,95.1962352372177,16,MICT06,16_MICT06,MICT,129,145.0,207.5
0.844015820118426,-3.150730412546,-1.49960438774039,3.89168364165102,25.4054018016152,-54.4129294207165,16,MICT02,16_MICT02,MICT,216,145.0,207.5
0.0396104859300527,-9.03073981208018,-0.114764060812091,84.594693942462,45.854529780779,44.2024622942957,6,HIIT01,6_HIIT01,HIIT,353,111.0,183.0
-2.52763173319972,2.66433463122065,-0.348324119937308,28.8452950032004,13.0927905002195,82.0677659530562,16,MICT01,16_MICT01,MICT,37,145.0,207.5
-2.59781731790724,-4.87174105679234,1.50616799532352,-17.8479528309152,72.5135793566724,-104.084295814274,16,MICT03,16_MICT03,MICT,325,145.0,207.5
-0.434896513625906,-4.47545883024033,0.511376927883905,-21.0766245486779,84.5148024711049,-85.1419414691464,6,HIIT05,6_HIIT05,HIIT,298,111.0,183.0
0.83688780024446,-3.69257904517776,-1.14123046889191,390.748842378881,162.187402671111,326.613806348011,6,HIIT02,6_HIIT02,HIIT,212,111.0,183.0
-9.00254647719095,37.7803301458212,1.03031139629022,15.1182350735064,54.6713597578333,-52.2215160585391,16,HIIT04,16_HIIT04,HIIT,347,145.0,207.5
-0.564148367026653,-5.17555205981403,-0.0936365071975523,1.40716181102992,80.1031731639454,-135.864498669437,16,MICT04,16_MICT04,MICT,260,145.0,207.5
4.22522447979945,2.1596344653659,-1.29930833567505,-6.15585975097329,-100.960985726719,75.1384682586028,16,MICT05,16_MICT05,MICT,166,145.0,207.5
0.0649134207939317,-4.2163000516482,-0.691420788950994,11.925994148189,45.6537807726591,-94.9343580330391,16,MICT01,16_MICT01,MICT,234,145.0,207.5
4.19904655111084,-4.01879258271488,-2.97408225290759,12.1037950470707,-4.24170854393546,-49.6077440818629,16,HIIT05,16_HIIT05,HIIT,203,145.0,207.5
3.52853532682471,5.26454869711777,-0.0714420124532954,-197.001810929061,-170.834589574129,-157.161536668667,6,HIIT02,6_HIIT02,HIIT,124,111.0,183.0
-1.17365379726798,3.20207942703067,-0.360439626004517,24.1337955435246,-9.71122832189583,79.1598125945796,16,MICT04,16_MICT04,MICT,52,145.0,207.5
1.06665182964388,-3.18418385723004,-0.714267719239364,9.52396487352557,95.760622673005,-60.8913179277557,6,MICT04,6_MICT04,MICT,219,111.0,183.0
-1.49133950704894,-8.59836158972322,0.38529435566703,8.60191300016856,56.6586783113232,-198.384007281558,16,HIIT04,16_HIIT04,HIIT,271,145.0,207.5
8.65186294158075,5.96760905492599,-0.409276009152957,-306.259109693872,-15.1986176583682,-275.437086230535,16,HIIT02,16_HIIT02,HIIT,153,145.0,207.5
-3.70121760594097,2.99143486514468,-0.539983202885878,37.9031068983431,18.4271068780339,82.6749852285714,16,MICT03,16_MICT03,MICT,31,145.0,207.5
3.89475744631589,0.854732912611443,-1.78343330406927,-76.5164476746133,-69.2416365008631,-73.3908532482127,6,HIIT06,6_HIIT06,HIIT,165,111.0,183.0
2.32526843911983,-0.6900283699331,-1.54692730452022,218.706017679141,-55.6906579068663,204.631823388465,6,HIIT02,6_HIIT02,HIIT,177,111.0,183.0
-10.8254937973843,41.3150466287178,1.6971842455603,17.0283877662247,66.0327727823808,-63.5042589599998,16,HIIT06,16_HIIT06,HIIT,345,145.0,207.5
1.14333882079807,0.538136731444103,-0.979629587519126,32.8132059778198,-63.1721321255767,65.9565855103653,6,MICT05,6_MICT05,MICT,169,111.0,183.0
1.04738517833289,-3.77871543294528,-0.414857016367977,619.70446275328,133.733706553973,542.073533133156,6,HIIT05,6_HIIT05,HIIT,209,111.0,183.0
-4.69956624940571,21.2452971296376,-0.655301446828063,4.9620966303225,61.3891075555858,-17.9888076407415,6,MICT03,6_MICT03,MICT,346,111.0,183.0
-6.33229574015394,-9.98904209125823,2.89687474789247,75.8543832834113,-63.6669801173559,-136.573322707524,16,HIIT01,16_HIIT01,HIIT,339,145.0,207.5
-4.98908186553124,-14.1999438618612,3.04639474170873,20.0960971640049,79.4717004166637,-90.7991702906471,16,HIIT06,16_HIIT06,HIIT,338,145.0,207.5
0.690644569482165,-14.927310397598,0.550654709534909,9.20031717976926,38.2937794415334,-30.1637687761432,16,HIIT05,16_HIIT05,HIIT,354,145.0,207.5
-2.55069428614264,11.9875812858149,0.570102715485466,-13.612394436331,37.4804324686648,-34.0193545065162,16,MICT02,16_MICT02,MICT,349,145.0,207.5
5.66896419042467,5.49281254299253,-0.365972279971052,-50.0607126492766,-136.14933448585,97.4871973952875,16,MICT06,16_MICT06,MICT,137,145.0,207.5
1.19084933265858,-3.06977334764034,-0.733905323430994,-10.222171797722,91.2786876009702,-71.1028545994912,6,MICT05,6_MICT05,MICT,214,111.0,183.0
0.57731874414821,-6.19480907171648,1.95786182242576,-22.1574609620854,124.412888411409,-144.114095696221,6,HIIT03,6_HIIT03,HIIT,268,111.0,183.0
0.574519717526655,-3.9557798014785,0.309965878597352,-22.535250966206,81.7829166962409,-130.534491874446,6,MICT04,6_MICT04,MICT,247,111.0,183.0
0.412743994431251,-5.02425883485227,1.47065691704362,16.5382970688375,134.223659667881,-107.417057950659,6,HIIT02,6_HIIT02,HIIT,261,111.0,183.0
-0.595685047565725,-3.59227484864759,0.454172916681484,-19.337012393117,88.2983753765129,-75.6211775445055,6,HIIT06,6_HIIT06,HIIT,306,111.0,183.0
1.40871736204967,7.00492172471048,-0.863895490186784,-296.222030680101,-196.507470163295,-186.521729356491,6,HIIT03,6_HIIT03,HIIT,86,111.0,183.0
0.0136460747510983,-7.76505386798066,-1.18269589891301,209.14497993414,91.493087667802,162.591275261745,16,HIIT01,16_HIIT01,HIIT,242,145.0,207.5
-0.312954078713914,-5.81856941403805,0.456980597807208,-9.93475068583528,103.038541181879,-102.960712391572,6,HIIT03,6_HIIT03,HIIT,289,111.0,183.0
-0.462491866748042,-4.63358112124917,0.820147247642368,-23.2637958034928,87.9569261901779,-113.215060035933,6,HIIT02,6_HIIT02,HIIT,284,111.0,183.0
-1.66246143401202,-9.77404320193739,0.606426160398853,19.0693799653179,57.2156215398162,-193.939681440902,16,HIIT03,16_HIIT03,HIIT,271,145.0,207.5
-0.738124047387762,-2.67472944229761,0.334901901274093,-22.5378501966692,70.0082126982834,-73.1947828368872,6,MICT05,6_MICT05,MICT,319,111.0,183.0
-23.5295118362088,9.87410457489787,-51.2405806907488,-3494.47450428111,-1996.06658382477,-827.09281574805,16,HIIT01,16_HIIT01,HIIT,133,145.0,207.5
0.922814538808795,-3.54574276879934,-0.528870251720196,-15.1195307721115,106.399987091363,-98.7840552186705,6,MICT06,6_MICT06,MICT,226,111.0,183.0
1.37345960792313,-8.10211199563035,-1.60523679355229,183.438831062107,87.3338584706916,148.397249559404,16,HIIT02,16_HIIT02,HIIT,237,145.0,207.5
1.85201101030063,-2.54468488640161,-1.83049440529058,12.7038541296686,2.7245017302622,-23.6007447390796,16,MICT03,16_MICT03,MICT,206,145.0,207.5
1.14984818702398,-1.96314147608912,-1.3351040365926,29.3392808917016,49.6665113685349,8.84404859984317,6,MICT04,6_MICT04,MICT,197,111.0,183.0
3.75601957165274,1.91432303048299,-1.31090480191774,-2.96765168113819,-85.9028392533257,77.6195675490504,16,MICT04,16_MICT04,MICT,169,145.0,207.5
-0.780740185223242,5.72821489530168,0.678881610407794,-246.26464831188,-157.767952061961,-93.0928605149118,6,HIIT05,6_HIIT05,HIIT,63,111.0,183.0
0.635494408076294,-3.49147792892672,-1.3810585684059,3.07832407478715,33.6208627386912,-65.3262545804059,16,MICT02,16_MICT02,MICT,220,145.0,207.5
4.08140708684813,11.4872089711886,1.58983905464149,-43.1383145591812,-89.7954502599065,147.709646393387,16,HIIT03,16_HIIT03,HIIT,95,145.0,207.5
2.52676855883468,4.1651569482514,0.525219185977717,-8.59462812294936,-152.816021348037,80.334418436791,6,MICT02,6_MICT02,MICT,130,111.0,183.0
4.8126948500246,-3.89782755451633,-3.50598209761243,5.7406643465967,-3.99821852720894,-29.0540439144777,16,HIIT03,16_HIIT03,HIIT,199,145.0,207.5
-0.245805494816533,-4.71243788850806,0.681270352546623,-10.3247493579471,99.1262282187075,-111.508245146666,6,HIIT02,6_HIIT02,HIIT,278,111.0,183.0
-0.633060727133081,-2.96615526096465,0.829558781889615,-31.698686606673,66.5973419095523,-109.586821265706,6,MICT03,6_MICT03,MICT,300,111.0,183.0
0.799111716438502,-5.72034304039599,1.01597729347697,44.1162303878106,162.697213310242,-84.8512168960619,6,HIIT01,6_HIIT01,HIIT,253,111.0,183.0
-1.81396016183668,3.52037869251142,-0.291467670446147,14.6649608906447,1.7670916015737,79.1284454992184,16,MICT06,16_MICT06,MICT,50,145.0,207.5
-2.89728626516982,3.02626188979078,-0.438938579158412,29.4508285047318,14.986013643749,80.056763602788,16,MICT05,16_MICT05,MICT,35,145.0,207.5
0.962396075844502,-4.07339991211143,-1.55598130386938,11.7681126327833,40.6006865201049,-73.2105366407355,16,MICT03,16_MICT03,MICT,224,145.0,207.5
1.32199098515987,-3.13239196905972,-1.72065878677533,4.63416222512593,19.6518947648651,-41.9605179420375,16,MICT04,16_MICT04,MICT,211,145.0,207.5
-5.15460490502846,17.2252517158204,-0.121128734294532,36.5742494562447,73.8120481092361,4.95035584479781,6,MICT05,6_MICT05,MICT,344,111.0,183.0
-0.894386552868541,-7.61374335390918,0.708370858022817,2.53129594739016,67.7054454505579,-45.43277865754,6,MICT01,6_MICT01,MICT,336,111.0,183.0
1.92303410782912,10.510938015808,0.886553105317179,-19.885279267085,-70.9883446955138,141.290807139035,16,HIIT04,16_HIIT04,HIIT,85,145.0,207.5
-3.86306396148232,5.16340648393015,0.774891513364303,-123.050134759825,-79.1913870318158,18.7637953241933,6,HIIT01,6_HIIT01,HIIT,32,111.0,183.0
3.26807168390017,6.57243489258873,1.02494927189611,-150.855624481285,-153.173190545538,-114.820656327869,6,HIIT06,6_HIIT06,HIIT,119,111.0,183.0
-0.0669913936835829,-3.08122904594511,-0.125553155016981,-39.8497362752713,52.8432670260954,-134.66485352457,6,MICT01,6_MICT01,MICT,269,111.0,183.0
6.8800606763163,1.7326428277415,-3.63131882198663,-14.8100819523762,-48.6544330804399,73.4742347305257,16,HIIT03,16_HIIT03,HIIT,174,145.0,207.5
-0.900232157838812,-4.14730461222904,0.921135069287217,-4.77376841863861,90.9454311088418,-78.2177067741383,6,HIIT04,6_HIIT04,HIIT,300,111.0,183.0
5.05074225380213,5.4187101429666,0.363718042096699,-53.8682667685757,-141.01026412407,92.141059672184,16,MICT03,16_MICT03,MICT,134,145.0,207.5
1.0709079387618,5.84574188283959,0.353487172173156,-4.28035300803748,-50.2039654662889,91.0289537050659,16,MICT06,16_MICT06,MICT,84,145.0,207.5
2.50595390841646,-6.77589090616578,-2.37447462147265,17.4435607715125,20.4876349678244,-118.127690559126,16,HIIT05,16_HIIT05,HIIT,222,145.0,207.5
3.37265974729443,5.75517751549945,0.325719690391755,-190.025704169146,-175.059378064578,-143.473891880097,6,HIIT02,6_HIIT02,HIIT,119,111.0,183.0
1.01514957712458,-7.86882794446802,0.337323462039509,20.4033115817001,37.0922751278906,0.218559230236179,6,MICT02,6_MICT02,MICT,355,111.0,183.0
-7.32686799912438,-21.9596339709044,2.39799641304421,-8.69454790191848,17.2985299899331,24.6872956739441,6,MICT06,6_MICT06,MICT,11,111.0,183.0
1.07791105735369,-1.15671905268324,-1.16783038470746,40.2637771947658,33.2495179332628,43.3993406908331,6,MICT02,6_MICT02,MICT,193,111.0,183.0
-9.69462476103847,-25.692405074689,2.26903276275139,26.1977287046886,38.6627132693824,33.9405036536601,16,HIIT04,16_HIIT04,HIIT,8,145.0,207.5
3.16654679027244,5.21408722060449,0.829544104907763,-18.6892769208254,-173.300571516453,81.9931067121757,6,MICT03,6_MICT03,MICT,126,111.0,183.0
0.722147398602183,-5.08092617159778,0.259686378589217,108.51893415719,187.576280417237,-5.01199532006771,6,HIIT01,6_HIIT01,HIIT,238,111.0,183.0
3.44959911597223,6.1519441969841,0.83409198892328,-6.46576762514722,-83.0991364766265,103.206597759178,16,MICT05,16_MICT05,MICT,104,145.0,207.5
-10.5244269197629,-26.3714650590414,2.04250944756049,18.681029825833,27.3324534043264,28.8757240682687,16,MICT04,16_MICT04,MICT,10,145.0,207.5
-1.19398415925564,5.98168734257109,0.937352909442522,-179.057434421887,-120.634145096508,-19.0599156279916,6,HIIT04,6_HIIT04,HIIT,59,111.0,183.0
0.800520514702972,-9.63808885631917,-1.59096722944507,23.0737728985222,43.8932366884046,-167.931514230908,16,HIIT03,16_HIIT03,HIIT,242,145.0,207.5
4.2240946741123,5.0885720903406,-0.0499859155628589,-299.73448306405,-143.818593548418,-254.048686642016,6,HIIT01,6_HIIT01,HIIT,139,111.0,183.0
3.18872010278126,-2.15105986963999,-2.39336647073964,318.758545050956,-43.8555950260004,294.32547694363,6,HIIT06,6_HIIT06,HIIT,185,111.0,183.0
-0.730985670500178,2.745667085831,-0.667231561551288,-2.11277975272376,-30.7234143680679,58.7691642743261,6,MICT03,6_MICT03,MICT,49,111.0,183.0
3.57020902111535,5.80600996599,-1.03701454773594,-159.250411935123,-160.001267606369,-109.407890286428,6,HIIT05,6_HIIT05,HIIT,109,111.0,183.0
-1.57586603875659,1.0862788308893,0.28581805483483,3.73535715842015,37.4028184057253,-8.9174685993566,6,MICT03,6_MICT03,MICT,351,111.0,183.0
-0.296917210798066,-5.38772353078777,0.7016650027403,-2.33593699012152,101.401266182346,-90.6036531020382,6,HIIT03,6_HIIT03,HIIT,293,111.0,183.0
-0.495716947042132,-10.0826368971053,0.684965897867249,11.2949860976171,35.9406013915393,-30.5047890815551,16,HIIT04,16_HIIT04,HIIT,353,145.0,207.5
3.20424132161064,6.32149557741049,0.893791061591928,-127.516879830748,-168.387468670349,-82.9122416461568,6,HIIT02,6_HIIT02,HIIT,113,111.0,183.0
5.29635049559327,5.25355714551977,-0.0408758005495579,-53.176979930192,-133.935252053252,92.7242131626412,16,MICT06,16_MICT06,MICT,135,145.0,207.5
0.276997821054073,6.55350778791611,-1.39023244431939,-307.010114784252,-175.89264885074,-142.657761353114,6,HIIT04,6_HIIT04,HIIT,79,111.0,183.0
3.49134859334232,-0.298915554605083,-2.15314615893488,32.1648978520984,-69.4849406270194,26.2715405560285,6,HIIT05,6_HIIT05,HIIT,170,111.0,183.0
1.20147680979716,-0.0124264695348975,-1.25056351039087,22.6192348579314,-49.3519075153207,50.0525340445626,6,MICT04,6_MICT04,MICT,174,111.0,183.0
0.994604592038756,-2.63703398766084,-0.765739510612705,1.6005085879578,93.7643807720973,-43.5661286910263,6,MICT06,6_MICT06,MICT,209,111.0,183.0
1.93092039768199,2.55423019524954,-0.0312048742421712,-2.3837294922173,-145.901775519821,64.1978882649836,6,MICT01,6_MICT01,MICT,157,111.0,183.0
0.440534905820561,5.52928148173417,0.231186102847941,8.83570372068289,-40.3474283691122,90.4082070895119,16,MICT01,16_MICT01,MICT,81,145.0,207.5
5.38291266079344,5.8769943654943,1.25954312502624,-37.6189532318871,-128.899516634816,105.977016251569,16,MICT02,16_MICT02,MICT,129,145.0,207.5
-3.56407803755363,-7.95911240713004,1.72905829233691,-13.3907017847043,69.8105422361997,-81.4473416300516,16,MICT04,16_MICT04,MICT,335,145.0,207.5
2.49804202578316,4.5322868774472,0.648314827029718,-5.54851894070527,-122.40383045997,79.4755383149567,6,MICT01,6_MICT01,MICT,115,111.0,183.0
-4.10874298730192,6.30923941234655,-0.326745434298617,29.1157161320096,47.0614232453101,57.023599378012,16,MICT06,16_MICT06,MICT,19,145.0,207.5
-0.627996817590219,1.81167708173553,-0.101522372306649,13.7721490739392,20.7869769224482,24.470401631762,6,MICT02,6_MICT02,MICT,1,111.0,183.0
2.62957565848821,6.11509544312525,0.897488209744639,5.50444330699087,-70.2831727700512,100.415113671942,16,MICT02,16_MICT02,MICT,95,145.0,207.5
5.32589799802103,5.906977856952,1.26355983555396,-35.6642770111611,-125.532062028464,106.62333318106,16,MICT02,16_MICT02,MICT,127,145.0,207.5
2.90131559598116,-4.81784385453917,-2.63720023363827,4.70826665429256,4.96264092022731,-71.6809899118822,16,HIIT04,16_HIIT04,HIIT,209,145.0,207.5
5.39008714039667,5.80184546706382,1.11205601373542,-39.4542175795196,-132.244344679689,105.0973466656,16,MICT02,16_MICT02,MICT,131,145.0,207.5
-0.94182824537489,1.77500453345575,-0.644349503128415,-19.7868558377277,-13.6009975604195,39.5137504796613,6,MICT01,6_MICT01,MICT,43,111.0,183.0
0.78374102025827,-4.40070852909539,-0.658438105000563,436.524668477105,191.01963997159,336.902476188625,6,HIIT05,6_HIIT05,HIIT,219,111.0,183.0
0.386387294608653,5.64292948112642,0.295487578674534,-1.63380219509329,-42.2183638893514,87.6223475565696,16,MICT06,16_MICT06,MICT,79,145.0,207.5
-7.03381000077461,4.54077062134081,0.0957386166313554,26.5999881029037,42.6018962527885,100.504477330043,16,HIIT05,16_HIIT05,HIIT,30,145.0,207.5
-1.3981265998509,-3.58140545661615,0.532254567908059,-5.73377553010099,76.1810386965739,-123.109081194123,16,MICT04,16_MICT04,MICT,299,145.0,207.5
-1.00084070168852,2.18274889337439,-0.732931267023384,-14.7089073317952,-12.9790146527734,46.9811580178093,6,MICT06,6_MICT06,MICT,38,111.0,183.0
-1.36658868499899,-2.79869123008788,0.482352382681478,-28.081787038841,71.0163733909035,-129.816245152657,16,MICT01,16_MICT01,MICT,305,145.0,207.5
4.58509415382834,5.77094190215232,-0.163701747712963,-332.562495761951,-157.024287848378,-288.028973408038,6,HIIT03,6_HIIT03,HIIT,135,111.0,183.0
0.0355428728039861,5.53039339271291,0.247976744336014,7.20031263642458,-43.336207273247,84.9785390495905,16,MICT05,16_MICT05,MICT,76,145.0,207.5
-3.2166356098516,5.80026482447147,-0.379411516817558,6.54336945597915,5.39563768946407,112.081122320776,16,HIIT06,16_HIIT06,HIIT,47,145.0,207.5
-5.28691729022101,-7.53377307682282,2.62394994758397,11.0451035717516,74.0060995177403,-108.513612644908,16,HIIT04,16_HIIT04,HIIT,332,145.0,207.5
0.987713345777367,-0.615663014490891,-1.12904007952342,49.6159435622977,3.46034359791592,56.1748246109627,6,MICT01,6_MICT01,MICT,189,111.0,183.0
8.69860209725714,11.1811278372641,1.63287527651934,-54.4582808223541,-132.233238323722,166.96421247709,16,HIIT06,16_HIIT06,HIIT,120,145.0,207.5
-0.5328505875522,-2.70648729962633,0.438360181273516,-20.2563018016435,63.5951831440556,-87.9532790095839,6,MICT06,6_MICT06,MICT,302,111.0,183.0
2.84754743098038,4.511266210916,1.39692947408433,-6.65788547128193,-159.918725976307,86.7227895120125,6,MICT04,6_MICT04,MICT,131,111.0,183.0
1.83989586450665,6.06175668081836,0.700312488254407,1.76406440939304,-62.3832356081757,95.4865415820149,16,MICT03,16_MICT03,MICT,90,145.0,207.5
4.92812631145595,4.29297290282331,0.0057072056956919,-30.6001274644269,-132.442577323983,99.4208579801065,16,MICT02,16_MICT02,MICT,150,145.0,207.5
-4.5183744815073,11.7861869385,0.168034076317973,36.4728075309029,76.037469544743,3.43555799320984,6,MICT05,6_MICT05,MICT,343,111.0,183.0
-0.538923491288019,-2.17007295983517,0.26644398609644,-28.7639073272707,65.2065343293582,-78.2954105616489,6,MICT05,6_MICT05,MICT,315,111.0,183.0
5.03718710406208,5.94328501185686,1.18896928772479,-51.4690314553457,-134.686877584596,94.4097636244472,16,MICT03,16_MICT03,MICT,127,145.0,207.5
-9.45615898323245,22.3700556911888,1.04400044147472,172.62643196219,101.98785634028,84.4290544394614,6,HIIT01,6_HIIT01,HIIT,343,111.0,183.0
-1.81258027050595,-4.37685547949419,0.73916503911391,1.36980289292434,68.1184524451797,-123.404043062121,16,MICT06,16_MICT06,MICT,294,145.0,207.5
3.77415152330859,-4.58235161665077,-3.03051687113585,7.49878007348623,1.26405929311262,-52.6280451851018,16,HIIT03,16_HIIT03,HIIT,205,145.0,207.5
2.70713927348486,-0.123605517857333,-1.7919578500908,8.41962959607171,-42.4088978461585,41.4847906016812,16,MICT04,16_MICT04,MICT,185,145.0,207.5
1.18945073960942,-1.66626756598142,-1.49944084764591,53.4943257763877,40.415431533539,43.8234372985798,6,MICT03,6_MICT03,MICT,192,111.0,183.0
0.93082499298446,-1.20713058110431,-1.14136162595426,44.9908403094995,31.3338321652784,37.7274886671223,6,MICT01,6_MICT01,MICT,196,111.0,183.0
-1.76962097674365,1.77689703411161,-0.103638741030957,19.582506657697,26.9795393929858,25.2541616149698,16,MICT05,16_MICT05,MICT,5,145.0,207.5
-1.62056575776843,-3.36737203461491,0.73178712215798,-25.6448429749869,74.7934190222799,-136.244465455263,16,MICT01,16_MICT01,MICT,301,145.0,207.5
4.76185961673838,5.95050185769254,0.949547743192964,-30.2116489230104,-119.202154900804,104.149894249123,16,MICT04,16_MICT04,MICT,119,145.0,207.5
-2.63049760785977,-6.29118701444362,1.52705858279663,11.3260595358679,60.5614029465936,-142.680116167809,16,HIIT06,16_HIIT06,HIIT,313,145.0,207.5
4.40336424099463,2.98528732395442,-1.25305820708021,-288.023415696619,-108.586275745387,-260.857346705165,6,HIIT03,6_HIIT03,HIIT,152,111.0,183.0
0.946152847578939,-3.24271998391661,-0.286592494722942,-5.66198661551612,105.660420615937,-84.5357704512267,6,MICT02,6_MICT02,MICT,230,111.0,183.0
1.1219802866229,0.0859409183701455,-1.15451148073856,47.8655597073276,-31.8825618092185,70.3963831356862,6,MICT01,6_MICT01,MICT,181,111.0,183.0
2.69269303976749,6.99930387385582,-2.41153265762683,-259.584444977042,-190.774009524696,-173.65969671938,6,HIIT03,6_HIIT03,HIIT,95,111.0,183.0
3.05052633563191,6.59279613381018,0.776323459174472,-13.2083562313326,-73.7598295638444,103.406748562105,16,MICT06,16_MICT06,MICT,98,145.0,207.5
6.39491646099894,1.81902544358833,-3.04508828863347,-15.7546668951856,-50.9253185231672,65.7197378708289,16,HIIT06,16_HIIT06,HIIT,175,145.0,207.5
-2.65410133503187,-4.89377600738619,1.41091865706385,-18.4039369274648,73.9605941022139,-102.273900709342,16,MICT02,16_MICT02,MICT,327,145.0,207.5
0.401086646428631,-3.04022377084486,-0.228064833925088,2.27923016700581,96.728956627183,-88.1186154658779,6,MICT01,6_MICT01,MICT,242,111.0,183.0
1.79656748950798,-13.375531398409,-0.347930130490515,94.76253698947,50.3445568659476,50.3346715642395,6,HIIT01,6_HIIT01,HIIT,355,111.0,183.0
-0.474444872822962,-10.0196306944723,0.693259838344267,8.61534732510479,35.1098239369681,-28.3395578655341,16,HIIT05,16_HIIT05,HIIT,353,145.0,207.5
-0.429207364054261,4.12665084815559,-0.365695127519444,9.17858087314015,-41.05971421267,62.7315075825075,6,MICT03,6_MICT03,MICT,62,111.0,183.0
-2.89404637272469,2.25561539541216,-0.137252093338705,-8.61896790482761,-5.42886890523007,55.8313003255505,6,MICT02,6_MICT02,MICT,30,111.0,183.0
-1.04610231123958,4.98975253732547,1.15074899958323,-159.577493022669,-132.550088230679,-16.4048587253461,6,HIIT03,6_HIIT03,HIIT,52,111.0,183.0
-0.792423359750036,-7.97787887491814,-1.16645380984601,186.842319891791,95.5660483241706,158.549946257537,16,HIIT01,16_HIIT01,HIIT,250,145.0,207.5
1.53489606920103,-7.82025114076928,-2.16674420238829,10.0228850668925,30.4258692799733,-146.511258759751,16,HIIT04,16_HIIT04,HIIT,230,145.0,207.5
0.413825708409629,-4.5137112405091,1.01302721817688,162.526705020369,216.522271033575,45.4785801299616,6,HIIT02,6_HIIT02,HIIT,238,111.0,183.0
2.16119665871318,-1.29862812303962,-1.86405566540969,9.49338105199182,-18.7134078434476,14.4525744230209,16,MICT04,16_MICT04,MICT,194,145.0,207.5
3.44150505160678,7.29125089171666,-1.16710336839354,-227.605560256265,-183.194872911794,-157.266464362254,6,HIIT03,6_HIIT03,HIIT,101,111.0,183.0
2.16638152880482,3.54852452101511,0.198725010665947,-2.30653990157312,-168.401919894458,74.8868720013399,6,MICT05,6_MICT05,MICT,140,111.0,183.0
-8.89268189813937,-13.3054192721111,2.69226613199915,-15.4614522686568,-3.51533535748478,53.3327547048019,6,HIIT01,6_HIIT01,HIIT,15,111.0,183.0
-0.622995807185734,-2.29346946591005,0.209905013715579,-3.13696736850213,65.4411607665276,-65.7199415903013,6,MICT06,6_MICT06,MICT,317,111.0,183.0
2.34697024466097,-1.04983338241641,-1.95210858699017,270.581123902965,-34.5435069945831,273.459560903822,6,HIIT01,6_HIIT01,HIIT,180,111.0,183.0
-2.75031940361544,2.88096711426952,-0.301674278797931,19.8924827754623,18.1048091810439,75.4352144726505,16,MICT06,16_MICT06,MICT,36,145.0,207.5
0.696467898103645,-4.26095185752136,-1.43976026448504,1.39773097912916,47.7203631920545,-84.1195657913502,16,MICT04,16_MICT04,MICT,226,145.0,207.5
0.684061471921167,-4.61978793288662,-0.151413524494579,304.281879662308,237.510707414451,207.987940427745,6,HIIT03,6_HIIT03,HIIT,226,111.0,183.0
3.52319846550283,6.12419626835318,0.708529830432247,-16.2792259037147,-80.4139191445362,103.672998492776,16,MICT06,16_MICT06,MICT,105,145.0,207.5
-2.11860360374229,-6.7524297024232,0.651918552181355,45.8853789988144,95.7658060302562,-23.4184147375453,6,HIIT03,6_HIIT03,HIIT,326,111.0,183.0
-6.31716941499611,9.73429591082361,-1.0969885903284,158.241162812113,123.784959868404,-97.0991874703758,16,HIIT01,16_HIIT01,HIIT,21,145.0,207.5
-2.68544502951021,5.85450772927271,-0.402911489344823,123.818900207688,133.646866255324,-55.561575449584,16,HIIT01,16_HIIT01,HIIT,56,145.0,207.5
-9.41399519827862,-24.938387164865,2.19581536922767,24.5852605081406,39.0058279953177,32.6973281503214,16,HIIT05,16_HIIT05,HIIT,8,145.0,207.5
-3.54028408334738,-8.92715353820564,1.74605600805457,-24.9660891942961,70.7799217192064,-83.3929681083386,16,MICT03,16_MICT03,MICT,336,145.0,207.5
0.357733752807565,-3.94368229604035,-0.917080741365547,18.5203162618003,39.6621710429054,-79.4059156758942,16,MICT01,16_MICT01,MICT,229,145.0,207.5
-2.94836886542966,8.40330337615734,-18.1739659703938,-246.842164877321,-49.6124292619392,-256.556277579024,16,HIIT02,16_HIIT02,HIIT,136,145.0,207.5
-2.66503762497372,3.94584944814146,-0.156597707441364,-126.537184432551,-91.7207526663652,19.3425054532554,6,HIIT03,6_HIIT03,HIIT,38,111.0,183.0
-2.37890878348289,-7.73153932707279,1.10484155692992,9.58684659066211,61.6342469727585,-183.443736464217,16,HIIT04,16_HIIT04,HIIT,287,145.0,207.5
0.595373561775891,-4.52630976080899,0.129802229999376,187.386847276346,192.617808021149,61.7433841105621,6,HIIT05,6_HIIT05,HIIT,238,111.0,183.0
3.27661339223018,0.360873927279166,-1.73018234189474,8.84105408588802,-58.348590181306,53.5685317995867,16,MICT03,16_MICT03,MICT,180,145.0,207.5
-2.64657475889943,-6.02037542852755,1.40256059939514,0.0286518303854998,62.6582229272313,-153.096692820886,16,HIIT04,16_HIIT04,HIIT,312,145.0,207.5
5.46701584586239,-0.966978500727274,-3.23904008989596,2.36933779476767,-30.7793491820078,15.7500649933763,16,HIIT05,16_HIIT05,HIIT,187,145.0,207.5
0.588435672205362,-5.10509126213312,-1.39126189599953,210.648296340975,201.704386641772,114.976917397813,6,HIIT01,6_HIIT01,HIIT,227,111.0,183.0
-4.58718075562715,-7.80178379489114,-14.3621971369161,3230.48433260949,1460.05710496217,1444.20641756899,16,HIIT01,16_HIIT01,HIIT,285,145.0,207.5
-1.86357604760107,2.90643722597166,-0.300703764814773,26.8734087628372,5.75275557074416,84.518852664751,16,MICT01,16_MICT01,MICT,45,145.0,207.5
-3.09387044386386,5.83004181203964,0.0427621666597636,1.63788201845874,-3.59167893401581,105.019703788617,16,HIIT03,16_HIIT03,HIIT,47,145.0,207.5
4.91195570115169,-0.0486353724439625,-2.87304570538317,-9.02966808456936,-32.4910434744429,38.4684012979494,16,HIIT04,16_HIIT04,HIIT,182,145.0,207.5
6.48651062809954,1.5262834936255,-2.68073828187379,-199.753732571526,28.7819235640624,-179.838877035572,16,HIIT02,16_HIIT02,HIIT,173,145.0,207.5
-2.24814881968596,-3.58836656056447,0.982608874569269,-3.98266000884343,76.7612246014153,-56.1833104872372,6,MICT03,6_MICT03,MICT,331,111.0,183.0
3.79799622484465,6.12090474042429,1.33677640167434,-2.28405665086933,-84.4397169829695,107.419147663261,16,MICT04,16_MICT04,MICT,105,145.0,207.5
3.54370835343616,0.873016816894141,-1.70271416972873,7.60654828721075,-73.3902207920981,59.7098979865248,16,MICT05,16_MICT05,MICT,176,145.0,207.5
-0.410840871029821,3.2803258389328,-0.45402306277519,5.8238960778361,-26.2783154831911,52.4805242188572,6,MICT04,6_MICT04,MICT,57,111.0,183.0
-1.56113329316981,-4.08500440752661,0.674153655015843,-17.6360895542329,75.1040953631551,-137.000655274468,16,MICT02,16_MICT02,MICT,294,145.0,207.5
-0.848470394415271,1.85813676225404,-0.661297426751023,-17.2397079985487,-14.281987091494,39.6466934939355,6,MICT01,6_MICT01,MICT,45,111.0,183.0
-0.430640513586609,-8.65008711860663,-0.553872387523412,194.030621990093,116.952761989081,163.432131402334,16,HIIT02,16_HIIT02,HIIT,256,145.0,207.5
-2.49740382668513,2.82292793664084,-0.577438342249337,35.1343565037321,7.9979686185532,85.4214559266039,16,MICT03,16_MICT03,MICT,38,145.0,207.5
4.74519447082109,5.13300251927706,0.517076105664348,-27.9168135986591,-109.550579360151,98.9430822169,16,MICT01,16_MICT01,MICT,123,145.0,207.5
5.8092162478326,-1.84786391780624,-3.28849999925632,-68.7079466959588,47.042902981401,-72.5512849785425,16,HIIT02,16_HIIT02,HIIT,190,145.0,207.5
5.00204746602232,9.31407729392078,3.93221898339483,-40.4969685100183,148.085936304724,51.2278450306696,16,HIIT02,16_HIIT02,HIIT,91,145.0,207.5
-1.06041392079986,-3.55912529116366,0.315459825323043,35.6124133152473,41.4542664974075,13.4663696571875,6,HIIT04,6_HIIT04,HIIT,352,111.0,183.0
-2.22300164095578,-7.54296995576805,1.21629562751812,27.172598898079,79.9417149002318,-12.1253170588505,6,MICT05,6_MICT05,MICT,338,111.0,183.0
-1.06453838866518,5.26569387955792,-0.0864906614030889,15.9769381754047,-27.6994692419005,85.1297959652417,16,MICT05,16_MICT05,MICT,67,145.0,207.5
0.700933861033196,-4.76991662687789,-0.125777912871259,232.492009459766,199.712923801643,111.925976235522,6,HIIT05,6_HIIT05,HIIT,231,111.0,183.0
-1.2583232962653,-2.97151500609196,0.598624943815581,-6.78617883301944,74.5624276699889,-117.651248213094,16,MICT04,16_MICT04,MICT,307,145.0,207.5
1.26642584431581,0.314556049442345,-1.1165687935225,19.1827540983726,-63.7332473984435,52.5697933960248,6,MICT04,6_MICT04,MICT,171,111.0,183.0
-1.8161498195515,8.10870188051812,0.556850299607632,-8.3097600505511,-24.2989351085187,121.032922815594,16,HIIT05,16_HIIT05,HIIT,64,145.0,207.5
3.17755064535237,-5.03533530405205,-2.93244141598387,3.65456670964634,8.79608420462967,-72.9950811219267,16,HIIT06,16_HIIT06,HIIT,208,145.0,207.5
0.615813178756196,-4.83050099675813,0.392711474614889,188.058276531728,198.84881610485,56.457692598468,6,HIIT05,6_HIIT05,HIIT,239,111.0,183.0
1.05499977239187,7.46298223646134,-1.27488227068539,-311.187021816485,-206.217372413955,-189.544500663214,6,HIIT03,6_HIIT03,HIIT,83,111.0,183.0
1.86232468285613,-7.43834667285429,-2.1472573598506,9.77982072103469,24.7198823291872,-131.190532499801,16,HIIT04,16_HIIT04,HIIT,225,145.0,207.5
7.46325181958268,2.52480933666287,-2.63717793761538,-238.403281533741,22.8153149247964,-212.412371074876,16,HIIT02,16_HIIT02,HIIT,169,145.0,207.5
-0.778110450858064,3.21372806194243,-0.217639020939768,-2.35200677578626,18.5704283941132,19.4937057344214,6,MICT04,6_MICT04,MICT,2,111.0,183.0
-1.47769076103292,7.7525509947665,0.159267999783818,-5.124510828822,-25.6905769464331,120.226060345669,16,HIIT06,16_HIIT06,HIIT,63,145.0,207.5
5.27261959741107,10.3879385013669,1.35486169430237,-36.4021802122749,-98.1442011536623,154.95523249215,16,HIIT06,16_HIIT06,HIIT,102,145.0,207.5
1.16214342625529,-3.2720206995583,-0.12618185652705,-5.36283652613715,107.885852103409,-86.0584117592427,6,MICT05,6_MICT05,MICT,225,111.0,183.0
1.28412999573623,-6.36116918713094,-1.5505272101954,168.80120084597,64.1684105974078,124.151698883686,16,HIIT01,16_HIIT01,HIIT,230,145.0,207.5
0.779061137796684,-5.67289068257145,0.375905656405109,13.5490684181481,139.27868741312,-107.432145360521,6,HIIT01,6_HIIT01,HIIT,259,111.0,183.0
3.15745209155801,6.10287202230691,-3.59164554564493,-202.050057021857,-174.680986267715,-127.013500042344,6,HIIT01,6_HIIT01,HIIT,96,111.0,183.0
-1.15785903227764,1.68026230462719,-0.580958369066231,-22.7381379566234,-11.9393542110106,39.7752249815505,6,MICT01,6_MICT01,MICT,40,111.0,183.0
4.63358461543386,2.699141667839,-1.38142450904578,-218.487534575157,-88.5783964722217,-197.364132677425,6,HIIT04,6_HIIT04,HIIT,151,111.0,183.0
2.87666869335961,-0.684811514764143,-1.75072088879762,154.081580802987,-63.4953455622005,153.469627960143,6,HIIT03,6_HIIT03,HIIT,176,111.0,183.0
2.39624961439445,5.24750452831237,0.567977013507901,18.6899520922352,-99.976668645152,92.8111856669678,6,MICT06,6_MICT06,MICT,97,111.0,183.0
-1.1446447131757,-4.89259580744614,0.425289904634368,-0.172135908534895,78.9070404904295,-140.468962288847,16,MICT01,16_MICT01,MICT,265,145.0,207.5
1.61337759982895,4.7907909311285,-0.0658951528488124,-11.1979916476024,-94.0330646976362,59.3340801679946,6,MICT04,6_MICT04,MICT,89,111.0,183.0
0.77668511224951,5.05663417551168,-0.0756054779400055,-16.4995682173708,-86.069571453151,54.6278346166033,6,MICT03,6_MICT03,MICT,77,111.0,183.0
3.5597096679176,0.851943141966464,-1.66333458871975,4.45862338891454,-69.3881999317072,61.2221827076366,16,MICT03,16_MICT03,MICT,176,145.0,207.5
-0.200304547876811,-3.18158391995863,1.08264147621379,-28.857884926578,60.5946557925386,-105.513464055828,6,MICT01,6_MICT01,MICT,295,111.0,183.0
-6.26285637133924,5.79184914116637,-0.428714037097567,30.4641357450463,35.1030100873231,105.102950450252,16,HIIT04,16_HIIT04,HIIT,32,145.0,207.5
0.796976791701576,-5.89203685642106,0.655610606949991,28.3912941767005,154.765309434581,-99.895870918143,6,HIIT01,6_HIIT01,HIIT,255,111.0,183.0
0.745936979593201,-4.992958126923,-1.4832238184701,22.7978293458844,51.3448120593264,-85.833943322049,16,MICT06,16_MICT06,MICT,230,145.0,207.5
-0.508675165733069,3.68746819606668,-0.488504692391608,75.5248013276532,54.6766574378057,-51.0372962741761,16,HIIT02,16_HIIT02,HIIT,1,145.0,207.5
-3.70664591791023,2.54162311577091,-0.0561409154895781,-0.156378188478357,6.74073502081763,56.3186215111201,6,MICT02,6_MICT02,MICT,24,111.0,183.0
-0.394503622476399,-4.91383780581378,-0.558602684950849,0.50333507868579,78.8822049631224,-127.344202463518,16,MICT02,16_MICT02,MICT,249,145.0,207.5
-6.34314501048763,27.6580270710749,0.288486726231422,40.5199540330088,70.5623204820811,3.64868139338673,6,HIIT02,6_HIIT02,HIIT,346,111.0,183.0
6.9268540619824,3.17820422467865,-2.04410625429174,-258.291073964054,11.5205609253297,-228.66355270038,16,HIIT02,16_HIIT02,HIIT,164,145.0,207.5
-0.101600061746393,-5.42994963947679,0.365724244363549,-28.1602437531971,93.1138313970621,-99.545039076635,6,HIIT01,6_HIIT01,HIIT,290,111.0,183.0
0.200649298155819,-5.0667804262229,-0.916624181792516,22.6166585064315,62.6743584372588,-101.775769582769,16,MICT06,16_MICT06,MICT,240,145.0,207.5
2.91078173004974,5.05088111751153,1.44104678027366,1.64718709972056,-152.359754629257,99.2283838505299,6,MICT06,6_MICT06,MICT,116,111.0,183.0
1.17075875372949,-3.98611436174734,-1.56595354778098,20.4098026274016,32.2709689034206,-60.1660915904526,16,MICT06,16_MICT06,MICT,220,145.0,207.5
-0.114373954256402,-5.95067998675839,0.355580480464483,-32.7959208892032,96.8032970809254,-107.998848335591,6,HIIT01,6_HIIT01,HIIT,289,111.0,183.0
-0.603603870429665,-5.10000058237652,0.030560483362025,5.91441089027756,78.262276757056,-134.631992346321,16,MICT03,16_MICT03,MICT,260,145.0,207.5
5.59198462834489,4.78166439523295,-0.396482234289133,-37.6628936992898,-141.376275424692,93.5703429913125,16,MICT05,16_MICT05,MICT,146,145.0,207.5
-2.34972339534705,-6.04454734086097,1.41130948937986,7.2881127023986,63.5108043920582,-147.581658965155,16,HIIT05,16_HIIT05,HIIT,310,145.0,207.5
-3.46371743559159,4.25058668125549,-0.493942226709363,136.383025329236,130.78689176638,-65.5740952381706,16,HIIT01,16_HIIT01,HIIT,45,145.0,207.5
-3.63970039664825,-9.45330120711858,1.66872542532319,-15.0395550451537,70.2185996365332,-78.296991795422,16,MICT04,16_MICT04,MICT,337,145.0,207.5
1.07224482661359,-2.64928037771704,-0.959703985930713,9.02035927951156,92.0281428557466,-27.938665814514,6,MICT06,6_MICT06,MICT,205,111.0,183.0
-14.6661044691019,-22.1318618601474,2.26519281772278,44.2128868961182,72.847053300023,66.9221533966451,16,HIIT06,16_HIIT06,HIIT,15,145.0,207.5
-5.71750946520748,-6.93348763085124,2.69976574642352,19.3147432890263,74.936592248566,-109.59998117938,16,HIIT03,16_HIIT03,HIIT,330,145.0,207.5
2.35610861436619,4.9943920468765,0.568508137213573,1.00352743230504,-128.164185986417,85.6326050729899,6,MICT05,6_MICT05,MICT,107,111.0,183.0
-1.81906807705129,-4.96757837143283,0.825399513727618,-6.53712878899624,79.539586218226,-134.49515056964,16,MICT05,16_MICT05,MICT,291,145.0,207.5
-2.29785327207832,6.70109593609014,0.49487595371245,-14.4660848683022,33.1970853612724,-31.4238260547992,16,MICT03,16_MICT03,MICT,350,145.0,207.5
-1.66789755583363,2.45097792947305,-0.779313035320028,-14.1518970743171,-22.6347589820794,59.6982340652519,6,MICT03,6_MICT03,MICT,37,111.0,183.0
-0.345864022868103,-5.98100769880311,6.14696928769868,3080.66279457192,1436.718306158,1429.69071559956,16,HIIT01,16_HIIT01,HIIT,280,145.0,207.5
0.771431098685464,-4.14710393850282,-1.46827808372204,1.91330812422937,44.5658523316591,-78.9835486963789,16,MICT04,16_MICT04,MICT,224,145.0,207.5
-1.56358650303219,1.12996817807947,0.366104790869844,18.6940305741218,35.5200490563629,1.09923455344219,6,MICT06,6_MICT06,MICT,351,111.0,183.0
-0.980484467188872,5.91915335206204,1.14233552379055,-240.431447834914,-153.227022614232,-84.2299515155042,6,HIIT06,6_HIIT06,HIIT,61,111.0,183.0
-3.35354366967784,1.39032920608513,0.0198212540911739,-2.60965658624371,2.53909220242636,54.8756557871058,6,MICT02,6_MICT02,MICT,26,111.0,183.0
8.26515068283765,9.87786043701893,1.13460097811071,-54.2177551275223,-131.040815975781,157.715786240525,16,HIIT06,16_HIIT06,HIIT,125,145.0,207.5
2.58894461334744,5.21140538925813,0.937021945530541,8.97552245986136,-101.457092665533,85.9292400787938,6,MICT04,6_MICT04,MICT,101,111.0,183.0
-0.882107024356774,3.79816658345395,-0.187860232318753,17.2568350219989,21.6214745843974,33.1058673180156,6,MICT05,6_MICT05,MICT,3,111.0,183.0
-1.26039766346003,-3.59752976794571,0.668707082356062,-9.92368555936512,64.9306935148279,-66.3026922744029,6,MICT02,6_MICT02,MICT,328,111.0,183.0
-0.541164588349416,-2.41188665554584,0.551474414613602,-21.0788020200518,64.7528156349524,-82.4173441907376,6,MICT04,6_MICT04,MICT,304,111.0,183.0
0.414227566252851,-4.89812118545799,0.654115211157798,51.0291665228399,140.92557494519,-73.1838926509128,6,HIIT05,6_HIIT05,HIIT,256,111.0,183.0
1.20019136216865,-3.55908742413371,-0.136423549437213,-11.5611527603875,106.34974847227,-98.456056204981,6,MICT05,6_MICT05,MICT,227,111.0,183.0
-0.820750793720344,-8.03958548066929,0.126986589632049,9.78368604008501,52.4307902354092,-189.238666921653,16,HIIT04,16_HIIT04,HIIT,263,145.0,207.5
-3.2611475308961,2.90049854499286,-0.476542681904963,-14.1098892615344,10.8749206166678,46.3621477933663,6,MICT04,6_MICT04,MICT,24,111.0,183.0
3.15312508415458,-0.403742290783492,-1.97882451806933,52.9371743022384,-66.781376089146,45.8407735664156,6,HIIT05,6_HIIT05,HIIT,171,111.0,183.0
-0.815174447462237,1.89633096628377,-0.660525158484954,-15.8808873114012,-14.5662299997252,39.7930403285932,6,MICT01,6_MICT01,MICT,46,111.0,183.0
1.03234795174163,-0.228129205005968,-1.25476122031131,46.0841792678299,-9.07031861837629,69.1862671128203,6,MICT02,6_MICT02,MICT,183,111.0,183.0
-0.736098488119487,6.50121362931512,0.886801532215433,-269.363416438661,-171.282339659319,-109.500297982576,6,HIIT05,6_HIIT05,HIIT,65,111.0,183.0
8.18221843207422,8.75416586947125,-0.0342690535938198,-58.8276694363952,-119.955053258361,150.265257626156,16,HIIT03,16_HIIT03,HIIT,135,145.0,207.5
5.29260624743472,4.76949316783414,0.0142164261082671,-39.8822208981276,-138.549894598137,90.8455705707192,16,MICT05,16_MICT05,MICT,143,145.0,207.5
-0.972868323636531,2.27938793950919,-0.81132719459968,-14.2004100254517,-14.3957742890922,48.6141374421208,6,MICT06,6_MICT06,MICT,39,111.0,183.0
0.202848836834885,-3.78084740464014,-0.738379780992766,15.634139928245,40.8555753214184,-82.4469901958574,16,MICT01,16_MICT01,MICT,231,145.0,207.5
6.03634934779871,9.79261374036342,1.73844652193005,-44.9884221203413,-109.027565996431,152.442408002719,16,HIIT04,16_HIIT04,HIIT,110,145.0,207.5
2.18140646510219,3.69916586417023,0.250143048814583,-4.09206839459444,-170.918590270147,75.6413560267393,6,MICT05,6_MICT05,MICT,138,111.0,183.0
-1.19097494075495,-5.11757378924506,0.243251289017104,-0.457864593291422,77.9053737557244,-141.106441137786,16,MICT03,16_MICT03,MICT,274,145.0,207.5
-1.4006805176929,-9.91052825607614,0.544233912103119,21.8390012385505,62.7163998971242,-196.135246667538,16,HIIT06,16_HIIT06,HIIT,270,145.0,207.5
1.8759421753846,2.67458676613046,-0.219096462057565,0.418318836928657,-140.91423594241,68.7815879103297,6,MICT02,6_MICT02,MICT,155,111.0,183.0
-0.464735899939543,2.6909889660037,-0.674325876037291,4.56901134531255,-18.0846464976713,52.7895349291755,6,MICT04,6_MICT04,MICT,51,111.0,183.0
-3.28638518691184,3.26410065472855,-0.606430240127328,36.9316625871586,15.0670177393013,83.9470817318839,16,MICT03,16_MICT03,MICT,33,145.0,207.5
0.328089275289312,-4.68037569812281,-1.0545288600881,12.7252593470413,61.257730094586,-98.3118096806524,16,MICT03,16_MICT03,MICT,236,145.0,207.5
-2.87742932378524,2.96951219822594,-0.3917948929166,30.0760415530667,14.7272692053213,84.8244182421724,16,MICT01,16_MICT01,MICT,36,145.0,207.5
0.136699838967367,-8.86283248132505,-0.863802588213309,24.6794395653437,56.0650581734872,-177.456698755474,16,HIIT05,16_HIIT05,HIIT,252,145.0,207.5
-2.3613700898181,2.499416691,-0.253220793690598,-10.6089214256952,-8.89431657457952,53.3068187260151,6,MICT02,6_MICT02,MICT,32,111.0,183.0
2.10315355912933,3.21688251828001,-0.0386490720223257,2.55431840519733,-162.880166890626,73.990537100865,6,MICT05,6_MICT05,MICT,146,111.0,183.0
8.22452453988136,7.8576557054343,-0.524613398514985,-45.3448249641404,-118.652526529155,145.488096924489,16,HIIT06,16_HIIT06,HIIT,143,145.0,207.5
3.88721278642557,6.3595953795479,1.54254139950551,-15.4482069798361,-89.1571411010794,103.35159546653,16,MICT03,16_MICT03,MICT,108,145.0,207.5
-0.368232175270382,-5.47011660184064,1.05646282726294,-32.3275769548444,89.2065984017682,-111.943198682096,6,HIIT05,6_HIIT05,HIIT,285,111.0,183.0
5.98449529769383,10.5295601619359,1.59411468789709,-52.6936484032773,-104.401139843329,149.824582567993,16,HIIT03,16_HIIT03,HIIT,108,145.0,207.5
3.20158296881923,-5.71864345047477,-2.62676595203075,15.0904048163727,7.95804116964358,-88.1057409790205,16,HIIT05,16_HIIT05,HIIT,213,145.0,207.5
-0.696351219663566,2.79634396187993,-0.643925405934768,-1.10339742202825,-31.2837200261408,58.8760862204959,6,MICT03,6_MICT03,MICT,50,111.0,183.0
7.12258370872424,5.16418090759788,-2.52884807379515,-295.784650978945,-41.4442185759276,-272.083148432517,16,HIIT01,16_HIIT01,HIIT,153,145.0,207.5
3.41821740868463,1.4080310377954,-1.4387609352953,-0.298483453001883,-82.0958577182969,71.9052517558784,16,MICT02,16_MICT02,MICT,173,145.0,207.5
-2.32761474929521,-5.87383417726152,4.91340621094368,121.383897220672,-118.845363748308,-133.122356271235,16,HIIT01,16_HIIT01,HIIT,309,145.0,207.5
-6.07957813087948,21.5425303469621,0.38511825700551,45.6648147404092,82.186172161537,2.32706651872708,6,HIIT02,6_HIIT02,HIIT,344,111.0,183.0
1.55937252707224,4.67392997182797,0.0837498201756829,-10.8690623896668,-89.0733350168266,57.0104675163655,6,MICT04,6_MICT04,MICT,86,111.0,183.0
3.78478317207719,3.87616819801039,-0.252165981686758,-239.58904744951,-110.059958919126,-204.839543947261,6,HIIT01,6_HIIT01,HIIT,152,111.0,183.0
-4.91417040662146,20.5876520848894,-0.512130496603034,5.46439511744484,68.1776227998995,-20.3130490934756,6,MICT03,6_MICT03,MICT,345,111.0,183.0
-0.87108228186135,-3.83067482266557,0.811383838410469,-5.62812318054271,88.9437669432952,-69.9051908887879,6,HIIT04,6_HIIT04,HIIT,310,111.0,183.0
0.604514753015377,-11.1518989257639,0.312573800176341,56.2468975866855,45.5395818809733,28.6739758180446,6,HIIT06,6_HIIT06,HIIT,354,111.0,183.0
-0.405363659232058,-2.16542328659778,0.143611654218436,-34.5254015315696,55.0792573805941,-91.6226338795343,6,MICT01,6_MICT01,MICT,318,111.0,183.0
0.602034814550925,6.77290866326842,-0.175063811532348,-291.990309506583,-187.313060107535,-157.663868483321,6,HIIT01,6_HIIT01,HIIT,76,111.0,183.0
5.1536184114853,3.64612835508883,-0.382187094953487,-16.0298917313651,-122.723348384384,94.6297835726479,16,MICT01,16_MICT01,MICT,149,145.0,207.5
-1.40257249182879,-7.37245782863442,0.11805171605595,67.6966201177592,96.7067538583634,-4.80333496311129,6,HIIT01,6_HIIT01,HIIT,325,111.0,183.0
3.31464021633409,6.24299855213473,1.03439173346256,-8.13467497458333,-80.0848231820102,102.823104848896,16,MICT03,16_MICT03,MICT,103,145.0,207.5
-9.52470254572938,-32.18237408649,4.36463596428611,-17.7473284894074,10.8425978917135,36.4896014982053,6,HIIT05,6_HIIT05,HIIT,11,111.0,183.0
-0.20664946565871,-3.70699234190449,0.340158462866246,-22.9958441415513,74.2043079509096,-121.509892107202,6,MICT02,6_MICT02,MICT,280,111.0,183.0
1.16788036137212,-1.95658041103145,-1.13749064629253,16.1871117033523,55.2217691399103,-3.80454631951467,6,MICT05,6_MICT05,MICT,196,111.0,183.0
0.717657112795977,-2.98814816968456,-0.140518099717003,9.84565455403589,102.74547267405,-66.333653687266,6,MICT01,6_MICT01,MICT,231,111.0,183.0
0.726010802691823,-5.7234152298777,-0.747712538160493,106.243488164379,211.092046620134,-25.2184954336337,6,HIIT03,6_HIIT03,HIIT,243,111.0,183.0
-2.98130282720981,-4.91982270393291,0.812928980697666,40.9158048485865,92.8835174052428,-14.4144611434442,6,HIIT06,6_HIIT06,HIIT,330,111.0,183.0
-2.90547669113369,6.37330932933412,0.142530627310701,4.70972017228161,-0.72603619212707,116.418918412334,16,HIIT05,16_HIIT05,HIIT,52,145.0,207.5
-0.796622707981324,3.13489284996613,-0.456347982262708,11.8990704162543,-29.4347293670691,54.6567020097978,6,MICT02,6_MICT02,MICT,61,111.0,183.0
7.75338387276788,6.44116097621923,-1.25034694074869,-37.2846110296054,-102.711737089649,129.541287338868,16,HIIT06,16_HIIT06,HIIT,152,145.0,207.5
-3.08927432530322,1.9392487754131,-0.0713394301098127,-7.16185762458467,-3.43284672477629,56.1921099320984,6,MICT02,6_MICT02,MICT,29,111.0,183.0
1.52997277898124,-3.12560704098243,-1.77418852827437,14.3884675070786,18.0354019535253,-39.2373843527904,16,MICT03,16_MICT03,MICT,212,145.0,207.5
-1.41698787101581,-2.75781082357062,0.546129854647228,-29.4080746761869,71.8823307335015,-122.876989728603,16,MICT01,16_MICT01,MICT,314,145.0,207.5
-7.44121565895663,-21.4661582833197,2.23465518255374,19.9103947632891,27.5899597102326,56.542475580497,6,MICT05,6_MICT05,MICT,13,111.0,183.0
0.666299304906466,4.33740314877346,-0.0829482850461815,-5.61085238074858,-74.2725514973346,51.7437969004767,6,MICT02,6_MICT02,MICT,80,111.0,183.0
4.96024618169554,4.22052106816117,-1.27700216371096,-292.059468291538,-116.788707168162,-250.425578887785,6,HIIT04,6_HIIT04,HIIT,141,111.0,183.0
1.78174354894232,4.42081864136571,0.104029653328567,1.50504751685485,-80.6840190052515,67.5544339883314,6,MICT01,6_MICT01,MICT,96,111.0,183.0
4.74432212355077,6.85432134269142,1.92107310219827,-34.4039533457479,-112.758828203695,102.956558845256,16,MICT03,16_MICT03,MICT,114,145.0,207.5
-3.86120833249507,2.52462491929002,-0.214411316524946,22.5295128684009,26.7776856225838,71.4885557222941,16,MICT06,16_MICT06,MICT,30,145.0,207.5
-3.66180850694533,-6.7164700868192,2.13069414256258,78.250806526986,120.254565998382,104.475731813471,16,HIIT02,16_HIIT02,HIIT,320,145.0,207.5
-7.44854999081837,-6.61594355338126,0.243539658071377,39.4513691784516,43.3999070207925,58.2858506300446,16,MICT02,16_MICT02,MICT,16,145.0,207.5
1.66699461430582,-4.12195223935273,-1.59251265419284,574.96517584991,93.3371253287638,507.908869813948,6,HIIT06,6_HIIT06,HIIT,207,111.0,183.0
2.38639887038928,-6.65069441891613,-2.51254304606719,8.33390210214958,17.8978239732507,-111.724947522068,16,HIIT04,16_HIIT04,HIIT,219,145.0,207.5
-5.38136660268937,-7.79756933452267,2.53820602311421,67.4103530831399,-100.361718970154,-136.336495920562,16,HIIT01,16_HIIT01,HIIT,327,145.0,207.5
5.36713115887231,-1.08435277404999,-3.38792032773916,-2.43449558597084,-21.5166886964192,20.7075434973363,16,HIIT03,16_HIIT03,HIIT,187,145.0,207.5
0.364484044494988,-4.9123159035327,0.962706893124814,46.921521110684,156.439777283774,-80.5365056962123,6,HIIT02,6_HIIT02,HIIT,256,111.0,183.0
1.94009317229029,-7.72649152219666,-1.92483677253597,170.113008903741,79.0898720287056,135.88487748162,16,HIIT02,16_HIIT02,HIIT,231,145.0,207.5
-7.64079733303617,1.54744616759753,0.0648772459423581,151.010344567396,125.558708258281,-84.3838461334591,16,HIIT01,16_HIIT01,HIIT,27,145.0,207.5
1.26273536858465,0.794836133831036,-0.885732490485384,40.8168130676926,-75.4437653183846,88.1919623982928,6,MICT06,6_MICT06,MICT,166,111.0,183.0
-0.230739112642985,-9.97154116814164,-0.665928393470126,22.9336848285459,52.9904249751629,-187.545198111202,16,HIIT03,16_HIIT03,HIIT,255,145.0,207.5
8.15314071185548,9.25774107391583,0.209674355869655,-56.7521042340843,-124.194678938133,152.147770710521,16,HIIT05,16_HIIT05,HIIT,131,145.0,207.5
6.48497789557971,-0.546323369192932,-3.11855588979113,-126.750527052345,42.9172249615546,-120.505835351501,16,HIIT02,16_HIIT02,HIIT,183,145.0,207.5
1.32095902946839,8.99144829325761,-0.368018219992561,18.2338306719913,158.272095186265,31.5830957407166,16,HIIT02,16_HIIT02,HIIT,85,145.0,207.5
2.00014966200182,2.7937450226041,0.104604524914827,5.55031773138291,-159.098160872608,80.4797254356838,6,MICT06,6_MICT06,MICT,150,111.0,183.0
-1.07906707635052,5.80910500663999,0.653723492369805,-208.204187193109,-162.580705682803,-60.0143956925904,6,HIIT03,6_HIIT03,HIIT,59,111.0,183.0
-7.75422791319058,4.82962922527677,-0.171798465602209,40.0365131013608,53.4383296650383,91.3634386587127,16,HIIT04,16_HIIT04,HIIT,24,145.0,207.5
0.892648421965827,-14.8137512996457,0.526431925942366,40.844909198169,-16.8859115290351,-64.115777754273,16,HIIT01,16_HIIT01,HIIT,355,145.0,207.5
1.14156452372468,-2.73999757615687,-0.544383906638149,8.02880942303413,97.1431329666123,-40.9248126870978,6,MICT02,6_MICT02,MICT,216,111.0,183.0
2.47454139840444,5.87049744124252,-2.97683231553541,-270.923139311435,-172.8917137508,-177.926679839539,6,HIIT05,6_HIIT05,HIIT,92,111.0,183.0
4.27738739006361,4.05579567930388,-0.85673085964444,-327.668845595886,-110.208610061348,-293.971100637484,6,HIIT06,6_HIIT06,HIIT,142,111.0,183.0
2.04883951093476,5.5355776886613,-2.12118297784831,-165.812437630395,-161.730662941579,-89.3168261909611,6,HIIT02,6_HIIT02,HIIT,92,111.0,183.0
-1.25136418374051,7.58520472349053,-0.114777659271607,82.3838863256342,143.804227220344,-19.3176349300877,16,HIIT02,16_HIIT02,HIIT,68,145.0,207.5
1.13694190333696,-4.39748071946568,-1.31391808772646,579.539804350066,176.309358419273,520.415812562703,6,HIIT03,6_HIIT03,HIIT,210,111.0,183.0
2.47273323835905,-0.349003339198028,-1.7838909410616,8.50102014357503,-41.7011568524138,33.6307785033055,16,MICT02,16_MICT02,MICT,188,145.0,207.5
1.40056624305447,4.90932858849571,-0.0646453179864001,-9.64171748039822,-85.8958334550141,57.3272408408642,6,MICT04,6_MICT04,MICT,83,111.0,183.0
4.52344145291459,6.14955346008249,1.53578572738259,-27.9691425997207,-112.867346005775,101.207015918722,16,MICT04,16_MICT04,MICT,113,145.0,207.5
2.5884819713768,-1.17349032384506,-1.91383867783481,16.3613641542556,-24.1371700094511,20.2464672514361,16,MICT03,16_MICT03,MICT,193,145.0,207.5
3.07697562335923,-1.76132389665132,-2.27834772690074,240.219085261948,-55.9145203553105,218.779432065065,6,HIIT05,6_HIIT05,HIIT,180,111.0,183.0
-2.33049285227287,-6.37916325676526,1.07518981639357,13.6276365147752,60.3843269700625,-161.254530027906,16,HIIT03,16_HIIT03,HIIT,299,145.0,207.5
1.32462759449498,-8.10734862261729,-1.80097702755099,20.6761231090304,39.7358343008087,-155.947559666527,16,HIIT05,16_HIIT05,HIIT,237,145.0,207.5
4.81128444512208,3.36886421874479,-0.849546569656861,-28.216174265952,-117.649475543258,81.4944881117473,16,MICT06,16_MICT06,MICT,156,145.0,207.5
5.11615828504771,11.5849151917334,1.79593213904538,-47.9076549258863,-97.4898801534704,152.034043838483,16,HIIT03,16_HIIT03,HIIT,100,145.0,207.5
-5.04540986478785,-10.6594730283865,2.68594200167951,13.3909730396198,75.5240470270252,-102.941029457589,16,HIIT04,16_HIIT04,HIIT,334,145.0,207.5
-1.29235601146297,3.01397567575405,-0.40673408782136,24.644037652099,-6.80269971917294,79.5456278643872,16,MICT04,16_MICT04,MICT,49,145.0,207.5
-0.988821345875672,3.70847206307826,-0.136322430009526,15.7940377476146,24.9995569132169,19.9535741042159,16,MICT04,16_MICT04,MICT,4,145.0,207.5
1.03258965210153,-2.17167209950706,-1.24913442015754,18.0221716624225,67.1365247930293,-0.235430347870644,6,MICT06,6_MICT06,MICT,197,111.0,183.0
0.380396417741051,-3.71610470017776,0.734233575626145,-19.2803775349105,81.7703444235101,-128.62461477158,6,MICT02,6_MICT02,MICT,269,111.0,183.0
-1.49521918395743,4.72241403979737,-0.185868626045861,17.4377223906552,-18.6070534761693,82.1404508937356,16,MICT05,16_MICT05,MICT,61,145.0,207.5
-2.04381182205051,-4.20832951850457,1.07174736630046,-7.39072147924797,73.2336560865882,-104.76030125547,16,MICT04,16_MICT04,MICT,321,145.0,207.5
-4.79092482833311,5.48549278597598,-0.0422846601019116,10.8139368095516,14.9435604857386,100.828192776557,16,HIIT03,16_HIIT03,HIIT,38,145.0,207.5
0.874883295593409,-3.56897586936322,-0.150592581373706,-7.56549106067266,107.160685267267,-108.664352843194,6,MICT05,6_MICT05,MICT,238,111.0,183.0
-5.12080583758844,10.8997835508107,1.71700576825806,-73.70921817472,-36.2227612946014,37.6614855161136,6,HIIT01,6_HIIT01,HIIT,21,111.0,183.0
7.66051553667487,1.93320109854301,-2.62279448488454,-233.285142902954,9.56206817843231,-225.986366572017,16,HIIT01,16_HIIT01,HIIT,172,145.0,207.5
-0.821109512223986,5.99175166742726,-0.511715886192569,25.6944702153781,42.4153186404162,27.5726677522771,16,HIIT06,16_HIIT06,HIIT,2,145.0,207.5
1.62667930721673,-7.59520057897375,-2.30589878685487,8.64726552855361,27.9366841931219,-137.464594872127,16,HIIT06,16_HIIT06,HIIT,227,145.0,207.5
0.70469825139722,-3.98655400843783,0.012249017853895,-35.7831201663986,83.5128046155126,-146.737545804075,6,MICT06,6_MICT06,MICT,247,111.0,183.0
3.06887831715194,6.78069404586109,-1.0492796187806,-221.997911881454,-176.473673102921,-152.651113080445,6,HIIT03,6_HIIT03,HIIT,100,111.0,183.0
0.831651056171014,-3.91406679463448,0.0848534248935121,-31.9550428169822,88.0980446290237,-141.125777844181,6,MICT06,6_MICT06,MICT,244,111.0,183.0
-0.430039083725087,2.96492154949978,-0.545852412229795,5.81028442454229,-21.7235450475148,52.6849411455954,6,MICT04,6_MICT04,MICT,54,111.0,183.0
-1.46469327794385,4.33944646614836,-0.836282722520563,-159.937325566395,-121.323784564837,-16.376192325211,6,HIIT01,6_HIIT01,HIIT,48,111.0,183.0
5.53363074306624,-0.765425817073821,-3.22208109111504,1.47431811412901,-32.8262639533886,19.6486981209206,16,HIIT05,16_HIIT05,HIIT,186,145.0,207.5
2.70229884039829,0.135072870635716,-1.67614939186625,70.0950864965647,-75.3333907949325,62.7903063667208,6,HIIT02,6_HIIT02,HIIT,170,111.0,183.0
7.74949577060873,10.1743784024718,1.01772148068478,-57.7117698893206,-120.873067394457,154.9587231887,16,HIIT05,16_HIIT05,HIIT,122,145.0,207.5
1.561887882328,-4.12017853201728,-1.44866979168689,572.152526205946,101.705825937755,502.778422553221,6,HIIT06,6_HIIT06,HIIT,208,111.0,183.0
3.74222082664964,6.63739716760465,0.465837776760315,-259.556339078815,-155.119347319483,-192.095271617925,6,HIIT04,6_HIIT04,HIIT,122,111.0,183.0
0.926291766915827,-3.68458990960908,-0.421232683492444,533.713143350418,146.18711124532,453.021652754946,6,HIIT05,6_HIIT05,HIIT,212,111.0,183.0
-1.59442173208735,4.86475250744189,0.0908213308203897,-0.370778641537583,16.885533074808,29.4637304293673,6,HIIT04,6_HIIT04,HIIT,4,111.0,183.0
-0.618227814091747,-2.35909678811391,0.267049820424439,-27.8128060152364,58.9091264923058,-87.8244651669987,6,MICT02,6_MICT02,MICT,319,111.0,183.0
-0.269667727012765,6.29693714848069,-0.580680593785931,-325.326367590866,-176.107977821885,-178.583194608974,6,HIIT06,6_HIIT06,HIIT,74,111.0,183.0
-3.39481795076189,3.06134696181265,-0.417915951623881,31.1405809583524,19.4558106654424,79.0868487035456,16,MICT05,16_MICT05,MICT,32,145.0,207.5
-19.3996402925646,-50.241697516251,3.70799931273631,34.0356029954761,49.0897056737261,42.4634271767234,16,HIIT03,16_HIIT03,HIIT,11,145.0,207.5
-4.02889987427628,-8.35322438059901,0.981998029563821,-4.32574924476971,2.11998009567581,25.9970192344984,6,HIIT01,6_HIIT01,HIIT,7,111.0,183.0
-4.11393635453283,4.6437801395438,0.108369355107385,-118.444310808373,-71.912333447571,24.7285730748899,6,HIIT03,6_HIIT03,HIIT,31,111.0,183.0
-0.915517518112077,-4.72979813614867,0.327514674823293,22.4756584123558,89.0377480160026,-39.4893235649547,6,HIIT05,6_HIIT05,HIIT,319,111.0,183.0
0.576096019811754,-3.64643338745879,0.0614697542758281,-12.8885883263242,86.7910766832064,-115.742214410344,6,MICT04,6_MICT04,MICT,243,111.0,183.0
0.47095094606976,-3.54051962702857,-0.956100960392893,19.5892509682351,35.1808442530107,-70.9398535233006,16,MICT01,16_MICT01,MICT,227,145.0,207.5
3.19369625745828,5.7478600165841,-0.691985199342672,-129.485999459422,-164.063707177565,-78.4732303789827,6,HIIT02,6_HIIT02,HIIT,106,111.0,183.0
-0.775912258387902,-4.44884973488028,0.718815713559337,-20.2846883123201,91.2595969894473,-87.0272084223148,6,HIIT06,6_HIIT06,HIIT,296,111.0,183.0
-3.10134723304097,6.13833106201026,-0.287113198094185,14.2175444493664,-1.51405283222011,115.579575230436,16,HIIT04,16_HIIT04,HIIT,49,145.0,207.5
-4.76172235176631,-4.30247153565017,0.792907259868392,-7.92906562681764,26.5049391250593,35.4569337201343,6,MICT01,6_MICT01,MICT,16,111.0,183.0
-2.05454597191681,6.44883593080347,-0.420918564414968,106.01233268606,142.298636552791,-34.7411425654152,16,HIIT02,16_HIIT02,HIIT,60,145.0,207.5
-0.746936462010803,6.30959219101618,-0.899322610246564,69.3936462237232,48.2405941252183,-51.8906681715507,16,HIIT01,16_HIIT01,HIIT,3,145.0,207.5
3.88416606137841,1.0905618238512,-1.82348572105715,6.57112402989971,-79.3604782042841,63.8234673219039,16,MICT05,16_MICT05,MICT,175,145.0,207.5
7.80512028947642,6.28741446150637,-1.63234401532313,-40.0977719095408,-107.248808815566,127.312924197522,16,HIIT05,16_HIIT05,HIIT,151,145.0,207.5
-8.22672929511154,-23.1073850828958,2.53634670795172,-9.76672786227635,20.002719345882,28.8715387546863,6,MICT06,6_MICT06,MICT,12,111.0,183.0
2.04568138755622,6.16076534671963,-1.78175666867724,-264.706286166799,-163.534434032061,-175.043857251072,6,HIIT06,6_HIIT06,HIIT,91,111.0,183.0
-0.861220218124654,6.79120074483007,0.769058789210918,-276.831365385546,-170.075469783906,-122.364144509377,6,HIIT06,6_HIIT06,HIIT,67,111.0,183.0
2.51437864333695,-2.77158091789281,-1.94937538056937,468.323105526261,-12.0511424313165,431.881665705026,6,HIIT06,6_HIIT06,HIIT,192,111.0,183.0
-2.65718872172201,-7.55168060389447,0.357635460340621,111.542129863669,95.1660720496201,34.2056539139538,6,HIIT01,6_HIIT01,HIIT,333,111.0,183.0
-0.923604775173724,6.42998106478386,0.493928087701433,-220.748082147426,-174.037844881372,-75.1428020802194,6,HIIT03,6_HIIT03,HIIT,63,111.0,183.0
1.25625717620286,-2.67264561438781,-0.441549670584341,1.38929546174783,90.0709051505583,-49.1736611118346,6,MICT05,6_MICT05,MICT,210,111.0,183.0
1.41665132734026,-7.82145752680359,-2.38467639361576,11.0663732417732,33.3991681725663,-147.204791880894,16,HIIT06,16_HIIT06,HIIT,231,145.0,207.5
0.0209235712443776,5.02750815562303,0.14771892400474,10.9858048748444,-34.1221823635439,85.9990614671982,16,MICT01,16_MICT01,MICT,78,145.0,207.5
-0.860004292841903,-3.76682641958764,0.878562120938357,-4.74762867685275,89.7034205613622,-71.8782919768853,6,HIIT04,6_HIIT04,HIIT,306,111.0,183.0
0.9134431017176,-3.63575394993997,-0.445498093011663,-15.7119438357692,106.815573553646,-103.172640841567,6,MICT06,6_MICT06,MICT,228,111.0,183.0
2.28548036874759,4.2991871764731,0.434960414994596,-3.54776120484397,-149.269793005806,88.5935812920947,6,MICT04,6_MICT04,MICT,127,111.0,183.0
50.6732014036929,13.51034405747,71.054501559843,-1855.38553449834,-874.161426270318,-222.6881336526,16,HIIT01,16_HIIT01,HIIT,111,145.0,207.5
1.51796676515887,-3.36168860224112,-1.92546212167252,520.197046289561,71.2811240978241,492.623615732489,6,HIIT01,6_HIIT01,HIIT,197,111.0,183.0
-1.92366101796794,-8.7046895804569,0.80205045882702,16.5645464652965,55.0103270651871,-182.922610999563,16,HIIT03,16_HIIT03,HIIT,276,145.0,207.5
0.279304662483943,-4.75401307832233,-1.03920322425843,11.9768673188427,63.2294965168471,-102.775432003284,16,MICT03,16_MICT03,MICT,238,145.0,207.5
2.31409848856935,4.29905255289034,0.671886905382802,-8.33919179075,-133.202603027225,79.6055126986602,6,MICT01,6_MICT01,MICT,122,111.0,183.0
0.831491690251962,7.80395928500077,0.428075559263135,50.9870129012182,137.327160154329,-7.60391613475194,16,HIIT01,16_HIIT01,HIIT,81,145.0,207.5
4.20411991625515,6.4002263200572,1.84317271491974,-23.5490449351097,-98.1359557183587,101.774721334602,16,MICT03,16_MICT03,MICT,111,145.0,207.5
0.625877589414579,6.36225995391019,-2.01626623856813,-287.851108685419,-173.475573601703,-136.142964659898,6,HIIT04,6_HIIT04,HIIT,82,111.0,183.0
0.663553376327848,-2.85278423924839,-0.084787737303074,5.73454998013025,97.0621376308282,-71.5654983726303,6,MICT01,6_MICT01,MICT,233,111.0,183.0
2.08313298291905,3.01654240384192,0.18756489467148,5.2302800644432,-162.384040318247,82.7833058986523,6,MICT06,6_MICT06,MICT,148,111.0,183.0
-1.01930748968282,7.78131592392728,-0.079416178319844,76.4560202560142,144.995355459099,-14.9690090110729,16,HIIT02,16_HIIT02,HIIT,70,145.0,207.5
2.12106027155219,-1.43001425267079,-1.46936192591039,31.1747488908381,-19.3285055961578,5.53044701687452,16,MICT01,16_MICT01,MICT,201,145.0,207.5
-2.17487902839335,2.64703608113786,-0.367210632089495,-12.182738489035,-12.3694048210393,54.1388829944035,6,MICT02,6_MICT02,MICT,34,111.0,183.0
0.957346951715112,-3.29979967446654,-1.63707681376822,4.08099253191986,23.9548153227186,-53.657137036353,16,MICT02,16_MICT02,MICT,215,145.0,207.5
-1.99760635081753,-6.41954740186631,-5.74566567963326,3249.33358899607,1583.21130262147,1590.87051072316,16,HIIT01,16_HIIT01,HIIT,274,145.0,207.5
-6.31170628116123,4.62194449033261,-0.715930354909094,152.728983888374,145.914255863392,-71.217317160664,16,HIIT02,16_HIIT02,HIIT,33,145.0,207.5
4.03093133765421,1.40495839666268,-1.59779374629715,-4.7254556608401,-85.7279092041677,63.3666753480373,16,MICT06,16_MICT06,MICT,171,145.0,207.5
7.37265434266995,8.7532747306779,0.417985923100295,-55.2513649624981,-118.825861376996,146.314527964155,16,HIIT05,16_HIIT05,HIIT,128,145.0,207.5
-0.279474528988688,-2.61850477199052,0.761857141296327,-42.120507985264,47.9698074766882,-108.522917477846,6,MICT01,6_MICT01,MICT,299,111.0,183.0
-1.88272714086444,-5.3870476138912,0.754077288358442,6.27305208628968,72.1906236876983,-135.859643731507,16,MICT06,16_MICT06,MICT,284,145.0,207.5
1.42227918061075,12.3643965167557,-9.55158173657994,-3864.00370681299,-2110.85844496057,-673.456909206268,16,HIIT01,16_HIIT01,HIIT,118,145.0,207.5
5.53274874032472,5.29966227215214,0.567556732330965,-32.950214505075,-124.848613588438,101.562516651881,16,MICT01,16_MICT01,MICT,130,145.0,207.5
-0.291099617704321,-3.42477946660043,0.880742074970617,-38.5877478757219,54.9133231511461,-119.827246508989,6,MICT02,6_MICT02,MICT,290,111.0,183.0
3.11000514060626,-0.0885679733298474,-1.55558927656688,28.4191555927532,-53.7144675659559,44.3047759035151,16,MICT01,16_MICT01,MICT,187,145.0,207.5
0.673941973286492,-3.33922602539476,-1.06711830527769,21.5744525762418,29.9303097568639,-62.779726529085,16,MICT01,16_MICT01,MICT,224,145.0,207.5
-2.43075580720619,-6.94118760189504,1.48108794228746,9.32347972702515,63.6356897033441,-172.664721241842,16,HIIT04,16_HIIT04,HIIT,295,145.0,207.5
-1.60507459902462,-5.6001256167119,0.60000648948798,8.01479359652693,72.6032812995362,-139.951406867637,16,MICT06,16_MICT06,MICT,278,145.0,207.5
1.24630475100433,-4.11142066498251,-0.998132568042224,535.572168166683,133.318586478676,456.922981103187,6,HIIT06,6_HIIT06,HIIT,212,111.0,183.0
16.1678227822516,12.8542257005709,13.1968799524066,-3635.97784744817,-2029.96993654683,-733.069433403611,16,HIIT01,16_HIIT01,HIIT,126,145.0,207.5
-1.66070174053734,-4.29259109421424,0.888479204223133,-8.1744199384137,75.5867152804246,-126.023444799637,16,MICT05,16_MICT05,MICT,295,145.0,207.5
2.40806697769168,-3.689612313363,-1.72025200786415,492.616344007839,44.1719948686549,413.71521914638,6,HIIT04,6_HIIT04,HIIT,202,111.0,183.0
-0.348933168234224,-3.71792874823163,0.250885111550188,5.10231949970173,83.4384219572005,-53.4572476370165,6,HIIT05,6_HIIT05,HIIT,312,111.0,183.0
-3.54003280279065,2.77801272760252,0.245170801269859,-100.365375792352,-48.4665649775474,32.5098276124663,6,HIIT02,6_HIIT02,HIIT,29,111.0,183.0
-2.66610239211043,-6.21559123517018,1.54356582909717,8.58412401070402,65.5794877918981,-140.803190225294,16,HIIT05,16_HIIT05,HIIT,314,145.0,207.5
0.496591307991289,-9.79350465087155,-1.28549648144294,23.5566292170617,47.5936017665459,-175.159788460377,16,HIIT03,16_HIIT03,HIIT,246,145.0,207.5
-10.0668669158339,0.1549361741994,0.333045359485197,49.4665023035631,72.5145629368766,74.4712092952826,16,HIIT03,16_HIIT03,HIIT,17,145.0,207.5
5.17205273718145,-0.656121805681999,-3.25211404725738,-7.66095307695265,-29.3215335436625,27.1192978694115,16,HIIT04,16_HIIT04,HIIT,185,145.0,207.5
-12.1251918220292,-31.6818269300678,2.80538863331441,26.9015926741016,35.3835905150882,38.882412835425,16,MICT05,16_MICT05,MICT,11,145.0,207.5
-4.44346173898652,-7.4788496350007,2.30578855822837,65.4102402655538,-100.243238204517,-130.477908587576,16,HIIT01,16_HIIT01,HIIT,325,145.0,207.5
-5.40559304537982,-15.8162147661473,2.17990500537201,-9.62472210521909,6.69759438159484,29.6558636646028,6,HIIT06,6_HIIT06,HIIT,8,111.0,183.0
-1.97704187776284,3.3298959753011,-0.409524794327358,24.3877460736984,0.406336142114803,82.1294141788582,16,MICT05,16_MICT05,MICT,47,145.0,207.5
3.65829197385659,5.36085786250843,0.502106130914739,-9.99412844580442,-79.9629315735326,100.164014206109,16,MICT01,16_MICT01,MICT,109,145.0,207.5
7.11783444166107,5.05625296966906,-1.99365344198117,-28.0371270799197,-81.0940793317846,123.000419583599,16,HIIT04,16_HIIT04,HIIT,159,145.0,207.5
-2.27431044409828,-6.26293583899886,1.39672713836925,9.92798996292221,62.8429521159826,-157.360341871618,16,HIIT05,16_HIIT05,HIIT,302,145.0,207.5
-1.72249507941669,-5.28873361709003,0.551132228743237,-7.84105845606998,78.5020454339324,-141.865988299012,16,MICT05,16_MICT05,MICT,285,145.0,207.5
-1.0124627518801,-9.87192955856709,0.0781488600359868,21.2557178353041,56.2544682381558,-193.311932014673,16,HIIT03,16_HIIT03,HIIT,264,145.0,207.5
4.64320271550966,0.589195448450485,-2.03698430436993,-48.0948117106095,-70.5966252067966,-56.0711696889057,6,HIIT04,6_HIIT04,HIIT,166,111.0,183.0
6.13026814096735,10.44909972189,1.39507748992419,-39.7825768024367,-105.34721278004,157.862978093995,16,HIIT06,16_HIIT06,HIIT,107,145.0,207.5
0.640080511048334,-3.46623723332945,0.30521043158379,-13.0972597839266,95.8065352803218,-117.463732649629,6,MICT02,6_MICT02,MICT,250,111.0,183.0
-6.96643309694209,10.8155488504853,-0.396120320596282,42.0704928257315,69.0676431894451,80.5482340911756,16,HIIT05,16_HIIT05,HIIT,19,145.0,207.5
5.15883868346117,5.20427808575441,0.467669483599503,-29.5256185750131,-130.606127935697,105.42976897536,16,MICT04,16_MICT04,MICT,138,145.0,207.5
2.62297652958586,-6.27896860438516,-2.61006907578582,7.23278044464765,14.1829848782005,-101.345040264243,16,HIIT04,16_HIIT04,HIIT,216,145.0,207.5
1.72984930833504,-3.15389021461901,-1.79973422038701,19.7782719175934,12.7123875235967,-33.4576553350731,16,MICT06,16_MICT06,MICT,210,145.0,207.5
-0.951608923346356,5.38637475499414,-0.0081053596362621,5.85936300948559,-24.8965089629101,84.8497051409328,16,MICT06,16_MICT06,MICT,68,145.0,207.5
0.873007237440772,-4.13522016826586,-1.44660307624656,14.3523778028902,45.3027803775956,-76.0338632216215,16,MICT05,16_MICT05,MICT,225,145.0,207.5
0.0076499758147351,-4.75564617598444,0.826280154020406,-19.3909846277773,103.921271725047,-127.167742540226,6,HIIT02,6_HIIT02,HIIT,269,111.0,183.0
-4.45837052552324,-8.37136302067943,0.793372326677956,19.5425840912259,26.0875541017132,26.5794331912927,16,MICT05,16_MICT05,MICT,7,145.0,207.5
-3.52468382618859,-7.86978977310637,1.7440011616687,-24.7458608948399,70.2903092095936,-85.3890184780837,16,MICT03,16_MICT03,MICT,335,145.0,207.5
-1.83503424544326,3.78747764213022,0.244287364572637,-142.696998205574,-92.8723989361744,8.22993153826918,6,HIIT06,6_HIIT06,HIIT,43,111.0,183.0
-2.27764022058809,-6.36992397870334,1.37724225760319,10.4357255957411,62.8465424765291,-158.437295879272,16,HIIT05,16_HIIT05,HIIT,301,145.0,207.5
3.14507056053532,9.76111145488968,1.3187932143027,-24.6081816085547,-78.4319628079327,141.961021315314,16,HIIT04,16_HIIT04,HIIT,92,145.0,207.5
2.07274134046588,5.16571342776371,0.0210037619162119,10.2045476996484,-93.793960970123,82.8872815508722,6,MICT04,6_MICT04,MICT,97,111.0,183.0
-1.86848554037703,-3.61720301324287,0.7717070299699,0.995203914414762,76.2181059021523,-46.6204560108623,6,MICT05,6_MICT05,MICT,329,111.0,183.0
0.0029300737006755,2.73824049004321,-0.197205297644812,31.1290799416717,44.4454308718946,29.7011299272686,16,HIIT04,16_HIIT04,HIIT,0,145.0,207.5
-1.44891152699079,-5.09286956043189,0.539454070820766,-9.23132139553311,75.3099989157751,-140.32706982807,16,MICT04,16_MICT04,MICT,281,145.0,207.5
-4.1942015782487,5.26506262807077,-0.38830122328926,36.7285323408528,36.7355521675734,69.2429185010887,16,MICT05,16_MICT05,MICT,22,145.0,207.5
5.16252825532308,4.73362144385184,0.469156313965691,-30.1816941409358,-131.650574740697,103.435711661692,16,MICT02,16_MICT02,MICT,146,145.0,207.5
5.86428692680643,1.50557173935071,-2.94103189145502,-14.9064435177589,-47.9156867239452,68.3285393416306,16,HIIT04,16_HIIT04,HIIT,175,145.0,207.5
1.79670343342434,5.3378628131646,0.355323369395383,0.233582333901692,-56.2217319851397,92.2301011006653,16,MICT01,16_MICT01,MICT,92,145.0,207.5
15.1688209651877,11.780707484377,12.6038755613355,-3573.79227169598,-2005.56230184372,-734.537711618939,16,HIIT01,16_HIIT01,HIIT,127,145.0,207.5
2.19991953661095,4.63946204031859,0.688430891728993,4.02880406776005,-100.504191742075,75.9786941971752,6,MICT02,6_MICT02,MICT,103,111.0,183.0
0.779803372234916,-3.80530756919433,-0.067337630430608,-4.65341683539945,97.1870719701859,-105.153826592353,6,MICT04,6_MICT04,MICT,237,111.0,183.0
-0.162802709500899,-4.47434035898125,-0.755359328104975,-0.47669342252708,69.5183556153198,-115.106680300905,16,MICT02,16_MICT02,MICT,243,145.0,207.5
2.35330684140189,3.50319610731204,0.0802129785553242,-9.04571496231027,-162.339912661373,71.9370106373334,6,MICT02,6_MICT02,MICT,147,111.0,183.0
0.7141501645409,-5.22426553645552,-0.25313736090012,94.3082099113178,182.96618402603,-21.3874273063922,6,HIIT01,6_HIIT01,HIIT,240,111.0,183.0
-0.240887016477617,3.87207027502819,-0.280927532104112,6.15876813626534,-34.3785375787407,53.5159235820261,6,MICT04,6_MICT04,MICT,62,111.0,183.0
-2.66137872248469,-2.11929636006758,0.296460571706512,15.3371698607193,23.0450431513941,21.0367712546776,16,MICT04,16_MICT04,MICT,6,145.0,207.5
1.29731107971395,-4.09295134508723,-1.08490947891299,547.597278734807,125.888868093617,471.253466176856,6,HIIT06,6_HIIT06,HIIT,211,111.0,183.0
0.0384687841233359,-5.67366757598539,0.362590276521062,17.2937441049665,33.9020570214262,-1.77618349660231,6,MICT02,6_MICT02,MICT,353,111.0,183.0
3.09403130977843,6.5761709750059,0.740920652937252,-4.63081051451244,-79.0213358488572,102.834538351046,16,MICT05,16_MICT05,MICT,98,145.0,207.5
4.468394212271,6.23191047824125,1.61909231741919,-39.8717682505571,-106.56152527934,98.4729892087451,16,MICT06,16_MICT06,MICT,114,145.0,207.5
-2.04675968845602,-3.4605937538671,0.678255220256285,13.3544222756245,73.2475619310382,-32.4850635405539,6,MICT01,6_MICT01,MICT,340,111.0,183.0
-1.67467688221656,-3.41195666000935,0.74483293398255,-7.44887935755211,73.5168681089052,-109.673197229973,16,MICT04,16_MICT04,MICT,317,145.0,207.5
6.22232814312156,2.39482486189654,-2.81969568312825,-17.9815695320837,-56.3326305055632,83.4431342813352,16,HIIT04,16_HIIT04,HIIT,171,145.0,207.5
3.56783949506657,0.752440757756542,-1.45463016530024,20.9035228456067,-76.3198711814101,63.1137675325576,16,MICT01,16_MICT01,MICT,178,145.0,207.5
1.19436538226319,0.519046921032173,-1.02643028986721,42.8220646014655,-64.9457375508206,86.8566337663927,6,MICT06,6_MICT06,MICT,168,111.0,183.0
-9.95940543661714,36.349699808347,2.67411472056232,28.4532237489494,77.7648706966323,-67.4239015667109,16,HIIT03,16_HIIT03,HIIT,344,145.0,207.5
-7.35481564865033,4.23273722080619,-0.0671287545329034,25.6607676255257,44.585210803827,95.7161022893131,16,HIIT06,16_HIIT06,HIIT,29,145.0,207.5
0.405551075063511,8.42575662975299,0.480865325990868,50.5438082777183,149.025551936574,2.2630674701606,16,HIIT02,16_HIIT02,HIIT,77,145.0,207.5
4.2073460879266,2.29857622781493,-1.40667522207316,-241.808277069594,-98.9244306502058,-219.342488357816,6,HIIT03,6_HIIT03,HIIT,156,111.0,183.0
4.42377366542838,2.06812797554737,-1.47428408255269,-3.24373125247683,-99.6782668737297,75.2851451922967,16,MICT05,16_MICT05,MICT,168,145.0,207.5
0.583482483181949,4.46952707246074,0.164260469928591,-13.952164023554,-68.4892801864543,45.8191222228143,6,MICT04,6_MICT04,MICT,73,111.0,183.0
-3.86636273441015,-7.58360090383733,1.89876812933809,14.5448844284708,70.3249377903514,-142.37150592486,16,HIIT03,16_HIIT03,HIIT,318,145.0,207.5
-1.982881793925,-6.08108944662814,0.954304034781513,9.7411179095561,91.4766428438865,-47.1006559114339,6,HIIT04,6_HIIT04,HIIT,324,111.0,183.0
4.00007260796586,-1.41751888214691,-2.38814491541283,197.379185797052,-55.7129180170804,161.863951806811,6,HIIT04,6_HIIT04,HIIT,180,111.0,183.0
-0.243621646162941,-4.70314771075097,0.447324055631319,-11.1697596607651,99.7525528001619,-113.250720275898,6,HIIT02,6_HIIT02,HIIT,277,111.0,183.0
-1.99876685868821,7.01295571542837,-0.0333631307514084,-0.972375952076601,-15.7241173506422,116.953315508323,16,HIIT06,16_HIIT06,HIIT,58,145.0,207.5
6.42757897094565,11.6248695111697,1.74466260476069,-54.578488268083,-108.32558643113,156.709538222429,16,HIIT03,16_HIIT03,HIIT,107,145.0,207.5
0.273966867032055,5.10530402193519,0.193819820992078,9.41940646966369,-37.2582985758178,86.8318373237516,16,MICT01,16_MICT01,MICT,80,145.0,207.5
0.553885725234794,-4.84902087422974,0.893118041731126,79.4938656551212,155.629991029535,-47.7361096491863,6,HIIT05,6_HIIT05,HIIT,251,111.0,183.0
0.984792769997358,-4.38810668521808,-1.57339380827168,14.6371494574218,44.8940773842823,-76.7375264740969,16,MICT05,16_MICT05,MICT,224,145.0,207.5
-5.67185904045949,-12.9949025968375,2.55242541442488,23.0927944592097,78.919975773738,-95.3590503800823,16,HIIT03,16_HIIT03,HIIT,335,145.0,207.5
-0.453243408048407,-2.13737761492591,0.200614488117294,-46.3565031727069,47.4063580985294,-109.32178194227,6,MICT01,6_MICT01,MICT,304,111.0,183.0
-0.370747175046942,-5.80802496650404,1.1849221599825,18.0418533993166,111.979414292291,-100.187984636326,6,HIIT04,6_HIIT04,HIIT,271,111.0,183.0
4.16830805480161,-0.926187606846705,-2.36116140976072,140.848317071317,-59.8412438596653,111.017340040436,6,HIIT04,6_HIIT04,HIIT,177,111.0,183.0
0.286234315546377,4.26460550398091,0.271971248430106,-0.216200675440759,-48.3146249637713,51.8489701945387,6,MICT04,6_MICT04,MICT,67,111.0,183.0
-0.516998617896141,-3.51256922172852,1.16755958390673,-18.1434968246257,83.3504348444494,-89.7887367088622,6,HIIT02,6_HIIT02,HIIT,299,111.0,183.0
-3.79841561695725,7.19631039491517,0.310691452603473,-68.6129774608827,-16.8931508026225,40.8234570762873,6,HIIT02,6_HIIT02,HIIT,21,111.0,183.0
-2.25027848425217,2.1253051096576,0.327829349999413,50.3740057361959,44.149902415741,24.2817517556546,6,HIIT06,6_HIIT06,HIIT,351,111.0,183.0
2.93419868848663,-3.16870883721346,-2.19511069337476,464.355051889178,6.92871511102579,397.172045030805,6,HIIT04,6_HIIT04,HIIT,196,111.0,183.0
2.81529873381327,4.41790607258125,1.25160136225501,-1.26636540212503,-176.093622297888,93.5110338602342,6,MICT06,6_MICT06,MICT,132,111.0,183.0
-0.980365145747511,4.61800896754379,-0.0083380370509269,29.3922034791012,-25.1858981667635,83.2561629480393,16,MICT02,16_MICT02,MICT,65,145.0,207.5
2.02459942944647,-3.69682516349068,-1.73229072706975,561.650429625217,53.5658961533586,505.671544635883,6,HIIT06,6_HIIT06,HIIT,202,111.0,183.0
-3.11685336743281,2.23451036022386,-0.714024700982423,-13.2433749552021,-8.50762145446992,61.4459372420933,6,MICT03,6_MICT03,MICT,29,111.0,183.0
2.38301861029427,4.70157625669501,0.32538735535337,0.681996113345369,-168.643409458747,98.854353353745,6,MICT06,6_MICT06,MICT,126,111.0,183.0
8.37541820775931,6.34997251730355,-0.814074930079434,-303.083837453074,-17.9861090427398,-277.028035753168,16,HIIT02,16_HIIT02,HIIT,151,145.0,207.5
0.789412181809048,-3.36860230443663,-0.652926323977459,6.24395091968436,99.7212661306252,-78.6943580908122,6,MICT04,6_MICT04,MICT,228,111.0,183.0
-0.982271753691705,-3.8758952044665,0.555686462152931,-2.95680661388889,69.3904080415797,-56.4499829805585,6,MICT04,6_MICT04,MICT,324,111.0,183.0
0.333157041298777,6.239574040251,-0.948534890961351,-285.597468908915,-191.301237873469,-138.625909517292,6,HIIT02,6_HIIT02,HIIT,76,111.0,183.0
2.67987451657152,4.00099847201586,1.16154549371884,-3.49510636989652,-153.768452832004,83.0508060087803,6,MICT01,6_MICT01,MICT,138,111.0,183.0
1.78774358218721,2.32915262675181,-0.469978612076901,-26.6376547026645,-155.580415354144,41.7358364160498,6,MICT04,6_MICT04,MICT,153,111.0,183.0
2.7844638529648,3.81502870485445,0.200396837389692,-18.9037278306792,-181.107640072085,66.7363046469186,6,MICT03,6_MICT03,MICT,143,111.0,183.0
0.938574127777896,-2.22688106006263,-1.13160366496054,14.2816632307082,75.2403763901922,-10.1312904877646,6,MICT06,6_MICT06,MICT,200,111.0,183.0
5.11879887602356,4.64839465825138,0.41412581607356,-30.391508646217,-132.028792768213,102.511090947552,16,MICT02,16_MICT02,MICT,147,145.0,207.5
2.94747273196367,-5.75005154448599,-2.76296561716957,6.05732037865506,9.16250025335073,-86.6542875586685,16,HIIT04,16_HIIT04,HIIT,212,145.0,207.5
2.96601520815425,-7.12101673776943,-2.89987358668974,13.0143320147038,13.9852220420264,-102.069515650882,16,HIIT03,16_HIIT03,HIIT,217,145.0,207.5
-0.488055091520783,-5.26399892663986,-0.219580184601978,21.179142497675,73.7066552287083,-124.383415692241,16,MICT06,16_MICT06,MICT,256,145.0,207.5
1.60442458763844,5.3928390169823,-0.301354607154645,-4.99136246766686,-104.52155888285,68.5101714643502,6,MICT06,6_MICT06,MICT,89,111.0,183.0
4.22755339239455,2.86841179702784,-0.883071901504456,-12.0552953971738,-106.230317041746,89.2217884071104,16,MICT04,16_MICT04,MICT,161,145.0,207.5
-5.39395772252112,-7.23072471123575,3.0586983317524,66.0394536402045,96.8867419325296,100.604494418042,16,HIIT02,16_HIIT02,HIIT,332,145.0,207.5
-11.9743604528279,-10.1589279150298,1.18700872586671,45.4666553894137,74.7036563904836,71.1609516730943,16,HIIT06,16_HIIT06,HIIT,16,145.0,207.5
2.40498467482199,-6.49078746702705,-2.72285123806731,6.84675233438205,19.4058513644654,-109.328249196441,16,HIIT06,16_HIIT06,HIIT,218,145.0,207.5
-4.70426254521277,1.83250955912056,-0.239244164190351,34.2326781419204,26.6548526983037,78.709141887266,16,MICT05,16_MICT05,MICT,28,145.0,207.5
1.38140424916284,-0.571796138265788,-1.44884517502522,57.3812457811726,-12.0610181452356,71.2523760535645,6,MICT03,6_MICT03,MICT,181,111.0,183.0
-2.59377977248134,-6.59858529558978,1.54614759952098,10.8760387062574,61.3495630305544,-159.410949144071,16,HIIT06,16_HIIT06,HIIT,307,145.0,207.5
-1.06712268725199,-2.7909038564698,0.449099578291188,-25.3925927814222,67.5504048564115,-86.9239816691352,6,MICT03,6_MICT03,MICT,319,111.0,183.0
2.46231613214122,5.26909418895897,0.673041088556829,4.82907180536213,-110.241977414787,83.3884747158742,6,MICT05,6_MICT05,MICT,98,111.0,183.0
5.20927047904371,5.16227427975044,0.790398692685662,-28.6158194585284,-130.495982036265,104.849419453165,16,MICT04,16_MICT04,MICT,140,145.0,207.5
-3.20212331378786,6.00391216690702,0.0407116904058698,7.36384827342922,4.66552352738104,115.288405984871,16,HIIT05,16_HIIT05,HIIT,49,145.0,207.5
0.509741633307724,-6.41744082209709,0.448145035285543,-31.9034300671056,110.523806162866,-131.538988656959,6,HIIT01,6_HIIT01,HIIT,275,111.0,183.0
-0.6762544618634,5.6024321824843,0.0807329612021876,4.44907015761397,-29.8334093576632,86.7590819958648,16,MICT06,16_MICT06,MICT,71,145.0,207.5
-0.420820611133691,-9.03281171733178,-0.38864502997798,21.4718600239532,51.9393441286665,-181.134588610553,16,HIIT03,16_HIIT03,HIIT,258,145.0,207.5
2.55874016789797,-1.71535426461527,-2.01431115088199,18.4249338021901,-19.027792685905,7.83056785645227,16,MICT05,16_MICT05,MICT,196,145.0,207.5
2.26901346718454,-0.737978055477815,-1.81287261805739,9.37299336842526,-33.5600463536642,24.8919961795318,16,MICT02,16_MICT02,MICT,191,145.0,207.5
0.163387238588278,-5.3063728248188,-0.924321058893958,13.9451056532584,73.9369213591077,-113.985587330558,16,MICT05,16_MICT05,MICT,242,145.0,207.5
-8.66063728881436,33.8741600154052,0.85311366840861,51.8758328502113,-32.2310101108415,-87.8688773948496,16,HIIT01,16_HIIT01,HIIT,347,145.0,207.5
4.08742525475954,2.17471046137876,-1.29186625433125,-9.41980169910986,-97.1576989295057,79.1487590618727,16,MICT03,16_MICT03,MICT,165,145.0,207.5
0.856350008470516,-3.96375153837165,-0.845918731632933,478.699536844162,162.949649461849,391.69026354052,6,HIIT05,6_HIIT05,HIIT,215,111.0,183.0
4.60999064386264,3.94498732434424,-1.23373084037661,-286.305716112816,-115.144797421387,-244.055042292893,6,HIIT04,6_HIIT04,HIIT,140,111.0,183.0
-0.287747180245517,7.40611722601968,0.126142862236933,61.8364957988567,141.681920889576,-5.20037224223879,16,HIIT02,16_HIIT02,HIIT,74,145.0,207.5
6.94962643114352,10.6732298097006,1.34667873633782,-52.5811921482889,-122.285324312276,160.15655846412,16,HIIT04,16_HIIT04,HIIT,114,145.0,207.5
-0.477614530959569,4.6485425931244,-0.327009630249342,29.0012547973184,43.7213936118639,27.9504757798818,16,HIIT03,16_HIIT03,HIIT,1,145.0,207.5
-10.172492936426,35.7251062498344,1.2599683988134,64.4697572858923,-41.381009984329,-109.759733799676,16,HIIT01,16_HIIT01,HIIT,345,145.0,207.5
6.58436361762083,0.5195012069744,-3.64141641846782,-8.02336865456964,-34.4482362264253,56.4217079582576,16,HIIT03,16_HIIT03,HIIT,179,145.0,207.5
-2.58602668424395,-7.15859239080757,1.2043275992718,14.3537148593715,63.0723208778842,-170.529591193219,16,HIIT03,16_HIIT03,HIIT,298,145.0,207.5
5.52160514923654,4.65748267807138,-0.31214231696262,-31.1426846988851,-132.768854458733,99.2024084285913,16,MICT01,16_MICT01,MICT,139,145.0,207.5
-8.16334978180962,3.94676263353041,0.20089690887237,26.6750322417638,39.9636449175421,93.3348007719697,16,HIIT03,16_HIIT03,HIIT,28,145.0,207.5
-0.166084235651817,1.93449095391455,-0.0951370411608868,2.1727794116485,18.3425470224775,30.1288872924734,6,HIIT05,6_HIIT05,HIIT,0,111.0,183.0
-1.16633350602251,-4.78645762791388,0.514087674934704,-5.71912887583167,64.3355816972987,-55.7406045655852,6,MICT01,6_MICT01,MICT,333,111.0,183.0
1.74173749863291,-1.75810464366598,-1.80528386732775,9.23248126426327,-10.2738223484551,-4.12501018533163,16,MICT02,16_MICT02,MICT,200,145.0,207.5
-2.4661976317383,-4.45873822808528,1.44217150764256,-9.14844056512634,69.7433585310946,-100.654240253747,16,MICT06,16_MICT06,MICT,323,145.0,207.5
-5.12280217427804,-23.5726073690389,1.76919386744314,14.0227280867489,21.5996830684478,36.4729752766446,6,MICT02,6_MICT02,MICT,11,111.0,183.0
2.67142374134379,4.66348354306227,1.21813005643231,-8.39121502381973,-161.951081274846,89.5683595873559,6,MICT06,6_MICT06,MICT,119,111.0,183.0
-0.615645427288493,8.10582310566021,0.013921510517822,79.4222036050021,139.942776324266,-25.3735593693533,16,HIIT01,16_HIIT01,HIIT,74,145.0,207.5
-8.57118778839481,7.97083275611529,-0.368938838660182,46.9949947094452,77.0632550424599,80.8488830217264,16,HIIT06,16_HIIT06,HIIT,18,145.0,207.5
-0.418374504099079,-5.6150693937365,0.0790867759020189,-12.3489125397053,105.533372097389,-110.04149112185,6,HIIT06,6_HIIT06,HIIT,277,111.0,183.0
1.57376219431116,-2.43944349083599,-1.43554088907022,446.453565696203,24.6075460380461,431.756686187087,6,HIIT01,6_HIIT01,HIIT,191,111.0,183.0
1.99703111550799,4.56782812867291,0.426099272843392,8.35101975301018,-90.3129843625661,75.4239186719831,6,MICT02,6_MICT02,MICT,99,111.0,183.0
-0.272967667550909,7.52457748316503,-0.0267164591414034,70.6013002047629,135.308462468045,-19.840723409349,16,HIIT01,16_HIIT01,HIIT,76,145.0,207.5
-0.49895957031078,-2.27045845827759,0.195738641655392,-10.40494126551,65.6181028112061,-74.7575461313074,6,MICT06,6_MICT06,MICT,312,111.0,183.0
-1.40450128931973,-5.20721889151471,0.532840976028675,8.58663822879511,70.3160670783189,-135.483509006273,16,MICT06,16_MICT06,MICT,276,145.0,207.5
-0.424751387226082,2.80013295940318,-0.679152028533789,2.66986715784799,-23.6316060644085,51.6529241971762,6,MICT06,6_MICT06,MICT,52,111.0,183.0
-4.07844020596412,6.90732295646265,0.301969292200506,42.125122727194,81.0879381608421,-1.95598044525804,6,MICT04,6_MICT04,MICT,342,111.0,183.0
0.345177101885812,-3.95067181415259,-0.844641145243925,-28.9435651501092,85.366708815314,-142.638942959994,6,MICT05,6_MICT05,MICT,250,111.0,183.0
0.865717904503553,-5.85725592045863,-0.259384512517624,95.812842716608,188.231292420388,-33.0857355775016,6,HIIT01,6_HIIT01,HIIT,246,111.0,183.0
0.0310738346083535,9.13637856399005,0.486081567098351,-16.7228566519114,-50.2464696643422,128.662107315924,16,HIIT06,16_HIIT06,HIIT,74,145.0,207.5
-3.72194311576065,-7.91612216455664,1.00580740804638,86.7361936602546,98.8448994547058,27.8772888496798,6,HIIT06,6_HIIT06,HIIT,339,111.0,183.0
3.49675178717726,6.20997344214464,-0.589790411372987,-125.27683394091,-170.709768746632,-75.4314797012528,6,HIIT02,6_HIIT02,HIIT,108,111.0,183.0
0.881693274460486,-3.69964920646449,-0.681375718236507,-17.4712230216851,101.697205621831,-111.200109997923,6,MICT05,6_MICT05,MICT,231,111.0,183.0
2.50174923352775,7.43897690787641,-0.840734092797389,-297.347141950621,-197.533451659637,-186.834231471465,6,HIIT01,6_HIIT01,HIIT,89,111.0,183.0
2.36476256286929,-3.03725467912317,-2.25067372640807,525.650545896337,-13.1356054040854,485.506527227949,6,HIIT05,6_HIIT05,HIIT,191,111.0,183.0
0.59567677773649,-4.86902972219401,1.00641545938577,136.007761167635,184.333472981733,1.40461728028692,6,HIIT05,6_HIIT05,HIIT,244,111.0,183.0
4.05310528714351,3.80529153079572,-0.626425901198883,-303.935751028753,-117.729785833281,-273.052568994673,6,HIIT03,6_HIIT03,HIIT,147,111.0,183.0
2.23535677210405,-2.27801594852495,-1.90774984677239,17.7850132044078,-6.10312358914454,-11.2603155326007,16,MICT06,16_MICT06,MICT,202,145.0,207.5
-2.1454042882815,3.14989778409898,-0.408060975098801,25.8832043294819,3.96407363760513,82.8166492110189,16,MICT05,16_MICT05,MICT,44,145.0,207.5
3.37543728812522,-0.619724658195947,-1.91838791107556,101.914251664129,-61.3707109081467,92.3454815029495,6,HIIT06,6_HIIT06,HIIT,175,111.0,183.0
5.95491058038123,6.59260661098109,-3.18780178936682,-370.989779599159,-81.3418497288598,-284.875243592233,16,HIIT02,16_HIIT02,HIIT,146,145.0,207.5
3.57302386333026,0.465054323776127,-1.76853263097227,3.50585050410391,-67.972238407911,50.3620417635387,16,MICT06,16_MICT06,MICT,178,145.0,207.5
-0.222230312720379,-4.83538455060796,-0.811049305425029,-0.427136280245729,74.3729481074072,-122.46733079641,16,MICT02,16_MICT02,MICT,245,145.0,207.5
-1.02728446906619,6.04525715493852,0.296934856214292,-215.833642522261,-168.88522261357,-68.4716829957807,6,HIIT03,6_HIIT03,HIIT,61,111.0,183.0
4.2962586047025,6.26270536637684,2.04381638521563,-14.0085169866222,-97.3153758208958,104.98492577123,16,MICT04,16_MICT04,MICT,109,145.0,207.5
2.73118574578461,5.3943520721869,0.447305914013576,-5.03707361070554,-67.7815602374331,96.3282882623561,16,MICT01,16_MICT01,MICT,100,145.0,207.5
-0.749868781840906,-4.22372735464832,0.794296395150883,-18.8464723916496,90.9369217643862,-83.2907468507529,6,HIIT06,6_HIIT06,HIIT,298,111.0,183.0
-1.18914891270676,-5.21028735948813,0.432504420008712,12.9823043900578,72.3567565507568,-134.342883585712,16,MICT06,16_MICT06,MICT,271,145.0,207.5
-0.618477478533519,-4.60734785602345,-0.372977520884993,-3.62029941558409,79.1821261964065,-136.610966187934,16,MICT02,16_MICT02,MICT,261,145.0,207.5
-3.82425703939027,7.76018806014876,0.272382457547066,-64.2624078547095,-12.4120095051269,41.968672281517,6,HIIT02,6_HIIT02,HIIT,20,111.0,183.0
-1.02736788669127,-9.00318182813231,0.299363405455669,21.5737038874494,60.2454898087842,-186.343622280568,16,HIIT05,16_HIIT05,HIIT,267,145.0,207.5
-1.0510329293649,8.27266764909449,0.316582311273096,-9.57546311353387,-34.6942076571463,122.847803073915,16,HIIT06,16_HIIT06,HIIT,67,145.0,207.5
-0.590877778067076,-5.48760760078967,-0.0592082716188743,7.09074486966734,81.4573475705204,-138.560331831823,16,MICT03,16_MICT03,MICT,259,145.0,207.5
-1.2569753683303,-8.04630975299626,0.511649405327603,18.6920319154123,57.5433082200491,-177.779592200126,16,HIIT05,16_HIIT05,HIIT,272,145.0,207.5
5.3766357941786,5.74140063259452,0.990677028401482,-40.0358091370434,-133.604321768317,104.726733629785,16,MICT02,16_MICT02,MICT,132,145.0,207.5
7.5672178529172,2.89714236552404,-2.42746856359962,-251.448290632876,19.0416945641016,-223.598664687844,16,HIIT02,16_HIIT02,HIIT,167,145.0,207.5
-1.28489938851364,-4.57046061328012,0.31159335667929,-6.62120123302092,81.4199652155345,-62.7049221330361,6,HIIT02,6_HIIT02,HIIT,323,111.0,183.0
-3.33425618637542,-5.62738901402759,1.72296245207378,-34.0176160154913,74.6681250200797,-96.7072835791454,16,MICT01,16_MICT01,MICT,333,145.0,207.5
-0.0427668621877602,8.76254184019246,0.616120976666353,-11.7181551053006,-50.674651953936,122.765238089712,16,HIIT04,16_HIIT04,HIIT,74,145.0,207.5
0.121568122420361,-3.7813255526248,-0.532450637736767,-21.7852299420559,78.2138681718083,-133.725922012695,6,MICT04,6_MICT04,MICT,255,111.0,183.0
1.45915272940292,-3.80240964456444,-0.601869198414925,481.178736757183,108.125935558605,384.234945065257,6,HIIT04,6_HIIT04,HIIT,212,111.0,183.0
1.62918061697703,5.34078926651903,-0.199246796642851,-7.77141330961437,-104.732511448012,65.682654223048,6,MICT06,6_MICT06,MICT,88,111.0,183.0
-1.40698593958812,3.13535402883359,-0.213458857470486,22.8770652170152,-1.03359311175317,79.0024499719751,16,MICT01,16_MICT01,MICT,53,145.0,207.5
-7.57034216281876,5.01113647090331,2.73389378291257,20.768428586833,81.0721853003126,-84.0007841502981,16,HIIT06,16_HIIT06,HIIT,341,145.0,207.5
4.50246519923868,6.95473067630735,0.163746012660226,-244.296895370175,-176.858556215467,-194.761353412113,6,HIIT03,6_HIIT03,HIIT,124,111.0,183.0
-0.396422268254361,-6.12597675614196,0.5841877801542,22.3263815389355,36.8147765211784,8.7967046531786,6,MICT05,6_MICT05,MICT,353,111.0,183.0
3.36332710211051,7.9389149643183,0.775740588743189,-178.05935754792,-164.638598343076,-101.395377767451,6,HIIT04,6_HIIT04,HIIT,108,111.0,183.0
-1.41781640532963,-8.87461933363068,0.477024334281243,18.4676573501736,54.364168136572,-184.858124551418,16,HIIT03,16_HIIT03,HIIT,270,145.0,207.5
-1.54708852349016,2.03014887640113,-0.447206013736773,-11.5850981715905,-16.4865435044569,51.2718120132255,6,MICT02,6_MICT02,MICT,38,111.0,183.0
-29.4399039151254,8.7464884354264,-62.3416039872894,-1410.96816885919,-763.233718375572,-515.491940514327,16,HIIT02,16_HIIT02,HIIT,133,145.0,207.5
-0.911343913585533,-5.46490939052481,0.490699111965774,1.50831357685493,99.078742013355,-93.7098895948131,6,HIIT04,6_HIIT04,HIIT,285,111.0,183.0
4.40626670093368,6.87550642803679,0.566475572121305,-271.615414302593,-171.282229509261,-224.180912071924,6,HIIT03,6_HIIT03,HIIT,128,111.0,183.0
-0.25065661193786,9.61438279681241,0.834831301027444,-23.6744958543323,-49.2432188088357,127.907683433109,16,HIIT05,16_HIIT05,HIIT,75,145.0,207.5
3.96637923009682,6.67272245522876,1.11807721407219,-8.51968736614743,-89.2508254255557,107.961791459267,16,MICT05,16_MICT05,MICT,106,145.0,207.5
-5.91595224529811,19.4974343384379,0.793539972608524,41.1483877005298,-24.7531949701183,-69.4902635596932,16,HIIT01,16_HIIT01,HIIT,349,145.0,207.5
-2.83066479186633,4.11481387501799,-0.105584546190584,-125.549511763209,-89.1406885188167,20.3741353127725,6,HIIT03,6_HIIT03,HIIT,37,111.0,183.0
1.35348445844597,-3.80706926527065,-1.21218373246407,545.486506353907,105.910125020788,476.443354752093,6,HIIT06,6_HIIT06,HIIT,209,111.0,183.0
2.71899995478722,-1.3314369103633,-1.9501942627925,15.0848028962046,-28.4129800931006,14.0171297677489,16,MICT06,16_MICT06,MICT,193,145.0,207.5
-1.40534335216477,-3.14698209086521,0.800474335787132,-16.566276617925,72.325853263445,-115.211894259873,16,MICT05,16_MICT05,MICT,310,145.0,207.5
1.96240993594944,4.49840952371893,0.228954896491622,2.40388511878624,-85.520462306865,70.825591472201,6,MICT01,6_MICT01,MICT,99,111.0,183.0
-1.49871824486442,-3.3039272699149,0.679180490464244,-15.2647067811881,75.6448196270702,-123.554033360499,16,MICT03,16_MICT03,MICT,313,145.0,207.5
0.851446021168586,-3.24982892344279,-0.734801184606796,5.40885770426439,96.496711821768,-74.0133429827377,6,MICT04,6_MICT04,MICT,225,111.0,183.0
-1.26370727003435,3.77608264910472,-0.12190836690228,24.1082718171586,-13.8628001811333,80.6849756759139,16,MICT03,16_MICT03,MICT,57,145.0,207.5
2.40715079473964,5.38779921213266,0.413771352264795,-2.85211311227562,-63.2829776206861,95.045130904152,16,MICT01,16_MICT01,MICT,97,145.0,207.5
-2.6621125917584,-7.5225643203198,1.05307346022963,142.050370570504,138.915140736588,136.665622828464,16,HIIT02,16_HIIT02,HIIT,286,145.0,207.5
5.28879081470083,5.13410242387009,0.168993490965974,-43.5516767500675,-139.750851500937,92.4700315994457,16,MICT05,16_MICT05,MICT,138,145.0,207.5
0.135415296837505,-3.36269619209452,-0.207965104432302,-21.1304262585273,80.4413255557101,-128.665724625547,6,MICT02,6_MICT02,MICT,264,111.0,183.0
2.82781398252212,0.132571680535717,-1.76511529664036,7.50664747573169,-47.9694446709614,46.8904863840518,16,MICT04,16_MICT04,MICT,183,145.0,207.5
-0.810701968477814,-5.10124104510324,0.429370733568433,-1.73076106964757,94.7960651338321,-94.0176263537953,6,HIIT04,6_HIIT04,HIIT,284,111.0,183.0
1.11032291451848,-2.82064519260912,-1.22534289067427,24.8079337058585,15.8035214137161,-43.8058111317927,16,MICT01,16_MICT01,MICT,217,145.0,207.5
3.77414402704334,2.25389304835954,-1.37516314408614,-200.516420277381,-90.9824416019148,-170.776290216014,6,HIIT01,6_HIIT01,HIIT,158,111.0,183.0
-2.61609243887719,-6.84046157124433,1.17872630991939,128.15141563031,138.812068492309,128.975457127589,16,HIIT02,16_HIIT02,HIIT,292,145.0,207.5
0.427938190888868,-5.33070186251439,0.642266803482053,49.0158686401315,144.132248510396,-79.6155452324238,6,HIIT05,6_HIIT05,HIIT,257,111.0,183.0
-4.6211136978573,4.20432884191139,-0.549999142613921,147.565825697362,137.828100203096,-72.7104519972107,16,HIIT01,16_HIIT01,HIIT,41,145.0,207.5
1.32152367092577,-3.36871655499769,-1.64271509172431,14.1010977169069,24.4981231860008,-47.8738878600605,16,MICT03,16_MICT03,MICT,215,145.0,207.5
4.29998932590452,1.88990862647327,-1.16766007947523,7.43934762380448,-100.464404134135,80.2801439494001,16,MICT01,16_MICT01,MICT,167,145.0,207.5
2.11266521302257,-1.36933163130231,-1.82564507667438,347.432173320658,-29.9974093691596,326.766787224196,6,HIIT02,6_HIIT02,HIIT,183,111.0,183.0
0.539629457829539,-3.47437323308336,-0.998031624577443,20.3141584690285,33.5054233457753,-68.1934470566243,16,MICT01,16_MICT01,MICT,226,145.0,207.5
-2.59837159555019,-6.73576037589115,1.19711082756157,126.035682888061,138.478007787668,127.842584773797,16,HIIT02,16_HIIT02,HIIT,293,145.0,207.5
-0.664555483483559,-3.52399658574166,0.583623712729178,-24.5273492374276,64.9909835038109,-97.234169982144,6,MICT04,6_MICT04,MICT,293,111.0,183.0
0.683762961587823,-4.00399508824329,0.033390863192708,-36.656523403654,82.3491588724921,-148.101132538329,6,MICT06,6_MICT06,MICT,248,111.0,183.0
0.857640066296396,5.54618662801765,0.206148587310501,10.2063573503658,-50.6659939470475,88.3997483182248,16,MICT04,16_MICT04,MICT,80,145.0,207.5
-0.0843599331301661,-6.10027487444124,0.36054156919542,-39.8192805229578,96.5994220369146,-117.226145004912,6,HIIT01,6_HIIT01,HIIT,287,111.0,183.0
4.62921361292936,3.61529033585763,-0.539444537332607,-18.9012195311573,-118.143121828097,95.009800325676,16,MICT04,16_MICT04,MICT,155,145.0,207.5
1.21010846273956,-3.45489143095703,-0.244346833332239,-3.08176063282051,113.185594879529,-84.504685531678,6,MICT05,6_MICT05,MICT,224,111.0,183.0
-1.44987207806856,-8.80694880893383,0.627180599040221,19.2089665825383,60.2821687749842,-185.963667509082,16,HIIT05,16_HIIT05,HIIT,273,145.0,207.5
-17.1770195906669,-34.1709580933831,3.36272847253609,41.8895688203676,69.224928628849,61.8262948186266,16,HIIT06,16_HIIT06,HIIT,14,145.0,207.5
7.83312528108893,4.29497424285843,-2.77004888481202,-27.0425787913613,-72.7971266045077,111.295328244772,16,HIIT03,16_HIIT03,HIIT,163,145.0,207.5
-1.16341873560231,-5.49787422034875,0.324026591710349,-2.78843548445637,80.8739094666553,-147.116860578742,16,MICT05,16_MICT05,MICT,272,145.0,207.5
2.31883243152573,-1.70514017582058,-1.85567007944837,17.7022104814724,-15.7512023823796,4.44092175557013,16,MICT05,16_MICT05,MICT,197,145.0,207.5
1.25991892716562,-3.02101013506641,-0.583588583978766,-8.05487585262843,91.1189964451221,-66.8202885240485,6,MICT05,6_MICT05,MICT,213,111.0,183.0
4.44156803877881,4.39042418052703,-0.580270404402227,-318.989044109673,-128.391058448031,-285.143636227974,6,HIIT03,6_HIIT03,HIIT,145,111.0,183.0
-21.5775965869622,-55.0864322332798,5.31182146956689,36.7964039517901,61.0282243499512,52.6339399382643,16,HIIT06,16_HIIT06,HIIT,12,145.0,207.5
0.251572242966361,-5.51776683084173,-0.0103483755341976,40.0274530562457,138.224419341857,-82.496292807858,6,HIIT06,6_HIIT06,HIIT,259,111.0,183.0
-8.05526865411765,-21.2158283612179,1.77602184585995,22.1105486779123,27.1436812502453,29.7982903221733,16,MICT03,16_MICT03,MICT,9,145.0,207.5
-1.66759614133797,4.4502626362968,-0.16126674115103,9.72983534951441,-10.8260449191734,80.4666955986763,16,MICT06,16_MICT06,MICT,59,145.0,207.5
2.46079680164156,4.57445102550534,0.668059320448796,-7.66926266825999,-132.692026513485,81.9774126645245,6,MICT01,6_MICT01,MICT,120,111.0,183.0
0.95392052050959,-2.04533375640349,-1.2269065472674,27.8638748842554,74.3681279270652,6.6933510143397,6,MICT02,6_MICT02,MICT,204,111.0,183.0
3.18679767418605,-0.350902719687444,-2.03314030447022,12.0500561580613,-45.7442387817629,38.7687984937758,16,MICT03,16_MICT03,MICT,186,145.0,207.5
2.10531410138912,2.29742712315615,-0.926233931682524,16.6493268153474,-134.811001098897,79.6131647940161,6,MICT03,6_MICT03,MICT,156,111.0,183.0
2.16984611414526,5.37204552069187,0.391302630214628,-1.60681102290662,-60.4445582125247,93.9688506210339,16,MICT01,16_MICT01,MICT,95,145.0,207.5
-0.385034469041478,7.48691338122941,-0.485223521460298,-319.73467079321,-215.627554020031,-166.153008805762,6,HIIT03,6_HIIT03,HIIT,73,111.0,183.0
1.22437150259991,0.454566771665118,-1.08216188134267,44.3960992739032,-50.2396595367996,74.9441569927567,6,MICT01,6_MICT01,MICT,177,111.0,183.0
1.34575260654697,4.7907745797685,-0.0039265536297665,-3.39881699800811,-88.0221850979514,63.4387285260633,6,MICT05,6_MICT05,MICT,84,111.0,183.0
-1.54596561050212,-5.03221085441737,0.576343898737735,-3.43261076761866,76.5420899411038,-139.419568380288,16,MICT03,16_MICT03,MICT,281,145.0,207.5
-8.91274014445253,4.10315699290837,0.0442110770215722,32.5016868352251,55.6703154511934,92.5857370799188,16,HIIT06,16_HIIT06,HIIT,25,145.0,207.5
-1.91242668458436,-8.28541968212212,0.500397200282146,168.117193632185,135.906045312127,151.114129730189,16,HIIT02,16_HIIT02,HIIT,274,145.0,207.5
0.58451161804149,-4.78260561036064,0.952305796498119,158.659919603879,191.398904334868,24.7117223664158,6,HIIT05,6_HIIT05,HIIT,242,111.0,183.0
-6.14735398396637,-0.0507007843639998,0.100789000107343,32.8610862868625,42.3604095824945,56.0740694395468,16,MICT04,16_MICT04,MICT,17,145.0,207.5
1.11969739440503,-1.2804137701256,-1.27887253266768,30.3207452401192,23.5442015229428,29.9902619507651,6,MICT05,6_MICT05,MICT,187,111.0,183.0
-1.67733387953635,4.23215804911801,-0.17194432160135,19.6888780788003,-12.347667952921,81.3072756231586,16,MICT05,16_MICT05,MICT,57,145.0,207.5
5.13130438032978,5.21646053175502,0.289845076929017,-31.0612323195292,-131.619497070992,105.105008580267,16,MICT04,16_MICT04,MICT,137,145.0,207.5
3.87881820623094,6.29425148456201,1.32014158357431,-6.07142575343478,-85.222714547882,105.114564735422,16,MICT02,16_MICT02,MICT,105,145.0,207.5
1.20507040799326,-4.37625433641624,-1.66927094737263,21.2826708556345,35.4470279718057,-65.0639980812909,16,MICT06,16_MICT06,MICT,221,145.0,207.5
3.82861692652225,-2.10963495571148,-2.35791707611454,272.685993526517,-45.8222581241045,229.459872713164,6,HIIT04,6_HIIT04,HIIT,184,111.0,183.0
-1.47808901081655,4.79484988259744,-0.131105379905516,8.11199168735393,-15.4037650258299,81.4334756550115,16,MICT06,16_MICT06,MICT,62,145.0,207.5
3.10354595514983,-0.872058330915747,-2.01807098176409,186.691680681451,-63.5284301014792,184.810493089155,6,HIIT03,6_HIIT03,HIIT,177,111.0,183.0
-0.903856468471328,4.29213352865025,-0.18483806810235,18.2594895756601,-24.261637684074,79.0009646088845,16,MICT04,16_MICT04,MICT,63,145.0,207.5
3.17691127835504,5.37472720591674,0.805710045046233,-14.946566753359,-158.264661410321,85.1864370078298,6,MICT03,6_MICT03,MICT,118,111.0,183.0
-0.323745561847651,-5.7090613068453,0.48681710690166,-7.74302296681508,102.748951482873,-99.5223639473329,6,HIIT03,6_HIIT03,HIIT,290,111.0,183.0
1.5330629003079,1.90142652919117,-1.28419254790767,-12.6647890610733,-137.911665250025,49.3566467231185,6,MICT04,6_MICT04,MICT,157,111.0,183.0
3.96467388395079,1.26941977283217,-1.63348431354171,-3.28076297791255,-83.1683673935381,61.7674783666615,16,MICT06,16_MICT06,MICT,172,145.0,207.5
0.727470514899254,-4.40620627203676,1.25270113471554,197.887935161621,179.49919353786,81.1411251578988,6,HIIT06,6_HIIT06,HIIT,236,111.0,183.0
-3.89156398099548,-8.45877922019468,2.36019075980046,8.84536878495338,69.7426375584481,-121.046709742198,16,HIIT05,16_HIIT05,HIIT,325,145.0,207.5
2.45648946181076,5.33554519270151,0.532249587119983,0.519674546492042,-130.636889485505,87.363158039158,6,MICT05,6_MICT05,MICT,106,111.0,183.0
3.93359214331971,6.04058737123853,0.693658416964938,-309.700529969956,-142.179449387569,-266.409484167106,6,HIIT05,6_HIIT05,HIIT,133,111.0,183.0
5.9093401558567,0.234065002562093,-3.21344014956243,-3.7824990671082,-44.5365500994069,38.3069779951408,16,HIIT05,16_HIIT05,HIIT,181,145.0,207.5
-2.42142636119608,-10.7638500133567,0.241466819993996,124.285656216617,96.5837917190766,45.0169324812532,6,HIIT01,6_HIIT01,HIIT,335,111.0,183.0
0.0184502388014863,-8.5217887703889,-0.78524936397052,195.279198492705,111.14318474144,163.083246441283,16,HIIT02,16_HIIT02,HIIT,252,145.0,207.5
-0.780625461537033,6.33421935324202,0.82591853891864,-262.180674991841,-167.50864693151,-102.813680432482,6,HIIT05,6_HIIT05,HIIT,64,111.0,183.0
0.712592856530911,-4.33050562643132,-1.32633827760093,15.2422137158,51.4538970693098,-82.0106839624646,16,MICT05,16_MICT05,MICT,228,145.0,207.5
-0.525272464824022,-2.81847386955691,0.0419862307548856,-30.876534926362,75.7587540636376,-89.0772947959351,6,HIIT02,6_HIIT02,HIIT,309,111.0,183.0
1.23521135112674,-3.52124311832682,-0.0988164765645875,-8.50453602093891,108.937671190125,-93.6264013367489,6,MICT05,6_MICT05,MICT,226,111.0,183.0
0.903315990469254,-1.41259393508043,-1.08696207141159,42.5182413456632,42.318250764242,29.0233879840989,6,MICT01,6_MICT01,MICT,199,111.0,183.0
-7.67206913460064,3.23817351917925,-0.113194666351189,34.8968972557712,44.289670362832,98.9912312151001,16,HIIT04,16_HIIT04,HIIT,28,145.0,207.5
7.57756706507748,5.38760536489211,-1.99928936792238,-35.0781177181504,-100.291109719601,115.770872902123,16,HIIT05,16_HIIT05,HIIT,156,145.0,207.5
-0.568021572426699,-5.68172820799192,-0.173051247370337,21.1523040846,76.4316177033243,-130.654385971629,16,MICT06,16_MICT06,MICT,257,145.0,207.5
3.87581985205302,3.56585043479541,-0.809830840308117,-245.125759321319,-140.935495277682,-223.667511929047,6,HIIT02,6_HIIT02,HIIT,144,111.0,183.0
0.557363964335532,-6.89559699354576,0.350841000690708,18.1788787471758,34.1245904011557,-0.677996101992225,6,MICT02,6_MICT02,MICT,354,111.0,183.0
-8.61896592747872,-13.1240971676923,2.93725358147472,-31.1990700033905,10.9019459915218,51.9976385472577,6,HIIT05,6_HIIT05,HIIT,15,111.0,183.0
8.17206616916895,5.904204661962,-2.31359431289435,-37.3321113452061,-91.4346295251604,127.89530114614,16,HIIT03,16_HIIT03,HIIT,156,145.0,207.5
-2.19308873876987,-4.35557933032705,1.25515079446357,-15.9226472937751,72.7828773565734,-108.121495329544,16,MICT03,16_MICT03,MICT,322,145.0,207.5
3.1910401652654,-5.68223732715551,-2.84687641910968,10.2120947359738,7.35244119547103,-75.6004467548151,16,HIIT03,16_HIIT03,HIIT,211,145.0,207.5
-5.88927240358479,-8.98414129106702,2.65077635178383,21.0310673811014,76.6925313384938,-100.932784390681,16,HIIT03,16_HIIT03,HIIT,333,145.0,207.5
-4.42729833410604,-11.601549083632,2.49056893954803,13.9777353658634,73.105980181233,-95.9226583102831,16,HIIT04,16_HIIT04,HIIT,335,145.0,207.5
-3.92965872866538,-5.98076085061413,1.76770612298204,-19.866973799354,70.1117506047091,-73.5997891014365,16,MICT06,16_MICT06,MICT,339,145.0,207.5
-0.742284077719971,4.63350103516446,0.57760055171314,-146.381816090077,-120.503761140442,-17.6796234388707,6,HIIT02,6_HIIT02,HIIT,59,111.0,183.0
7.16175449514501,5.09605022904088,-1.88188266057544,-30.6379417385769,-87.7004622060429,113.001651077639,16,HIIT06,16_HIIT06,HIIT,159,145.0,207.5
0.370405259014252,3.99977871930652,-0.0642222975850496,-4.73528409609061,-67.0162272203383,49.0398376953164,6,MICT02,6_MICT02,MICT,77,111.0,183.0
-0.759196838957263,4.9178320911043,0.0780404690801392,16.5435319055275,-29.3637807916032,82.7538036392689,16,MICT03,16_MICT03,MICT,68,145.0,207.5
1.05407012750806,4.82773834832253,-0.188384199660689,-9.58600675323776,-85.3119312336037,53.7492472357246,6,MICT06,6_MICT06,MICT,77,111.0,183.0
1.01814385632382,-3.68043986685461,0.538442072466111,-24.802447911625,89.6097232144172,-129.308810918554,6,MICT05,6_MICT05,MICT,243,111.0,183.0
-0.750745828661041,4.09335660687676,-0.178733098760222,16.0673888826903,26.1211966797801,19.5828956438609,16,MICT04,16_MICT04,MICT,3,145.0,207.5
1.0462697183478,-5.10970824119572,-1.19932764059532,377.654333801936,163.957868768544,254.255894976768,6,HIIT04,6_HIIT04,HIIT,224,111.0,183.0
2.3978020585025,5.24594250252906,0.602555151975813,6.57000128735684,-106.773098444824,83.7406970743663,6,MICT05,6_MICT05,MICT,97,111.0,183.0
2.4660951913159,-0.669347380762287,-1.80273597836214,194.555307223059,-44.5354138094829,201.405202331534,6,HIIT01,6_HIIT01,HIIT,177,111.0,183.0
-2.43904882241624,-5.99869107891134,1.18531120865804,13.488594635875,62.5410164207877,-152.63478386872,16,HIIT03,16_HIIT03,HIIT,306,145.0,207.5
5.04291888609797,-2.22023308284226,-2.88190702806661,-50.8031378268216,33.0905177027855,-75.225343868431,16,HIIT01,16_HIIT01,HIIT,194,145.0,207.5
-2.19870364884271,3.09615787880121,-0.399387893844963,16.6460182533982,8.74439308267859,79.3143859067416,16,MICT06,16_MICT06,MICT,44,145.0,207.5
-0.859796178977983,-3.77088747519055,0.867881148200982,-5.41910377044404,89.2362576835496,-70.8714716030028,6,HIIT04,6_HIIT04,HIIT,308,111.0,183.0
4.02528429809877,6.14636235268769,0.263692144837191,-273.366255548927,-154.788322335285,-227.62557045192,6,HIIT05,6_HIIT05,HIIT,128,111.0,183.0
3.64245875093568,6.30766140949454,1.27615150353045,-11.8535071076281,-84.8765098009532,103.466101354056,16,MICT03,16_MICT03,MICT,106,145.0,207.5
-1.36866174041946,-3.47079782676582,0.522847357255126,-5.66393383620421,76.0655079673346,-122.257438568497,16,MICT04,16_MICT04,MICT,300,145.0,207.5
0.614892875418917,-3.5104276553249,-0.550903382124958,-11.4187058490978,103.430421752935,-106.82985375127,6,MICT02,6_MICT02,MICT,240,111.0,183.0
1.48145025729727,5.9798489343513,0.590506823853334,4.31476250262683,-57.9245768439785,94.0029425034722,16,MICT03,16_MICT03,MICT,87,145.0,207.5
0.483381800567551,-4.52885120006015,-1.34183860264526,1.38190413281866,55.9344339675086,-95.1494950425927,16,MICT04,16_MICT04,MICT,231,145.0,207.5
2.56778385161854,-0.798024047036193,-1.52834840637098,31.3369185219105,-36.1174268706724,26.3593860087748,16,MICT01,16_MICT01,MICT,194,145.0,207.5
-2.16297758989468,-6.15250569273833,0.938276601472094,11.910187621942,91.8485879466621,-44.5095997905137,6,HIIT04,6_HIIT04,HIIT,325,111.0,183.0
2.48180186594139,4.20700814215665,0.687126993183856,-6.01991582462883,-170.890588297815,80.4787456295313,6,MICT05,6_MICT05,MICT,130,111.0,183.0
1.30176746818777,0.744778219384751,-0.976844180832691,41.5398364004733,-63.6261105171198,77.6983287035114,6,MICT01,6_MICT01,MICT,174,111.0,183.0
-1.28077240526824,-4.64586757418902,0.392509063212348,-4.90880932971239,79.5431940096045,-136.929995040098,16,MICT02,16_MICT02,MICT,279,145.0,207.5
4.48295774618257,-4.27901842933308,-3.06693775903376,28.5103338059266,38.8283181717565,-8.58282594578413,16,HIIT01,16_HIIT01,HIIT,204,145.0,207.5
1.20751444627748,5.28789409693752,0.260611871928351,3.27120438315858,-48.8794682269583,89.3921308900759,16,MICT01,16_MICT01,MICT,87,145.0,207.5
-2.44054763388737,6.86199399627636,-0.11120442967832,9.05717183086676,-12.9249284427237,117.254672738213,16,HIIT04,16_HIIT04,HIIT,55,145.0,207.5
0.878012389402233,-3.50540882813872,-0.785656167427279,5.73292921859801,100.670931563341,-78.166902436716,6,MICT04,6_MICT04,MICT,226,111.0,183.0
1.1561818493489,-4.03450291201233,-1.21730271780867,655.555595404468,138.474976266093,606.361566707604,6,HIIT03,6_HIIT03,HIIT,206,111.0,183.0
-1.04796329747312,4.83346718169286,-0.0515447536352786,6.30980765960327,-20.8943574210884,80.443813143989,16,MICT06,16_MICT06,MICT,66,145.0,207.5
-10.1321280770432,-1.11357172486327,0.411992033421631,160.810062913994,128.226558326199,-96.1391438365867,16,HIIT02,16_HIIT02,HIIT,17,145.0,207.5
48.6700500850186,13.066731138921,72.2774988897693,-1850.63417273867,-875.340190789817,-265.52267966376,16,HIIT02,16_HIIT02,HIIT,107,145.0,207.5
1.00451293525166,-0.995213846190006,-1.09448636949235,40.4059426925952,28.579920969325,45.508281462265,6,MICT02,6_MICT02,MICT,192,111.0,183.0
-0.767306127891836,-4.00749257897252,0.730222972675528,-35.8804364452586,64.8840464946207,-127.93296874014,6,MICT03,6_MICT03,MICT,289,111.0,183.0
-2.20362543779191,-5.33010728015712,1.28977691268233,0.284020088483901,58.7464437829023,-151.794868652277,16,HIIT04,16_HIIT04,HIIT,308,145.0,207.5
3.96618503056511,-4.0455659930116,-2.76351189417226,34.5733120939679,37.5784525362629,-1.65883198193255,16,HIIT01,16_HIIT01,HIIT,205,145.0,207.5
0.472538112462861,-5.80418932855628,1.47888328058043,-30.1832214074564,113.935210851076,-144.95539213581,6,HIIT03,6_HIIT03,HIIT,269,111.0,183.0
-8.0066494719151,3.06081794289872,0.0708704257536827,28.2413280292663,48.7832918643405,92.0321921711456,16,HIIT06,16_HIIT06,HIIT,27,145.0,207.5
-9.41354396061021,-14.4037285302567,2.50503497308152,-46.7190383058479,-3.62943695031639,39.4493964962635,6,HIIT03,6_HIIT03,HIIT,15,111.0,183.0
-1.53130146425024,-5.17484769813074,0.5695109782486,7.43381596242072,69.803055360904,-134.21004984345,16,MICT06,16_MICT06,MICT,279,145.0,207.5
1.57880419167441,1.187024571514,-0.890040164156267,12.4204136015726,-96.1476504344475,60.1825767332063,6,MICT04,6_MICT04,MICT,164,111.0,183.0
0.272696899007872,4.55207804889322,0.451613080321155,5.20569095493665,-53.9901492598081,62.7447243455847,6,MICT03,6_MICT03,MICT,68,111.0,183.0
-2.34218585251898,-4.46742382091689,1.18910288056722,-32.2868398377144,72.421293923921,-109.795789048155,16,MICT01,16_MICT01,MICT,325,145.0,207.5
1.60961627592558,-2.97901279402001,-1.73060367625363,17.1120429630513,15.8272209937307,-34.6426499727718,16,MICT05,16_MICT05,MICT,210,145.0,207.5
4.35652554873909,-3.6838466869263,-3.04197100023969,11.2126779448691,-7.27596834022597,-41.6325083817787,16,HIIT05,16_HIIT05,HIIT,201,145.0,207.5
-0.398169716461522,-4.16924105326989,0.367001371805811,-15.1944528612171,85.0951710498148,-77.5830699563096,6,HIIT05,6_HIIT05,HIIT,301,111.0,183.0
8.05889638821971,7.36159486390009,-0.847735379362441,-42.9417303146673,-113.855060376865,140.89816146423,16,HIIT06,16_HIIT06,HIIT,146,145.0,207.5
-0.58957399966125,5.10953664264777,0.153085339710294,14.6792945443258,-32.7354845970683,83.2103945578111,16,MICT03,16_MICT03,MICT,70,145.0,207.5
3.60729762292672,6.90500675048945,-0.456492782274647,-148.106288650248,-166.846642659407,-90.9370946050352,6,HIIT01,6_HIIT01,HIIT,101,111.0,183.0
0.993113634554777,-3.43964482779126,-0.47224132918967,-12.9952390333925,106.572508226562,-90.6219360506056,6,MICT06,6_MICT06,MICT,223,111.0,183.0
3.69616123295817,0.294299754548027,-1.8510412503734,-6.46940487615559,-67.4577249895949,-8.15388244436152,6,HIIT06,6_HIIT06,HIIT,169,111.0,183.0
-0.43872680164428,-6.13208539362567,0.651301542913707,4.28559102981635,37.2050066010349,-6.78331798346195,6,MICT03,6_MICT03,MICT,353,111.0,183.0
0.529942769281695,5.65185448960293,0.374608831060841,22.3376271389162,-45.0546501248962,91.7239378523081,16,MICT02,16_MICT02,MICT,79,145.0,207.5
-5.50116873746679,-4.1179364258756,0.622490335321498,-15.275054744654,23.0446977430208,39.5416066240502,6,MICT06,6_MICT06,MICT,16,111.0,183.0
-2.63362614537033,3.72051832240918,0.263486598803345,-138.654649603892,-95.2893654400194,4.27868368235478,6,HIIT01,6_HIIT01,HIIT,38,111.0,183.0
3.15251877891977,6.44831097611476,-0.691375198125763,-141.451002110103,-152.105751458987,-94.6532494374028,6,HIIT06,6_HIIT06,HIIT,102,111.0,183.0
2.12825577304013,3.49073828550273,-0.120284545429567,-6.52160881331739,-180.483819681109,79.8864995439796,6,MICT06,6_MICT06,MICT,142,111.0,183.0
-2.87588169697359,-3.32020669975301,0.633730167036832,40.139484753771,83.1171179495261,-6.8031924363049,6,MICT04,6_MICT04,MICT,340,111.0,183.0
3.59623259920756,1.66819615743289,-1.36664933255229,-0.918480897385417,-80.4646365592967,74.1591444501821,16,MICT04,16_MICT04,MICT,171,145.0,207.5
0.985731831895385,-3.79323065450278,-1.64703838628935,3.3448998061317,36.1638671140982,-65.1506521747257,16,MICT04,16_MICT04,MICT,219,145.0,207.5
-4.89325540857509,14.0268923462575,1.34475715102278,16.2365060773162,43.8670931351392,-35.4746779688817,16,HIIT03,16_HIIT03,HIIT,350,145.0,207.5
1.67941507831598,-7.82463434083478,-1.94260777195981,20.3955884694653,33.0890496278767,-141.397678989799,16,HIIT05,16_HIIT05,HIIT,231,145.0,207.5
-0.0983868906238195,-5.71184280943713,0.881344951006244,-9.69685023150397,104.774403164098,-109.395707170847,6,HIIT05,6_HIIT05,HIIT,276,111.0,183.0
0.601833696764166,-4.21757177084751,0.0460482297293118,-21.8206352794574,95.1341271959406,-141.362542633573,6,MICT03,6_MICT03,MICT,249,111.0,183.0
3.26533075422848,-5.10793016841737,-2.93849922839883,4.50021609398937,3.86102734460081,-71.1349146761401,16,HIIT04,16_HIIT04,HIIT,208,145.0,207.5
2.13487177776236,4.59309392573763,0.605360599980656,6.67184829256891,-95.0385527664275,75.9380906416673,6,MICT02,6_MICT02,MICT,101,111.0,183.0
1.06538697760249,-3.85824189985573,-1.5541626907157,11.5363378078442,34.7225237570149,-66.1007918406889,16,MICT03,16_MICT03,MICT,221,145.0,207.5
3.63528369220179,-4.99597742718514,-2.70409541473385,68.5556122365557,53.3889702097414,44.865802009778,16,HIIT02,16_HIIT02,HIIT,209,145.0,207.5
-0.480007021697053,2.33687545308841,-0.265234410589227,14.9913324190615,26.9086959729601,20.281184564368,16,MICT02,16_MICT02,MICT,1,145.0,207.5
-0.768895543751353,-8.91383593192898,0.104405986703203,11.7099454667066,55.3306189091946,-196.534563017943,16,HIIT04,16_HIIT04,HIIT,261,145.0,207.5
4.02275507028334,1.38633890366229,-1.76184391494175,3.81322772197927,-85.5739731550877,67.2967271559729,16,MICT05,16_MICT05,MICT,173,145.0,207.5
-1.08748359022134,5.10350583821207,0.437133479657655,-221.729587897861,-142.008914945464,-67.6676724534687,6,HIIT05,6_HIIT05,HIIT,58,111.0,183.0
3.96376525468644,7.12084795346567,-1.15517202455173,-196.662141763684,-180.884951082954,-135.928915283577,6,HIIT03,6_HIIT03,HIIT,106,111.0,183.0
5.13110594707762,-0.340419912407415,-3.15223975211687,-8.32430268242527,-29.7378378245764,26.8709359404187,16,HIIT06,16_HIIT06,HIIT,184,145.0,207.5
-3.76403769838574,4.12139924006812,-0.249445118341802,-19.0246324896301,19.3769960189194,41.0492849499312,6,MICT06,6_MICT06,MICT,18,111.0,183.0
0.738832295794393,-3.96428796660791,0.0178041315186029,-34.7674300855997,84.7718500922777,-145.184268161465,6,MICT06,6_MICT06,MICT,246,111.0,183.0
1.14720338833601,6.66172424170817,-1.60465341720979,-284.092516443264,-188.010507880876,-161.651018861632,6,HIIT01,6_HIIT01,HIIT,81,111.0,183.0
0.375659098772061,-4.57809840909087,1.13152088660406,41.1450897552498,147.538752537485,-81.6675522493096,6,HIIT02,6_HIIT02,HIIT,257,111.0,183.0
0.900056324941191,-3.76922713190777,-0.239986154864596,-19.313758153124,104.424516577879,-116.571094179213,6,MICT06,6_MICT06,MICT,234,111.0,183.0
-0.990522887747102,-5.29803159989604,0.87793151152478,9.08904892996511,99.7961546672434,-83.1735260491465,6,HIIT04,6_HIIT04,HIIT,288,111.0,183.0
4.83610677397476,5.93733065022271,0.673593443901976,-50.922232871158,-121.578213138347,95.8516844491001,16,MICT06,16_MICT06,MICT,121,145.0,207.5
2.70689057759681,5.45309003713617,-2.97912848127488,-225.650458077028,-158.392456979445,-152.107482629972,6,HIIT06,6_HIIT06,HIIT,95,111.0,183.0
-1.53144394503824,-3.61014821530227,0.703747087567212,-11.8082750893515,74.1018519606242,-120.529395084362,16,MICT05,16_MICT05,MICT,302,145.0,207.5
-0.45025515023278,7.6566064271044,1.5153130814749,-296.048105043132,-207.302490899702,-141.522277576445,6,HIIT03,6_HIIT03,HIIT,70,111.0,183.0
1.00588635356905,-2.21840643129071,-1.11322970874126,25.3850284702363,85.3197561301816,-2.71903174320799,6,MICT02,6_MICT02,MICT,207,111.0,183.0
-2.17204166065588,-8.28136249459338,1.12362918743895,14.5986077136635,60.4433988702305,-178.884821972571,16,HIIT05,16_HIIT05,HIIT,284,145.0,207.5
-0.639843306968727,-5.99822588499027,0.108166672188043,35.9279552888998,93.7574917685701,-30.6924649716926,6,HIIT01,6_HIIT01,HIIT,320,111.0,183.0
-0.0921947512703583,-4.80179330078119,1.06338920783656,-15.7992152301059,90.7432513278326,-80.8122998734265,6,HIIT01,6_HIIT01,HIIT,297,111.0,183.0
-2.43778552745503,-6.12519546380226,1.40465704214244,10.1833376015325,59.103868946136,-147.872884305651,16,HIIT06,16_HIIT06,HIIT,310,145.0,207.5
5.03486001733733,6.54301208937315,1.24010149771489,-34.2719410582806,-120.406188236322,103.428263321758,16,MICT05,16_MICT05,MICT,118,145.0,207.5
1.37002276494988,5.9469164038888,0.550392082138982,5.00350213381407,-56.492515058538,93.4297006477204,16,MICT03,16_MICT03,MICT,86,145.0,207.5
-4.96001970815477,4.08753103025697,-0.781114853700458,146.330170181959,147.243080675108,-63.52584349364,16,HIIT02,16_HIIT02,HIIT,39,145.0,207.5
0.638006927176256,5.69519887777926,0.333886544467905,7.10403313507926,-48.9001965352373,88.677528324866,16,MICT03,16_MICT03,MICT,80,145.0,207.5
0.724028997489545,-14.3355547316857,0.912912411287175,28.9558958462184,29.1905007440415,46.3503569497348,16,HIIT02,16_HIIT02,HIIT,354,145.0,207.5
2.73553949385172,5.26003536058661,0.925847054843819,-0.485956866656482,-139.903857257868,88.9200925451778,6,MICT05,6_MICT05,MICT,110,111.0,183.0
-1.3382836171341,-3.88992519129342,0.405420067565979,13.9329046408521,74.2032985478416,-50.9803395057735,6,MICT06,6_MICT06,MICT,325,111.0,183.0
1.21828507668381,-2.86140704448674,-1.01334568657966,17.6673970998622,86.0720020775599,-35.9441356291078,6,MICT04,6_MICT04,MICT,211,111.0,183.0
1.59219038590282,5.23593910124632,-0.0481861711302284,-1.04980505964688,-96.1881784148926,70.5066618124891,6,MICT05,6_MICT05,MICT,88,111.0,183.0
-2.14262114379845,6.05478940639543,0.187218205916759,19.7568973790516,37.7587348226938,0.392910717826829,6,MICT06,6_MICT06,MICT,350,111.0,183.0
0.436289790002851,-4.57517962147432,-1.30511571651246,1.47622503348278,57.4950503055397,-97.1591526201063,16,MICT04,16_MICT04,MICT,232,145.0,207.5
0.684207672629034,-2.68068883482243,-0.667625917512768,15.0003607177389,94.5866487628861,-44.8291776898809,6,MICT01,6_MICT01,MICT,222,111.0,183.0
2.52182780718053,5.39150604677133,0.915600988147844,2.90076199707786,-132.15013761816,92.4409808994239,6,MICT06,6_MICT06,MICT,106,111.0,183.0
-1.44158977980431,-2.95178557496802,0.476333487628311,-29.4911791777827,73.6402659985769,-133.96953099461,16,MICT01,16_MICT01,MICT,306,145.0,207.5
0.110242224144602,-9.87443247957817,-0.945996652443324,23.3958944046613,50.843866364973,-182.859016058735,16,HIIT03,16_HIIT03,HIIT,251,145.0,207.5
0.259279425655262,-3.96132206628687,-0.25032950543652,-39.5171587939146,71.6239888900589,-148.254449350982,6,MICT05,6_MICT05,MICT,263,111.0,183.0
0.155430595600858,7.25532788499626,-1.06685653517679,-321.734450474281,-182.808159001923,-147.659425252087,6,HIIT04,6_HIIT04,HIIT,78,111.0,183.0
-2.91396455707415,-6.17784259812298,1.53970320578702,1.56855036775671,64.5310545474551,-147.366805068288,16,HIIT04,16_HIIT04,HIIT,315,145.0,207.5
-5.16972609446541,12.3050750399917,1.13775349036297,9.92508862047718,38.9534715273323,-33.96551925427,16,HIIT05,16_HIIT05,HIIT,350,145.0,207.5
0.894643683929997,-3.76987314548917,-0.225594257703935,-19.916133636715,103.748065119212,-118.659077483627,6,MICT06,6_MICT06,MICT,235,111.0,183.0
4.32308360039552,11.1492439219149,-5.13199343841913,-3809.70369288305,-2167.16178730809,-829.905189567133,16,HIIT01,16_HIIT01,HIIT,130,145.0,207.5
-5.49926888367684,4.30776381777199,-0.609673958697733,153.077141854983,138.32423871624,-77.9734259297303,16,HIIT01,16_HIIT01,HIIT,36,145.0,207.5
3.41477340399957,6.62110258414365,-0.26114352104161,-140.580890396157,-154.81139259067,-97.0165126541818,6,HIIT06,6_HIIT06,HIIT,106,111.0,183.0
1.73281236904776,-6.19525946587554,-1.8776451054208,150.036934974865,56.1033431156773,105.547199668391,16,HIIT01,16_HIIT01,HIIT,225,145.0,207.5
2.69227455463404,4.58069607723658,0.975474396483376,4.92161848938849,-167.829438879202,100.647695576428,6,MICT06,6_MICT06,MICT,129,111.0,183.0
-0.2271249020568,-5.52081628474077,0.995407969594316,-15.4046778998249,106.415829757752,-116.657164521087,6,HIIT06,6_HIIT06,HIIT,274,111.0,183.0
-4.58445249422768,7.10707666816258,0.433524399605618,-73.0073374784524,-17.0444873834746,40.270629581303,6,HIIT05,6_HIIT05,HIIT,22,111.0,183.0
4.11018998340682,-4.18301079097612,-2.94369120714297,12.4489733216495,-2.97568223258185,-53.6358822815519,16,HIIT05,16_HIIT05,HIIT,204,145.0,207.5
2.64353342448687,-1.64489920013545,-2.11581392903211,382.138674417286,-44.5306764804317,373.71397841083,6,HIIT03,6_HIIT03,HIIT,183,111.0,183.0
2.59085479228243,4.10073581361061,0.783176382983819,-11.1244704478941,-187.10690426572,81.9379069553676,6,MICT06,6_MICT06,MICT,136,111.0,183.0
4.69415614743636,-1.67273605171525,-2.93694557817282,5.41171966743184,-22.0062447697527,-0.148592373004804,16,HIIT05,16_HIIT05,HIIT,191,145.0,207.5
-0.828942573661195,-4.99233650852214,-0.0550397759757078,-1.30782834016552,84.4531276888167,-141.365220553425,16,MICT02,16_MICT02,MICT,264,145.0,207.5
3.45691375961532,7.2019566896485,1.47791590150241,-201.314210042161,-156.297992509961,-161.595031411211,6,HIIT06,6_HIIT06,HIIT,122,111.0,183.0
0.869626834387698,-5.11225274206194,1.13753734410688,146.439975480649,218.185760085543,29.9890709323016,6,HIIT03,6_HIIT03,HIIT,235,111.0,183.0
-4.63069101952522,19.6965608383835,-0.288873782934684,32.9072903354268,58.8259529761527,1.9960737844272,6,MICT04,6_MICT04,MICT,346,111.0,183.0
-6.24406702681418,-10.2564429447939,1.23631131172512,20.9106778123188,29.7176106288802,65.4118036696983,6,MICT05,6_MICT05,MICT,15,111.0,183.0
-3.84303172248617,5.97696373660794,-0.205340582216808,6.6253372080982,17.2289298546646,56.6174526125283,6,MICT02,6_MICT02,MICT,20,111.0,183.0
2.36543164883302,4.84092220897378,0.740654570357069,1.4438142641804,-124.470213759179,88.4716188845452,6,MICT04,6_MICT04,MICT,112,111.0,183.0
2.5809162532606,4.76322638932138,0.798259503767214,-15.1167999594127,-161.804021756833,77.9881693416944,6,MICT05,6_MICT05,MICT,117,111.0,183.0
2.59323716793941,5.59273271509563,0.56419941907304,3.84777515487518,-106.952657972851,85.9792446777376,6,MICT03,6_MICT03,MICT,99,111.0,183.0
0.734454437949785,-5.36724805038933,0.762777362656772,34.045610663329,152.352970632167,-89.6497686369769,6,HIIT01,6_HIIT01,HIIT,254,111.0,183.0
7.30840270872222,2.12067277183166,-2.81887039056028,-224.362301531127,26.5095176361709,-200.70521954364,16,HIIT02,16_HIIT02,HIIT,171,145.0,207.5
2.98301366283744,5.61440994192235,-2.48504081957174,-177.206938779721,-153.60047360567,-118.733367047313,6,HIIT06,6_HIIT06,HIIT,98,111.0,183.0
-4.12138543483251,3.42175296451612,0.509521345403085,-81.9458948051441,-29.8283358016294,37.1746124256716,6,HIIT02,6_HIIT02,HIIT,24,111.0,183.0
-3.0001649259681,4.21060208667611,0.32072320709453,-141.281375562687,-96.0949283282779,6.83281733143132,6,HIIT01,6_HIIT01,HIIT,37,111.0,183.0
6.97419557100986,10.3482954465951,1.26500909892065,-52.9247709705148,-111.382395872447,156.217851436191,16,HIIT05,16_HIIT05,HIIT,116,145.0,207.5
-0.431382920153988,-2.10467036967187,0.394542196764836,-34.3363862256976,62.9702360951199,-87.723820885533,6,MICT05,6_MICT05,MICT,307,111.0,183.0
-3.28999640831043,6.7303847357061,-0.427124476381888,7.74580980704063,15.8632562637402,67.0549258013015,6,MICT05,6_MICT05,MICT,21,111.0,183.0
5.49347735335873,-0.855395925935391,-3.51301121218061,-7.32556216121515,-27.3516816717913,19.2100247884212,16,HIIT06,16_HIIT06,HIIT,186,145.0,207.5
-2.24642505722782,-6.23245588514474,0.510977899088101,10.5429180040362,16.1795764367531,25.271879566946,6,MICT02,6_MICT02,MICT,7,111.0,183.0
-1.43555065586374,2.34795542058654,-0.852808334758955,-13.7361258640638,-25.1426810230093,58.7847160155803,6,MICT03,6_MICT03,MICT,39,111.0,183.0
3.32753702226538,7.08032675262563,1.48152406964887,-165.0590604873,-161.071520838642,-120.936537787168,6,HIIT05,6_HIIT05,HIIT,117,111.0,183.0
6.5097561222132,10.4613075903266,1.11320085287619,-52.1683581688031,-108.847016602132,155.3946882651,16,HIIT05,16_HIIT05,HIIT,113,145.0,207.5
-1.94145518848657,3.74224441298162,0.255988697998843,-140.018742929959,-89.9714238060114,10.8430787825334,6,HIIT06,6_HIIT06,HIIT,42,111.0,183.0
8.21969676336821,7.69301928279885,-0.405553579771319,-403.798889151821,-101.821486522147,-300.32379884524,16,HIIT02,16_HIIT02,HIIT,144,145.0,207.5
1.08076627293532,-1.12485621544636,-1.32624968359247,31.8203176709265,14.17460225816,35.7633483310755,6,MICT05,6_MICT05,MICT,185,111.0,183.0
6.1183650211998,0.845285474031243,-3.18342977331757,-7.45448925945105,-52.3121909301368,48.9152285140297,16,HIIT05,16_HIIT05,HIIT,178,145.0,207.5
-2.77066491841042,11.28571901179,-0.0047713694309009,21.4298358985103,41.3774022639054,-0.098161409202054,6,MICT06,6_MICT06,MICT,349,111.0,183.0
3.0209136823058,0.689185241824091,-1.59389828030964,4.10454845034336,-66.1017558187143,57.9032839818732,16,MICT02,16_MICT02,MICT,179,145.0,207.5
-3.1532366422566,-3.85044198366187,1.65565189553968,-25.1909608468449,70.6107053422976,-91.2516583380926,16,MICT05,16_MICT05,MICT,330,145.0,207.5
-4.56596607902066,3.03832677631633,0.733489068619894,-103.764308599798,-57.4773591174898,26.8586887338175,6,HIIT03,6_HIIT03,HIIT,28,111.0,183.0
-0.640474403254799,-4.23840019250572,0.24005047142204,14.2418541395871,88.0263738175104,-47.3071460118163,6,HIIT05,6_HIIT05,HIIT,316,111.0,183.0
-0.238031794141021,4.29070650644994,-0.144310131943036,10.6771520274288,-43.2435894842197,64.258103873108,6,MICT03,6_MICT03,MICT,64,111.0,183.0
6.24020434325749,10.5774143003411,1.02476826587346,-52.9157406529789,-108.498548130753,154.025849598739,16,HIIT05,16_HIIT05,HIIT,111,145.0,207.5
-1.95184545774193,-8.97560027392973,0.750349296160955,32.1390408959546,79.7715731823725,-16.5705710681227,6,MICT04,6_MICT04,MICT,337,111.0,183.0
7.64192901060941,10.461426943223,1.27565562605497,-50.6614522404262,-122.770752892838,163.46586546553,16,HIIT04,16_HIIT04,HIIT,120,145.0,207.5
-4.24887835855219,9.25645036671809,0.315681948901791,-54.0599456349058,-11.275624647143,49.9857883025225,6,HIIT06,6_HIIT06,HIIT,20,111.0,183.0
-1.36892476634287,6.25044942905718,0.402990340342413,5.9607369370454,8.6265117062478,31.0734699245444,6,HIIT01,6_HIIT01,HIIT,3,111.0,183.0
0.0091486025532993,7.44687662041164,-0.570521839726722,-321.302024287774,-182.079995442154,-144.913457870729,6,HIIT04,6_HIIT04,HIIT,77,111.0,183.0
-3.34610497068495,-6.73879141087793,1.06700468766258,35.147635436305,92.9944772122333,-17.7256148482594,6,HIIT04,6_HIIT04,HIIT,333,111.0,183.0
-2.08230913820409,-8.29307735272236,1.05205060771644,9.95495797057229,59.5331273246112,-191.555711615622,16,HIIT04,16_HIIT04,HIIT,280,145.0,207.5
-3.17499522329833,-6.20430120735338,2.24016782277174,67.9654097902533,-138.467492156614,-153.516089656257,16,HIIT01,16_HIIT01,HIIT,312,145.0,207.5
-3.71900323182436,-8.77312803574879,1.74809779505787,-25.3476996371996,72.3090776218159,-79.5559125789176,16,MICT03,16_MICT03,MICT,338,145.0,207.5
-0.347858964501505,-5.24400627785009,-0.465177563897406,22.6575005693433,73.2065471839769,-120.229391083698,16,MICT06,16_MICT06,MICT,253,145.0,207.5
-0.585869502999439,3.44492168325374,-0.253082626756323,14.9076741701522,-33.4241403698238,56.6595256103379,6,MICT02,6_MICT02,MICT,65,111.0,183.0
0.931536370875633,-3.80200677320569,0.0084782229623922,-23.138882418998,99.19477137844,-127.469657683939,6,MICT06,6_MICT06,MICT,239,111.0,183.0
1.87785729872592,-2.77307296436818,-1.64418357443921,586.178182485671,25.2958121974674,561.449005647602,6,HIIT03,6_HIIT03,HIIT,194,111.0,183.0
-8.01690581624954,30.9664926651159,0.28935832986754,78.091686889774,72.6777314644407,34.736801048677,6,HIIT06,6_HIIT06,HIIT,346,111.0,183.0
3.24848290935992,6.12455467779132,0.737419333362031,-5.45346246659412,-80.7149304626599,102.052446733621,16,MICT05,16_MICT05,MICT,102,145.0,207.5
0.543691511488622,-5.49203771751426,-1.34012159425917,132.083568740568,172.049819170094,5.65506374047567,6,HIIT06,6_HIIT06,HIIT,244,111.0,183.0
1.89452893578073,-1.44508391533495,-1.81863536129685,9.61917934743198,-17.8200904640581,5.82422561144553,16,MICT02,16_MICT02,MICT,197,145.0,207.5
3.523887179448,5.26882182208232,-0.187534188405098,-197.124182684148,-172.046060289782,-155.763353856076,6,HIIT02,6_HIIT02,HIIT,123,111.0,183.0
2.73844952985682,3.71652457014278,0.139973644224738,-19.310458975152,-180.887658802399,64.9953376689988,6,MICT03,6_MICT03,MICT,144,111.0,183.0
-4.68823337146054,19.5548606420669,-0.432919066101334,30.6391258138895,59.3863367051624,5.63279919360472,6,MICT05,6_MICT05,MICT,346,111.0,183.0
3.93009750084367,1.14017507431467,-1.70558105074347,-109.455496271905,-70.167183928879,-103.784191814663,6,HIIT06,6_HIIT06,HIIT,163,111.0,183.0
-5.09796328233743,2.96737476630998,-0.380451520410824,42.634088833562,31.9291274619486,77.5780812780295,16,MICT03,16_MICT03,MICT,24,145.0,207.5
0.0896717442758655,-3.71411119767656,-0.344667639334876,-39.3028416699162,68.026227331001,-145.710488676874,6,MICT06,6_MICT06,MICT,263,111.0,183.0
-10.6226421926125,-34.5971595505611,4.54836464022001,-8.25998280690782,16.2966526827496,42.2050475678048,6,HIIT04,6_HIIT04,HIIT,11,111.0,183.0
0.39635791669565,-4.22323569484861,1.03134528629894,132.370610295196,200.15029422837,17.2781737790471,6,HIIT02,6_HIIT02,HIIT,240,111.0,183.0
3.61975045006562,-4.33693685171841,-3.07102381557098,2.72488545987367,-1.25061927601676,-54.7940557657428,16,HIIT04,16_HIIT04,HIIT,204,145.0,207.5
3.33234702348139,-2.65911552913028,-2.36481808308042,387.88735686241,-19.1752659243519,330.976259172996,6,HIIT04,6_HIIT04,HIIT,191,111.0,183.0
-4.93049633370122,0.0927217118401296,0.100320747844743,-6.95084527005227,20.8410834748308,56.6718875636952,6,MICT03,6_MICT03,MICT,17,111.0,183.0
8.31861431892898,9.07394605975244,0.126503596587728,-48.9809888849654,-121.668437082004,160.203556946296,16,HIIT04,16_HIIT04,HIIT,135,145.0,207.5
0.84698425722376,-2.33668181887125,-0.734014479974717,33.6329461103805,91.2224450266973,-7.87820062605041,6,MICT01,6_MICT01,MICT,213,111.0,183.0
1.41845739288406,-2.59492027976617,-1.4355676606077,484.878166920757,51.4667687141254,447.952377676821,6,HIIT02,6_HIIT02,HIIT,196,111.0,183.0
2.97546416424638,-0.36747871263633,-1.85163473859403,15.0312433992097,-45.9100380636372,35.9162013346077,16,MICT05,16_MICT05,MICT,186,145.0,207.5
-0.0674775133990804,-9.07462403073614,-0.0218984100452947,58.6856301434836,48.334508869004,26.430484616568,6,HIIT03,6_HIIT03,HIIT,353,111.0,183.0
0.218192006052245,4.24509651744892,0.0444292661634567,2.56942892573277,-53.7636228294209,58.2637772736464,6,MICT05,6_MICT05,MICT,68,111.0,183.0
2.26939788935461,3.26565222977594,0.221139971278742,-20.4123214994281,-166.302902303322,59.4024399604481,6,MICT04,6_MICT04,MICT,146,111.0,183.0
-0.0572372217375772,-4.00302034894098,1.42023246623096,-32.2197965170386,62.1834797804053,-118.973892306707,6,MICT04,6_MICT04,MICT,281,111.0,183.0
-1.53722621783921,-4.9518169233765,0.693377390848719,-6.07719804506764,82.0601277735689,-140.527918850214,16,MICT02,16_MICT02,MICT,282,145.0,207.5
-18.940025632061,-49.9352803970606,3.67888762729806,31.9174623521814,45.9674232215354,39.3726821687572,16,HIIT03,16_HIIT03,HIIT,10,145.0,207.5
0.918132679464341,-8.4257858716743,-1.46017739762607,14.430999934163,43.6317923003943,-165.635484838461,16,HIIT04,16_HIIT04,HIIT,239,145.0,207.5
-2.39815558620304,-5.41148393803623,0.844717297342967,16.578256565662,88.9889976844327,-37.0721956223357,6,HIIT04,6_HIIT04,HIIT,327,111.0,183.0
1.68746967926173,6.40947020728405,0.545944843162991,1.20901341667115,-64.3520586351732,96.3009086516776,16,MICT05,16_MICT05,MICT,88,145.0,207.5
2.33947760922276,-0.918926929291372,-1.84579019244688,9.4549378614942,-26.485428430502,23.8263818837775,16,MICT04,16_MICT04,MICT,191,145.0,207.5
3.82381056618055,10.641255802396,1.19481414882873,-45.0176513422964,-89.63714243063,145.834142799326,16,HIIT05,16_HIIT05,HIIT,97,145.0,207.5
-7.42334637590532,-24.7718621757336,3.11765253836353,-21.3139875168876,7.20775949419788,25.9786891738096,6,HIIT02,6_HIIT02,HIIT,10,111.0,183.0
2.39625099636955,4.65727975282603,0.474345627642271,-15.4193691648031,-167.343744688455,77.8825727975146,6,MICT05,6_MICT05,MICT,120,111.0,183.0
1.47661800490832,1.90143036898527,-1.13883856830544,-17.2770521530453,-140.478884876603,45.0570894476646,6,MICT04,6_MICT04,MICT,156,111.0,183.0
-1.56644620135459,-3.55707941461194,0.808833079145815,-14.1485383140411,76.2700053428673,-121.959938006409,16,MICT05,16_MICT05,MICT,306,145.0,207.5
0.669290543670835,-4.98122006120211,10.0456453177033,3005.39155451578,1412.44784801669,1407.77976273686,16,HIIT01,16_HIIT01,HIIT,279,145.0,207.5
-0.657658971936843,4.93399191184426,-0.0052963238504547,26.6941003258204,-29.9813138396885,83.7051918492322,16,MICT02,16_MICT02,MICT,68,145.0,207.5
0.701617325708643,-4.43619257722812,-0.806556187625391,377.848172768953,188.692827524557,306.287857576306,6,HIIT01,6_HIIT01,HIIT,216,111.0,183.0
-1.10738714893603,3.61672742615741,-0.275717665883405,19.2400112994991,27.0108522323321,24.1670526019928,16,MICT05,16_MICT05,MICT,4,145.0,207.5
-5.77228374762372,-7.55284842286523,3.11675602129857,16.0769795298616,75.4199015929004,-114.770385760941,16,HIIT06,16_HIIT06,HIIT,330,145.0,207.5
0.0812450659948245,-6.26750933257119,0.759056582442206,-46.4779278667937,96.9680836346163,-128.217552054599,6,HIIT01,6_HIIT01,HIIT,284,111.0,183.0
2.54250806521328,3.81441421212478,1.09807832159068,0.543695812812633,-144.991206110692,84.5835565246402,6,MICT01,6_MICT01,MICT,137,111.0,183.0
-0.468168419420766,-10.0514940926579,-0.288754988891914,24.0910868230894,60.7970865438192,-193.223810044117,16,HIIT06,16_HIIT06,HIIT,258,145.0,207.5
-0.760065587625649,-5.00457400900759,1.27716249757896,-21.6646021953661,94.3591351027661,-98.2213812276753,6,HIIT06,6_HIIT06,HIIT,289,111.0,183.0
3.34091112974149,1.28367748186022,-1.46247332834888,0.655674390425589,-79.3328872566432,69.8021296374325,16,MICT02,16_MICT02,MICT,174,145.0,207.5
4.92512553296366,5.99006137065868,1.10920233259709,-50.3323986201845,-132.101192267202,94.6399216229414,16,MICT03,16_MICT03,MICT,125,145.0,207.5
-1.0046968805915,-8.93951260294922,0.131092852396057,19.9466453703696,53.69477240839,-184.403335333378,16,HIIT03,16_HIIT03,HIIT,265,145.0,207.5
-2.82030769160373,6.52057177515318,0.172066216037285,3.78000458096174,-2.60297517395207,116.794468731056,16,HIIT05,16_HIIT05,HIIT,53,145.0,207.5
-0.908071755576795,2.58280785230583,-0.143309271882357,13.3566022451593,20.1307987881285,24.3469826853834,6,MICT02,6_MICT02,MICT,2,111.0,183.0
1.56910799695579,1.80489813905693,-0.803807188170362,18.8620206167347,-117.089927587863,70.3899136677518,6,MICT05,6_MICT05,MICT,159,111.0,183.0
-1.22868357324682,-5.48225178035425,0.488649514435158,32.9294698313793,87.0928235328065,-26.4278072023547,6,HIIT05,6_HIIT05,HIIT,323,111.0,183.0
-4.46418607696369,1.98869480645791,-0.328015303525915,30.3269647017948,19.8105543449154,74.1356759323672,16,MICT04,16_MICT04,MICT,28,145.0,207.5
-0.495276322880401,-3.43058301268343,1.19863154959167,-21.8242464323735,81.4142110975657,-91.2806382323889,6,HIIT02,6_HIIT02,HIIT,300,111.0,183.0
2.04190949222928,-3.36734119042028,-1.94709784653177,601.324428157803,24.8923747610842,551.503351155588,6,HIIT05,6_HIIT05,HIIT,196,111.0,183.0
1.29554694896128,1.12448287182388,-0.977555572369125,33.0990566301467,-74.6991548571297,78.1455593316515,6,MICT02,6_MICT02,MICT,170,111.0,183.0
-0.900927261931204,-6.6422309823912,0.55446093887504,-9.472808519659,29.3411570544828,-26.346091938128,16,MICT04,16_MICT04,MICT,353,145.0,207.5
1.52179526871813,4.93283349441122,-0.0731118284240827,0.410395443321001,-93.7506935362581,70.2026257949244,6,MICT05,6_MICT05,MICT,89,111.0,183.0
0.250659632116146,6.51033644440873,-2.05163655273254,-323.840360291545,-186.21176461837,-182.554896419402,6,HIIT05,6_HIIT05,HIIT,77,111.0,183.0
-2.9967598655046,6.23474619569127,0.111361674429678,5.62012642140427,1.11156381186353,116.037378718171,16,HIIT05,16_HIIT05,HIIT,51,145.0,207.5
0.244019099554731,-3.97031042242094,-0.205779508007427,-47.0253920862653,66.2717109334842,-156.727716669473,6,MICT06,6_MICT06,MICT,261,111.0,183.0
-2.57380879121497,-5.96966881400934,1.40589518685139,-0.194712044679437,62.1971463825455,-154.798593499342,16,HIIT04,16_HIIT04,HIIT,311,145.0,207.5
-9.38025091356686,-29.4088905855805,4.15644312485842,-19.0831881824138,11.4030373475735,39.7485306402587,6,HIIT05,6_HIIT05,HIIT,12,111.0,183.0
1.65273816898465,-3.70148890923854,-2.07889898836191,634.519899217504,71.8773581851186,574.434734360068,6,HIIT05,6_HIIT05,HIIT,202,111.0,183.0
-5.448437967181,10.0441410024543,0.571142811722008,49.1521368966421,94.1900424850094,-1.26727981010628,6,HIIT02,6_HIIT02,HIIT,342,111.0,183.0
-0.746050998284487,-3.86736550985874,0.431743154861382,-6.27966955586207,89.9826400499076,-61.5139457620307,6,HIIT06,6_HIIT06,HIIT,314,111.0,183.0
7.24535804645547,5.2977053391401,-1.79691329214839,-31.6135047420171,-89.9665527477767,115.49730836698,16,HIIT06,16_HIIT06,HIIT,158,145.0,207.5
4.28572613388012,5.12349303036053,-0.331488864907823,-322.288992014821,-148.505959033442,-280.33058411952,6,HIIT03,6_HIIT03,HIIT,136,111.0,183.0
-2.76841487653042,-6.25984856852196,1.37322348803311,12.7192492106468,63.8692497616215,-145.661633134876,16,HIIT03,16_HIIT03,HIIT,312,145.0,207.5
-2.60710850683911,-6.12226664058624,1.3085621134287,12.8856931197165,63.3110787227399,-148.120010804475,16,HIIT03,16_HIIT03,HIIT,310,145.0,207.5
4.8945661438652,4.30159953817663,-0.248530470947901,-30.0640724728359,-132.352992348665,97.8745249168487,16,MICT04,16_MICT04,MICT,148,145.0,207.5
-0.513038966177327,5.70021017885119,0.190501717326638,12.1046842504355,-36.8132810688765,87.0865907017881,16,MICT05,16_MICT05,MICT,72,145.0,207.5
-6.08718054652597,5.73983185718019,-0.102532770130164,22.1498619463271,35.6161351017815,104.662434386447,16,HIIT05,16_HIIT05,HIIT,33,145.0,207.5
-0.101939580746813,8.32454157621249,0.0025939173207956,71.0517569369515,142.629028966404,-18.3453423639436,16,HIIT01,16_HIIT01,HIIT,77,145.0,207.5
0.0482797320374302,-5.15631516721195,-0.841389111081476,21.7322933283237,66.154713920772,-108.956176876647,16,MICT06,16_MICT06,MICT,244,145.0,207.5
-3.31804218524717,5.91575965110851,0.0039988014411456,8.18765726606835,6.39354767197938,114.926071840965,16,HIIT05,16_HIIT05,HIIT,48,145.0,207.5
-5.49047898555518,16.1214365890476,-0.118752101178742,17.0733887790499,60.5521201217629,-17.935416479117,6,MICT01,6_MICT01,MICT,345,111.0,183.0
6.12780917063369,2.1809856332199,-2.85912629149095,-17.2687549440013,-54.3104443562608,79.6688159961031,16,HIIT04,16_HIIT04,HIIT,172,145.0,207.5
-2.63725818170025,-5.52130931227037,1.40845273687853,93.5740830889898,132.77401778222,110.853495894703,16,HIIT02,16_HIIT02,HIIT,309,145.0,207.5
0.735002768511529,-3.69712838985465,0.0430584042921718,-32.4575060852752,83.5772831102637,-138.852230375975,6,MICT06,6_MICT06,MICT,245,111.0,183.0
-0.743223527536567,3.00743085281416,-0.278549704518177,-1.88950591888807,17.904197914944,22.7365204617864,6,MICT03,6_MICT03,MICT,2,111.0,183.0
-2.61664717511478,3.01048247777165,-0.61784529346825,41.056263163272,6.17222906915239,85.4817420084135,16,MICT02,16_MICT02,MICT,37,145.0,207.5
-1.35804664458081,7.46916689998615,-0.139429665948483,85.5212064856476,143.416085051803,-21.4124191529969,16,HIIT02,16_HIIT02,HIIT,67,145.0,207.5
0.687334676243741,-5.68912386191413,-0.9069384046612,102.540132713892,206.798472546359,-21.9071655453523,6,HIIT03,6_HIIT03,HIIT,240,111.0,183.0
-0.616253553578193,-5.42341189236048,1.07810987637352,4.53038390922984,107.926983095191,-89.1573446594538,6,HIIT06,6_HIIT06,HIIT,282,111.0,183.0
-3.34436557138428,7.2034228599413,-0.449538635989904,10.539921719202,19.1382603311247,68.1322283223596,6,MICT05,6_MICT05,MICT,20,111.0,183.0
-0.957517083465668,-9.96695366047537,-0.149555078599039,22.064024819981,61.1390443920347,-197.261936391484,16,HIIT06,16_HIIT06,HIIT,265,145.0,207.5
4.04666848958857,4.68324619711227,-0.245155889022895,-327.241851735325,-116.277604035548,-291.74787498373,6,HIIT06,6_HIIT06,HIIT,140,111.0,183.0
-0.984331682787037,3.30136484379412,-0.370800691823605,15.5327895212424,23.8055186801296,20.738179965516,16,MICT02,16_MICT02,MICT,4,145.0,207.5
3.5082331336551,5.18016567101087,0.453412390859864,-212.522217531211,-166.688451833305,-176.654602844069,6,HIIT02,6_HIIT02,HIIT,129,111.0,183.0
1.1224239445839,-4.61962448130216,-1.19990702300393,533.506028520349,198.877457769332,467.024604386152,6,HIIT03,6_HIIT03,HIIT,213,111.0,183.0
3.26077993081286,5.84147072899869,-0.359451738442242,-117.632095146647,-164.93880062456,-70.9056595791738,6,HIIT02,6_HIIT02,HIIT,109,111.0,183.0
-0.611176271346577,-3.55806056917375,0.647553155247065,-46.4294515765093,59.9460319113292,-114.993538996314,6,MICT05,6_MICT05,MICT,293,111.0,183.0
1.17735397435378,0.513527391878207,-0.992021886623378,42.2168798457278,-53.1213312061889,73.7276751628931,6,MICT01,6_MICT01,MICT,176,111.0,183.0
-4.67859637642972,11.5470571474274,0.960019759015005,30.090179843209,32.8547402232488,48.3302814560056,16,HIIT02,16_HIIT02,HIIT,350,145.0,207.5
-1.96671545500481,2.93631064540485,-0.368430992778749,15.6617996278351,7.3181656438847,76.3047785724014,16,MICT06,16_MICT06,MICT,45,145.0,207.5
1.856009996603,1.49415728100538,-1.09257003524006,31.5226076503817,-105.275749469076,81.4589012294106,6,MICT03,6_MICT03,MICT,163,111.0,183.0
-3.93934816998456,5.53247767952801,-0.081996903975695,6.61368455077137,6.39495426961204,103.214805363905,16,HIIT03,16_HIIT03,HIIT,42,145.0,207.5
-0.206395373022347,1.13287744356033,-0.0475843821900819,2.71649850611314,21.0386113418426,15.0877750848409,6,MICT01,6_MICT01,MICT,0,111.0,183.0
-0.445496660682381,2.27806187449452,-0.737811997494863,-1.30656810944264,-17.9325301647497,49.8742235910091,6,MICT06,6_MICT06,MICT,47,111.0,183.0
-1.73682871081798,-4.31307349279157,0.867781388044366,-10.5902338535514,77.5043988414324,-128.660082186899,16,MICT05,16_MICT05,MICT,298,145.0,207.5
0.680756116940082,-4.551227106167,-0.25580964380755,208.336816304942,192.730924960216,89.2500496075211,6,HIIT05,6_HIIT05,HIIT,233,111.0,183.0
0.783571943849778,-5.00363951661785,0.0576887742198524,299.015955178807,247.969156400143,196.232546956018,6,HIIT03,6_HIIT03,HIIT,227,111.0,183.0
3.66119149700407,1.55045633430993,-1.40190492487215,-164.26228837649,-86.0527845583587,-147.919312975843,6,HIIT03,6_HIIT03,HIIT,161,111.0,183.0
-1.0480775931136,4.52309948268665,-0.020895582048679,30.4624029794624,-23.5175888711751,83.2614041972009,16,MICT02,16_MICT02,MICT,64,145.0,207.5
-0.711897922909293,-4.00271313507207,0.828178877465462,-18.9088646846282,90.1977621455475,-80.9108060701195,6,HIIT06,6_HIIT06,HIIT,300,111.0,183.0
-2.10033490891389,-7.32256318311833,1.15495433597351,11.8102570470754,58.0842070783646,-171.395140614212,16,HIIT06,16_HIIT06,HIIT,292,145.0,207.5
1.24219738309868,-2.95310817480847,-1.31909384709973,26.2391536804871,14.227900158367,-42.3958617894922,16,MICT01,16_MICT01,MICT,216,145.0,207.5
3.52928478679303,2.60269730473587,-0.878907656568685,-195.568475388189,-116.195204534731,-184.737497117188,6,HIIT02,6_HIIT02,HIIT,153,111.0,183.0
7.0474147455132,4.82570141310394,-2.05424689502549,-27.0515338508288,-78.9790093388616,120.40144645834,16,HIIT04,16_HIIT04,HIIT,160,145.0,207.5
-0.668037710709797,-3.81409396132097,0.764998587340247,-19.8041505232525,89.2776547902453,-79.4709909220792,6,HIIT06,6_HIIT06,HIIT,302,111.0,183.0
-0.707837805585122,3.59341234652879,-0.354732227912569,14.7644181018869,-33.2972641038836,57.9206798446362,6,MICT02,6_MICT02,MICT,64,111.0,183.0
-11.5190037780214,-25.2025816396381,2.7995486495086,14.3879414771359,39.7178776671607,41.0113275918257,16,MICT01,16_MICT01,MICT,13,145.0,207.5
-1.12756980769069,5.19358891325704,0.534510412792954,-154.787272547511,-129.949777429415,-23.9609578839975,6,HIIT01,6_HIIT01,HIIT,55,111.0,183.0
7.70413670858749,5.95266308660941,-1.76014983787461,-38.1771169451319,-104.657199018189,122.86113156772,16,HIIT05,16_HIIT05,HIIT,153,145.0,207.5
-0.41941766527207,-4.05757473943798,0.253217051665962,7.25593252564512,86.9524885916419,-53.7018292907608,6,HIIT05,6_HIIT05,HIIT,313,111.0,183.0
1.38629130209221,6.28046721259462,-1.50419765928931,-250.953733664665,-183.355638494517,-138.243252318177,6,HIIT02,6_HIIT02,HIIT,85,111.0,183.0
1.36863295171406,-7.88381117295947,-2.34799949893745,12.1086914064521,35.2594688007772,-149.053315974911,16,HIIT06,16_HIIT06,HIIT,232,145.0,207.5
1.17324034990293,-3.20249743022922,-0.532763574904541,18.1791396529197,109.97962486781,-45.8906433123663,6,MICT03,6_MICT03,MICT,216,111.0,183.0
3.2245897091021,-2.92174121476598,-2.45639545608966,419.866053600313,-9.53494977853921,358.889970608524,6,HIIT04,6_HIIT04,HIIT,193,111.0,183.0
2.67109304346152,4.47420620742524,0.561700077287215,-9.18450686554612,-156.824097499969,82.7179257365845,6,MICT02,6_MICT02,MICT,129,111.0,183.0
-1.62916997481021,-4.09964829854358,0.843780630178239,-9.57499024309949,74.9067354036345,-124.622096206643,16,MICT05,16_MICT05,MICT,297,145.0,207.5
-1.98152406631514,-4.36003513388053,0.499320057725319,16.2678471553238,74.2042257578406,-34.686193487701,6,MICT04,6_MICT04,MICT,332,111.0,183.0
0.383103300805593,-8.86693497137096,0.499208912304855,19.5898302017987,37.5845921943541,5.3437101525476,6,MICT06,6_MICT06,MICT,355,111.0,183.0
-2.42692787710051,-6.64246417002543,1.64169800039516,6.23846083849839,62.2210948530682,-170.039778400324,16,HIIT04,16_HIIT04,HIIT,298,145.0,207.5
2.05326130680984,1.95219191746137,-0.928613132352335,23.9169057399356,-122.115453554388,81.3120200806451,6,MICT03,6_MICT03,MICT,159,111.0,183.0
-0.908059552883863,-4.00976681610192,0.443332854574172,-2.99891812545373,90.3899086053762,-58.0688766159404,6,HIIT06,6_HIIT06,HIIT,316,111.0,183.0
-0.413856830919828,-7.01988232189377,0.246141465295204,26.7169023947031,41.0329423411659,6.4619996553589,6,HIIT02,6_HIIT02,HIIT,353,111.0,183.0
-1.21986694633238,-4.58223855235921,0.491438599848464,-8.05192786038658,73.1930400462215,-141.726742575401,16,MICT01,16_MICT01,MICT,269,145.0,207.5
4.60979245520502,8.41074576348488,2.7489048114917,-5.79392650727883,148.910666930898,35.7013349532345,16,HIIT01,16_HIIT01,HIIT,94,145.0,207.5
-1.81522367780502,-5.03299420402192,0.764912972475279,-6.45421295073387,79.5739631592593,-135.6394349752,16,MICT05,16_MICT05,MICT,290,145.0,207.5
1.28505944774379,-2.52786768451916,-1.2414616870796,27.1267709011305,7.59420694905716,-31.4896073814196,16,MICT01,16_MICT01,MICT,213,145.0,207.5
1.05217118886728,-4.21494637365186,-1.17509643962315,526.769404106436,184.648233176729,465.186579958684,6,HIIT03,6_HIIT03,HIIT,212,111.0,183.0
1.2167448530611,-8.18419823523268,-1.75565580727973,21.4931759145136,42.5107757590111,-159.481879625253,16,HIIT05,16_HIIT05,HIIT,239,145.0,207.5
-3.4351075622827,4.1607944694768,-0.550719274276702,-14.4390242431978,13.0598410229931,47.4764929098255,6,MICT04,6_MICT04,MICT,23,111.0,183.0
2.51022592084319,6.13349422144232,0.850364200827677,-1.94042628558079,-69.2737005995185,98.5144257500386,16,MICT03,16_MICT03,MICT,95,145.0,207.5
1.19164486379627,-2.50223665762989,-0.715472393771118,8.83760655370441,89.0539112515692,-34.9331628551932,6,MICT05,6_MICT05,MICT,207,111.0,183.0
2.82571373432578,4.08678671275394,0.204495087104591,-19.3146994266726,-182.380638359232,70.2378639547826,6,MICT03,6_MICT03,MICT,140,111.0,183.0
2.31200212425778,3.04427362022128,0.406361173442249,-23.2496882372716,-164.451280355955,52.8524359161546,6,MICT04,6_MICT04,MICT,149,111.0,183.0
-1.35985860284417,-3.63117064323145,0.424526563848227,15.852218803813,72.839469515928,-46.907326430746,6,MICT06,6_MICT06,MICT,326,111.0,183.0
-4.95294014962123,4.30754446771021,0.937798210463206,-82.5221893878945,-38.8389949528452,33.218895539361,6,HIIT03,6_HIIT03,HIIT,24,111.0,183.0
1.69574395213158,6.8184954894687,-1.27950421108015,-298.111318410547,-176.64182317328,-191.685044764017,6,HIIT05,6_HIIT05,HIIT,88,111.0,183.0
-0.155046284097664,-9.03289667445893,-0.55960695087669,24.8570439364673,59.3292786241113,-180.32615432945,16,HIIT06,16_HIIT06,HIIT,255,145.0,207.5
-7.25700425513105,6.09786540274256,-0.2563898783281,24.1139946111577,42.0755803571275,103.865551341833,16,HIIT06,16_HIIT06,HIIT,31,145.0,207.5
0.387150487154271,-4.26533775483356,0.404300199045088,176.977670300521,214.380493071014,66.8482219723764,6,HIIT02,6_HIIT02,HIIT,236,111.0,183.0
2.27857470942992,6.5162299112173,0.668641244574722,-1.95177205902325,-70.6253195352529,98.4617440469051,16,MICT05,16_MICT05,MICT,92,145.0,207.5
-2.92082596120238,11.1292854423036,-0.263232500420477,3.78612529752909,43.1985750543702,-11.9077486068989,6,MICT03,6_MICT03,MICT,349,111.0,183.0
5.25672315552192,-2.87785715197708,-3.64882438944058,3.76123675656892,-8.43823122723108,-6.26251989653781,16,HIIT03,16_HIIT03,HIIT,194,145.0,207.5
-4.34436096672908,-3.71935858596874,0.62920465479315,71.7915431853267,53.7857002331404,-45.9143363581761,16,HIIT02,16_HIIT02,HIIT,6,145.0,207.5
8.13304810916989,9.36974568760617,0.287746205585407,-57.1642987881544,-124.345489208706,152.588373754467,16,HIIT05,16_HIIT05,HIIT,130,145.0,207.5
3.69732678392654,0.647841210833779,-1.84190551589671,10.3278578999137,-69.9960961152887,58.1081907494278,16,MICT05,16_MICT05,MICT,178,145.0,207.5
0.342507854698946,-4.65852076359799,-1.21286515738523,1.53728902795611,60.3470793976108,-101.155420169806,16,MICT04,16_MICT04,MICT,234,145.0,207.5
2.58668701935637,-0.391738142731142,-1.80889928484944,8.99157450643951,-37.0037207599492,35.7943746407396,16,MICT04,16_MICT04,MICT,187,145.0,207.5
-4.49119257983895,23.7348704406507,0.831519003841143,-15.6176611957873,46.8311001085278,-44.2332936364137,16,MICT06,16_MICT06,MICT,347,145.0,207.5
2.6170417982829,4.56640620705193,0.63467273054591,-5.59256427138397,-174.290472322712,84.7815457100087,6,MICT05,6_MICT05,MICT,128,111.0,183.0
-1.55708029707456,-6.54819981333338,0.505174601042295,3043.77203431825,1409.01654290752,1399.98082789739,16,HIIT01,16_HIIT01,HIIT,281,145.0,207.5
8.16011197121198,10.0089224424315,1.33906340972714,-53.5178615558643,-129.415376296682,158.316022027819,16,HIIT06,16_HIIT06,HIIT,123,145.0,207.5
-3.34132217963576,6.21242105980793,-0.351405521407902,12.9553323004639,21.6571568794341,66.9168505584718,6,MICT05,6_MICT05,MICT,19,111.0,183.0
-0.579095394193157,-4.93214597967456,-0.152791249687419,-3.61622485666134,79.5165248875099,-135.954713660546,16,MICT02,16_MICT02,MICT,254,145.0,207.5
3.77487288442171,5.36550364372047,0.5805119434474,-10.5304699734924,-81.3415905835691,100.582330395487,16,MICT01,16_MICT01,MICT,110,145.0,207.5
-11.1791866601019,-34.7168967615862,4.12225511635888,-32.5242894455087,0.913284337008235,31.0244276823937,6,HIIT03,6_HIIT03,HIIT,12,111.0,183.0
-4.1195197363288,-7.99343491085521,2.54436198932719,73.3136685085987,114.566293696305,102.901974797309,16,HIIT02,16_HIIT02,HIIT,324,145.0,207.5
-0.436089041243804,-3.93512101080393,0.660969429882422,-39.6322494611385,66.1103188267406,-120.424764308587,6,MICT05,6_MICT05,MICT,286,111.0,183.0
-1.79294028304324,2.55279828696565,-0.747539672040096,-13.8788712521898,-21.0206466449672,60.3093512400292,6,MICT03,6_MICT03,MICT,36,111.0,183.0
-2.50352481943738,-6.46206264742737,-4.71671148474781,2904.25189891658,1335.17000587299,1324.74315469688,16,HIIT01,16_HIIT01,HIIT,282,145.0,207.5
4.78639831765707,-2.65176355309407,-3.12560407071388,8.01992844402937,-16.977233918551,-17.0382648131333,16,HIIT05,16_HIIT05,HIIT,195,145.0,207.5
3.74301244438763,-4.30869336068957,-2.70230171361876,48.8909058958408,38.8008384600612,11.2106819783104,16,HIIT01,16_HIIT01,HIIT,207,145.0,207.5
3.48485187547922,6.60390428348311,-0.272502256279347,-141.313211685631,-155.499127872708,-98.3562059755002,6,HIIT06,6_HIIT06,HIIT,107,111.0,183.0
-1.45849244776785,-3.80816647143193,0.557588441856522,-5.88891076860044,76.3946023397515,-124.89154367128,16,MICT04,16_MICT04,MICT,297,145.0,207.5
-1.38880198143002,3.73773129431581,0.565312568613118,-129.681418099678,-87.2900350383298,9.49696545173716,6,HIIT05,6_HIIT05,HIIT,45,111.0,183.0
18.0209261084622,9.83254459356282,20.2473695178363,134.012678480728,295.614163552493,141.814755418622,16,HIIT01,16_HIIT01,HIIT,106,145.0,207.5
-4.42541864669781,16.8114036143837,0.0191275899687307,33.3998232614843,68.6734626496824,-2.64267210070345,6,MICT06,6_MICT06,MICT,344,111.0,183.0
1.46248364527294,-8.09936092177222,-1.91422263444648,19.1742666298941,31.2512546289016,-139.098113614458,16,HIIT03,16_HIIT03,HIIT,232,145.0,207.5
0.702863440809482,-4.96298689344092,-0.233647035266294,203.306712294672,200.743235235465,75.3989656994041,6,HIIT05,6_HIIT05,HIIT,236,111.0,183.0
1.71721439907881,-1.77241033133396,-1.5304244485225,450.561604061031,-0.80581926568412,424.257065779207,6,HIIT02,6_HIIT02,HIIT,188,111.0,183.0
3.70720356921361,-4.86159555663169,-2.84998549179656,13.6029237475657,1.47045303188453,-69.52067512192,16,HIIT05,16_HIIT05,HIIT,208,145.0,207.5
-0.404174165560874,6.96180360439381,-0.0983566650626916,-333.438307026364,-182.498792428973,-179.120406013692,6,HIIT06,6_HIIT06,HIIT,73,111.0,183.0
-0.173524440840138,-5.20179218950524,1.44977557176997,-23.1706065083761,91.2966719685519,-106.537421229074,6,HIIT05,6_HIIT05,HIIT,282,111.0,183.0
1.095302485037,-4.37738295783286,-0.268354217808442,429.140602581878,167.466297518555,336.093734016078,6,HIIT06,6_HIIT06,HIIT,219,111.0,183.0
2.04501919706046,-6.91006182540696,-1.90819306051844,150.884328179881,70.2143022680433,118.906491491143,16,HIIT02,16_HIIT02,HIIT,227,145.0,207.5
-0.605595730644582,3.2365297984866,-0.518312691975994,2.65531932397425,-35.0670537891554,59.1100986162213,6,MICT03,6_MICT03,MICT,55,111.0,183.0
3.89042362574667,6.67692149876837,-0.171334276927139,-141.932573980153,-166.384425740939,-96.8419514686789,6,HIIT05,6_HIIT05,HIIT,113,111.0,183.0
-6.19936634467697,-22.3982953860727,2.20959626395303,14.3007094755081,20.2558597816627,40.0294881471231,6,MICT05,6_MICT05,MICT,10,111.0,183.0
7.38233647171645,4.548613082671,-2.38754995347144,-30.287989088319,-93.0724955558444,105.677560587129,16,HIIT05,16_HIIT05,HIIT,160,145.0,207.5
-20.0396147540179,-42.8787367196169,6.42178760265967,108.328926454802,78.5300237191259,-74.5472840923774,16,HIIT01,16_HIIT01,HIIT,12,145.0,207.5
1.94701734312568,-1.33840813656031,-1.82256986999817,9.7045577065534,-20.3798034058462,9.12375068867618,16,MICT02,16_MICT02,MICT,196,145.0,207.5
-0.103431454076143,-4.71884699020181,0.500645213452035,-22.9963767551614,100.202626298329,-128.095115871928,6,HIIT02,6_HIIT02,HIIT,271,111.0,183.0
-1.13733426464043,4.05100111204227,-0.204058935912381,33.4723368653049,-16.552007363261,82.4768687704134,16,MICT02,16_MICT02,MICT,59,145.0,207.5
-0.598510526165712,-2.7431392734169,0.392932079403132,-38.5800180813347,61.3940000383626,-97.2292483121745,6,MICT05,6_MICT05,MICT,300,111.0,183.0
-1.36504069830135,-4.00026361884757,0.529683233001482,2.77400982802691,71.0322133343003,-49.8750588405439,6,MICT04,6_MICT04,MICT,327,111.0,183.0
4.39007525300823,6.50799311787548,0.35258015948815,-259.284286648891,-173.783033002817,-203.990526836665,6,HIIT01,6_HIIT01,HIIT,124,111.0,183.0
-1.12443354812852,-4.56397876611444,0.469335369031114,-1.97345171388615,75.4924692649483,-136.992134239083,16,MICT01,16_MICT01,MICT,266,145.0,207.5
1.49535643362608,4.67070505301236,0.0106145304676863,-9.50998407122544,-93.568271674418,57.3949358248974,6,MICT06,6_MICT06,MICT,83,111.0,183.0
-0.247056287485658,-4.29934122049149,0.413059411794573,-6.09959907874881,89.7597712383274,-79.0479941191403,6,HIIT03,6_HIIT03,HIIT,306,111.0,183.0
7.92066494010016,4.79079517929497,-2.6848588606243,-29.5897665102771,-77.4499118584577,117.054185767316,16,HIIT03,16_HIIT03,HIIT,161,145.0,207.5
-2.25295929636196,-7.88597998876512,1.27706147640922,13.2553100688917,61.1536766072477,-174.785445079177,16,HIIT05,16_HIIT05,HIIT,288,145.0,207.5
-8.70132260660165,32.0667024720095,-0.0850173365485355,54.6869583335632,72.3992067280116,15.9389523715848,6,HIIT04,6_HIIT04,HIIT,346,111.0,183.0
5.610037107067,9.28492282383462,3.60887800250875,-32.1578446287179,144.540164714255,37.6067134361298,16,HIIT01,16_HIIT01,HIIT,95,145.0,207.5
0.461170704257461,-8.71841048200872,-1.47828929995421,17.9803728658645,49.1436991802336,-174.306608204647,16,HIIT06,16_HIIT06,HIIT,246,145.0,207.5
3.28233320284088,-2.79225624830944,-2.42495181825397,403.753248538734,-14.4950293554899,344.826601393882,6,HIIT04,6_HIIT04,HIIT,192,111.0,183.0
1.0839970692081,-2.68570798380774,-0.900733713867158,7.27784509637463,93.6741052163407,-32.1108324119598,6,MICT06,6_MICT06,MICT,206,111.0,183.0
3.62470169760718,0.985804922400145,-1.64406428330277,3.03791370373359,-72.3529154119003,62.7200358219463,16,MICT03,16_MICT03,MICT,175,145.0,207.5
1.23236222125825,4.38401315748062,0.120227312861976,-10.2995125424426,-87.4652899690282,53.2302415727508,6,MICT02,6_MICT02,MICT,88,111.0,183.0
-2.67033938984895,0.355594508642332,0.515064963983086,14.9049753313625,71.1421965214912,-28.5659164007089,6,MICT01,6_MICT01,MICT,341,111.0,183.0
0.694793084651393,-4.44772299755313,0.378422631092591,290.533634471645,200.769429239134,176.491488623007,6,HIIT05,6_HIIT05,HIIT,227,111.0,183.0
5.01972703529237,-3.71407101057867,-3.21702037960298,2.58126621855718,51.1176571822537,-12.5235997054606,16,HIIT02,16_HIIT02,HIIT,199,145.0,207.5
-2.35730259789065,-5.95740062598885,1.31309708489482,1.39904158113306,60.9190688997986,-163.973300028257,16,HIIT04,16_HIIT04,HIIT,304,145.0,207.5
0.836884872272883,-4.98825498496246,0.342195594473808,281.443885153277,247.987998383651,176.169520898058,6,HIIT03,6_HIIT03,HIIT,228,111.0,183.0
-18.9676163614603,-44.1204381979364,4.2776944198115,38.7115083369356,64.1276028570232,56.1016065827619,16,HIIT06,16_HIIT06,HIIT,13,145.0,207.5
0.83073566414092,-5.2545179713189,1.1875889672797,58.8823761077322,178.989839682224,-74.2667727361448,6,HIIT03,6_HIIT03,HIIT,251,111.0,183.0
3.88758881936967,-4.95636005817384,-2.89034335380964,65.5937167704818,42.1790385386522,24.8339255062505,16,HIIT01,16_HIIT01,HIIT,209,145.0,207.5
-4.84833820273151,3.54322335293886,0.903272331923111,-101.229873049721,-59.4073967069621,24.8691237834546,6,HIIT01,6_HIIT01,HIIT,27,111.0,183.0
0.592570193070142,-8.55252479372107,-1.21374161110955,192.82663647753,98.979164471976,158.535836411065,16,HIIT02,16_HIIT02,HIIT,244,145.0,207.5
-8.43413315475561,2.29623774297007,-0.0049688822091907,156.958292584889,128.218669989696,-90.0095706796594,16,HIIT01,16_HIIT01,HIIT,25,145.0,207.5
1.14307409281033,-3.2828932208845,-0.511416330956699,12.9867789909592,109.484212367934,-55.6257947178882,6,MICT03,6_MICT03,MICT,218,111.0,183.0
7.28892497563131,5.81528881778641,-3.59252044950462,-329.898095698203,-58.3047836075309,-289.111926431186,16,HIIT01,16_HIIT01,HIIT,152,145.0,207.5
-1.34487185145162,2.96813452605071,-0.412687753677669,24.9425319698164,-5.81076036038032,79.7838410756824,16,MICT04,16_MICT04,MICT,48,145.0,207.5
0.158578412642121,-5.09596061705869,-0.88524022061818,22.3280160599982,63.572530648677,-103.706966731739,16,MICT06,16_MICT06,MICT,241,145.0,207.5
-2.74499513733028,-6.33317153397587,0.692181422596473,11.7005247348769,16.8965206153758,31.374160058534,6,MICT05,6_MICT05,MICT,7,111.0,183.0
5.32193457521239,7.5266871633999,-5.42202867214918,-89.0895104446836,36.0143133043965,-230.536309750106,16,HIIT01,16_HIIT01,HIIT,141,145.0,207.5
-0.526832933003471,-3.70503442017365,0.814836389638537,-44.6789242209202,61.4471941776307,-116.849550783234,6,MICT05,6_MICT05,MICT,291,111.0,183.0
8.30302005673948,9.17823594751679,0.172103831966807,-49.9943584992668,-123.185137143604,160.691537821847,16,HIIT04,16_HIIT04,HIIT,134,145.0,207.5
-1.48257880631756,-4.97362248954742,0.58764790640668,-5.46886044264652,82.3763570495146,-140.887201839065,16,MICT02,16_MICT02,MICT,281,145.0,207.5
0.187277262062343,-4.52809612466931,-1.16298296418373,2.88349246416412,60.4486872043659,-98.4345074724653,16,MICT02,16_MICT02,MICT,233,145.0,207.5
5.20123766671373,4.55363226891873,0.0338769248481188,-32.9290663355862,-127.539981798353,95.7669526330173,16,MICT01,16_MICT01,MICT,136,145.0,207.5
-1.38370485744597,-3.27983544560717,0.555433529363646,-11.645632334951,73.3151694479991,-125.9944688328,16,MICT03,16_MICT03,MICT,302,145.0,207.5
2.0957781328712,2.40813194404832,-0.958327011795704,13.086959008703,-139.743836792325,77.9457252628787,6,MICT03,6_MICT03,MICT,155,111.0,183.0
2.86908024472958,9.13337136606652,1.32022344299004,15.1545858670233,168.689996587614,47.0187876868355,16,HIIT02,16_HIIT02,HIIT,88,145.0,207.5
0.548148837532382,5.17475808716669,0.231479889855092,7.56674861407245,-40.5963952626903,87.4970770143438,16,MICT01,16_MICT01,MICT,82,145.0,207.5
0.344572073285261,-4.55617566683731,0.562370468433002,60.025606683352,162.756989805517,-61.1222517388167,6,HIIT02,6_HIIT02,HIIT,251,111.0,183.0
1.34264779735495,4.31279497129854,-0.174277627565476,-3.31336424878257,-76.0824277693556,59.6260915140997,6,MICT01,6_MICT01,MICT,91,111.0,183.0
4.0768226468329,-3.05310214337796,-3.15879378010991,-0.866271472946985,-6.22733450043798,-28.1545193853919,16,HIIT06,16_HIIT06,HIIT,197,145.0,207.5
-5.28608134080956,9.21389212802052,0.506622295324279,-48.1415402863463,4.37648127393722,56.8414967108141,6,HIIT04,6_HIIT04,HIIT,19,111.0,183.0
2.95321853138124,5.67485704430923,1.07557916002094,-6.15030564312017,-124.670176055225,83.7927737430632,6,MICT03,6_MICT03,MICT,104,111.0,183.0
-1.2875870367702,-3.00355147224638,0.515957411759418,-13.3807991898445,72.7827102315916,-123.905049373927,16,MICT03,16_MICT03,MICT,306,145.0,207.5
6.42688988723766,3.19481704654856,-2.48081259804251,-22.4606558015781,-67.4262695931622,86.0572249651648,16,HIIT06,16_HIIT06,HIIT,168,145.0,207.5
3.47282647342934,6.56660031584303,-1.6517042376734,-157.240367978377,-167.03587198561,-96.3537563301663,6,HIIT01,6_HIIT01,HIIT,99,111.0,183.0
4.23642089253494,0.174556601044077,-1.93896977941866,-18.3238692073601,-65.7342607077968,-29.65104992534,6,HIIT04,6_HIIT04,HIIT,168,111.0,183.0
2.68491352756684,5.04411829609794,0.734809538421514,-16.3756152228125,-169.56276018948,80.0754853534647,6,MICT05,6_MICT05,MICT,118,111.0,183.0
-0.567944566953297,6.14940118364506,0.0784811353560813,-154.985485478082,-142.431165296965,-39.36616924739,6,HIIT01,6_HIIT01,HIIT,65,111.0,183.0
-3.0215229687506,3.0393471704811,0.886317863961935,10.3008663973759,36.6765502035446,-32.580045393964,16,HIIT06,16_HIIT06,HIIT,351,145.0,207.5
-0.258806974557923,-5.0856132360214,0.344669902752044,19.0441716844755,92.1596704157174,-45.1623737896757,6,HIIT01,6_HIIT01,HIIT,316,111.0,183.0
-3.15620168054046,-9.07968099713358,1.52848097778372,-21.6720610755808,70.8791068106792,-78.3481169790757,16,MICT02,16_MICT02,MICT,337,145.0,207.5
-0.706903161193261,-4.44577157634512,-0.203064131729892,2.77469984631039,74.7261723600083,-131.288783527121,16,MICT01,16_MICT01,MICT,260,145.0,207.5
1.13682188355729,-1.16428075019256,-1.24683636367995,32.8171797298206,7.90883417587573,36.1413306138959,6,MICT04,6_MICT04,MICT,186,111.0,183.0
-0.801554294937658,2.27111887115918,-0.868251942079911,-11.426561383382,-15.8183380530395,49.1914441779396,6,MICT06,6_MICT06,MICT,41,111.0,183.0
-1.32482531129606,-4.92800747751064,0.486611188510406,-10.1754339981197,75.251187484095,-148.284717891741,16,MICT01,16_MICT01,MICT,270,145.0,207.5
0.812915473060636,-3.72182615823091,-0.792124693350293,-16.5665964136608,102.708206090924,-111.999295858288,6,MICT05,6_MICT05,MICT,232,111.0,183.0
0.582857683553124,-4.64152644755889,0.401152076872062,346.977001225753,201.804315895161,265.816990689117,6,HIIT01,6_HIIT01,HIIT,219,111.0,183.0
4.51965484993932,6.97795418268087,0.082908313334684,-240.842144620771,-177.859780934533,-190.629631524192,6,HIIT03,6_HIIT03,HIIT,123,111.0,183.0
2.04423702500182,6.12274487507794,0.671881063611053,9.85208318929327,-62.3245506187033,95.6263026339254,16,MICT02,16_MICT02,MICT,89,145.0,207.5
3.32295607974668,1.54701137433819,-1.27733964210827,-2.33427575528084,-84.4760854213768,73.1472256636266,16,MICT02,16_MICT02,MICT,171,145.0,207.5
-0.399143945880327,3.06286255226329,-0.627257246116989,6.00116004319638,-27.4328834696774,51.4014170652309,6,MICT06,6_MICT06,MICT,56,111.0,183.0
0.992167627249085,-3.8417671715591,-0.379344858198521,0.249497247234368,114.363179064206,-93.4002199551002,6,MICT03,6_MICT03,MICT,230,111.0,183.0
-0.423452643880516,-1.96514987662037,0.511953076470494,-18.4766195438974,63.2477684062237,-74.2456625223188,6,MICT04,6_MICT04,MICT,310,111.0,183.0
-2.86877871845021,-4.09595107020098,1.63084771979386,-12.9378332586234,67.0314067577497,-92.2716926995194,16,MICT06,16_MICT06,MICT,327,145.0,207.5
-2.59682688904525,-6.53452945700157,1.22666568176676,121.963971698328,137.585919663926,125.66495432067,16,HIIT02,16_HIIT02,HIIT,295,145.0,207.5
3.21880026285525,11.3576093197683,1.50351150135508,-39.5891043780665,-84.0163820124768,143.885294161443,16,HIIT03,16_HIIT03,HIIT,91,145.0,207.5
1.01535584526198,-1.33527605562107,-1.11538287824793,34.6937925948404,42.9620580415128,31.494890062182,6,MICT02,6_MICT02,MICT,196,111.0,183.0
50.5379246591359,12.9778817734238,71.1437099102247,-1272.33921699402,-527.028590203605,-109.501095622185,16,HIIT01,16_HIIT01,HIIT,110,145.0,207.5
2.72659119421201,4.8243484019966,0.894445807239822,-15.0931142538518,-156.794139703716,82.1875482586305,6,MICT04,6_MICT04,MICT,121,111.0,183.0
-1.05724272099428,5.27938251717596,1.15156055034759,-173.724561131578,-141.477148360279,-28.6305330933857,6,HIIT03,6_HIIT03,HIIT,54,111.0,183.0
-2.86497972216569,5.95304272114805,-0.279106663329194,4.60330521788657,-0.368460196418758,113.376059635782,16,HIIT06,16_HIIT06,HIIT,50,145.0,207.5
1.43956613621475,-0.333521191339052,-1.55256738280466,56.2250688795155,-27.8510123681528,76.7098055949778,6,MICT03,6_MICT03,MICT,178,111.0,183.0
-2.18083271642743,3.95434010770578,-0.290307168802073,-135.060708083347,-78.7038178393181,24.8694918364776,6,HIIT04,6_HIIT04,HIIT,43,111.0,183.0
1.27351763521009,5.17426521435641,-0.0188407665395,-14.9605655201389,-92.7320923767016,59.4723722027031,6,MICT03,6_MICT03,MICT,82,111.0,183.0
-1.18074219611854,4.66157758267705,1.20765788554432,-178.663369595047,-118.762825941348,-24.8363760995055,6,HIIT05,6_HIIT05,HIIT,51,111.0,183.0
4.4482399629556,6.33003364644507,1.71205039507429,-36.0529451575321,-111.862099688435,98.2845527409387,16,MICT03,16_MICT03,MICT,115,145.0,207.5
-5.61260862963864,-9.37991980699106,-19.8092400802939,-6.5888812313566,34.4019419542559,68.4633456580681,16,HIIT01,16_HIIT01,HIIT,264,145.0,207.5
-2.16217138726158,6.57352717995048,0.193222751593242,-2.93278161389343,-14.9780767662789,107.509043055109,16,HIIT03,16_HIIT03,HIIT,54,145.0,207.5
-0.460021055197064,-3.0176287414365,0.285749437688274,-26.718178933171,56.0934170537349,-80.5711864646037,6,MICT01,6_MICT01,MICT,323,111.0,183.0
0.716124883406952,-5.63597095863557,1.44062276998406,-6.02711005866548,126.253690044666,-118.649548025036,6,HIIT01,6_HIIT01,HIIT,265,111.0,183.0
0.646481179264273,-4.41954664292125,-1.35010560284493,14.3730470715559,53.5641526046721,-84.475550615407,16,MICT03,16_MICT03,MICT,230,145.0,207.5
-3.38625660052069,-7.10841307858589,2.20679724760991,8.37036356124938,67.5390921953926,-130.72761037318,16,HIIT05,16_HIIT05,HIIT,320,145.0,207.5
-6.67740026054597,-13.2316153244021,1.34649522584958,23.0307191125284,37.7569292150722,30.0254357831808,16,HIIT06,16_HIIT06,HIIT,7,145.0,207.5
-6.39073601703038,3.80668203661549,0.527465938988692,174.900715424025,107.924661228375,82.7518593793105,6,HIIT01,6_HIIT01,HIIT,341,111.0,183.0
4.22116143341415,-5.09368064283403,-3.07411573918893,59.0897957060022,54.6192461131806,35.8003622457981,16,HIIT02,16_HIIT02,HIIT,207,145.0,207.5
-0.915730659090891,-3.69425477346709,0.576680067880411,-15.6743288131051,63.3838418539394,-73.8377363437804,6,MICT02,6_MICT02,MICT,325,111.0,183.0
7.94600879785384,9.77888320257009,0.89115309169538,-63.4375115019621,-124.167055406117,152.66979672279,16,HIIT03,16_HIIT03,HIIT,126,145.0,207.5
-9.66544261417826,-21.1163659316756,3.16386556637167,-27.9277639080874,6.62308899112672,51.2046266301469,6,HIIT06,6_HIIT06,HIIT,14,111.0,183.0
4.00655802861141,10.4181906213055,1.07505009915604,-31.6952559994429,-87.8879639890404,149.270473858882,16,HIIT06,16_HIIT06,HIIT,95,145.0,207.5
-6.47749900175971,11.537478499804,-0.743103691694633,45.242798772948,62.5286271442111,86.4569164388753,16,HIIT04,16_HIIT04,HIIT,21,145.0,207.5
0.603743856798693,-5.70736288237698,1.33256167767754,-27.4213159009411,115.504698237707,-132.972264189267,6,HIIT01,6_HIIT01,HIIT,268,111.0,183.0
1.12799098587683,-3.67685536958394,-1.19376540799952,646.453538907489,123.448810807533,601.453089678155,6,HIIT03,6_HIIT03,HIIT,205,111.0,183.0
0.570401930096544,-7.549417935476,-1.44819478183204,193.354029519791,78.0213432469188,148.477138710709,16,HIIT01,16_HIIT01,HIIT,237,145.0,207.5
0.144033345292899,-6.45208362957922,0.102260457515162,-38.1707992313616,106.878586626343,-148.463926796089,6,HIIT03,6_HIIT03,HIIT,275,111.0,183.0
2.66115883815003,4.14585354473924,0.904802749090354,-28.2070270856971,-179.842556306264,64.5600957190585,6,MICT04,6_MICT04,MICT,136,111.0,183.0
1.7689011471009,-7.42209808370998,-2.2976911586396,8.51928054409937,26.4322432374232,-131.305282845868,16,HIIT06,16_HIIT06,HIIT,225,145.0,207.5
4.15253875977806,5.90563082954545,0.605793801907187,-272.819305307289,-155.180393769927,-225.585744071302,6,HIIT01,6_HIIT01,HIIT,135,111.0,183.0
2.44377251081923,4.47272451129807,0.607866008082197,-15.3850805303744,-153.826392734723,79.1659861279283,6,MICT04,6_MICT04,MICT,122,111.0,183.0
1.8204647606179,2.5072214583801,-0.257200433127356,6.61936534075978,-154.372732642568,78.8627187773317,6,MICT06,6_MICT06,MICT,152,111.0,183.0
-1.48242153354213,-3.11791065515078,0.766050800373347,-5.73184773372883,66.5913238725123,-110.45025598924,16,MICT06,16_MICT06,MICT,310,145.0,207.5
0.900544851643755,-2.98662304453914,-0.349720259888253,-2.42812624751352,104.263851143147,-74.8353071068757,6,MICT02,6_MICT02,MICT,228,111.0,183.0
-1.41165805798407,-8.49035381424852,0.172827624849327,180.927185267173,129.92591645728,157.468766373819,16,HIIT02,16_HIIT02,HIIT,267,145.0,207.5
1.50003518593083,1.40931438921256,-0.95593277983035,5.5552369682044,-107.385724134668,57.1647931036571,6,MICT04,6_MICT04,MICT,161,111.0,183.0
1.45037563114164,1.30742429394542,-0.745406849799438,36.0442192356076,-84.2470905113015,80.7017373993265,6,MICT01,6_MICT01,MICT,169,111.0,183.0
-0.485113781712675,2.32427484581147,-0.1534881818656,19.9177594586773,29.0799512752505,22.7089306103647,16,MICT03,16_MICT03,MICT,1,145.0,207.5
-1.02631612392646,-8.73268293011461,0.206889721920177,9.27353918916554,55.0553732310364,-199.180641469091,16,HIIT04,16_HIIT04,HIIT,265,145.0,207.5
-2.6921383004641,3.89407922462225,0.267863781218125,-147.059744609669,-102.026593926966,1.99000613981468,6,HIIT01,6_HIIT01,HIIT,39,111.0,183.0
-1.03554181530761,4.12869069052868,-0.0613826136319999,-12.8620542454857,11.8537095175549,19.7656491726583,6,HIIT02,6_HIIT02,HIIT,3,111.0,183.0
-1.49689869623983,-5.01004916489228,0.467932614573646,-9.79002280571707,74.9525539257967,-139.396456080983,16,MICT04,16_MICT04,MICT,283,145.0,207.5
-3.20796701938098,-6.53526511337157,1.86642705425444,2.68219174296732,66.0436129878683,-141.578327848437,16,HIIT04,16_HIIT04,HIIT,318,145.0,207.5
1.74317320619171,5.27734481488757,0.33581026623011,-17.6177794180852,-101.078037560366,61.1182632620549,6,MICT03,6_MICT03,MICT,86,111.0,183.0
-0.731104549558368,-4.35066840065362,0.258135966440125,16.8929774992428,88.3788670033266,-44.8411560943167,6,HIIT05,6_HIIT05,HIIT,317,111.0,183.0
4.18369221525203,1.69309987434151,-1.25776641048151,9.92920891502705,-96.5951272144194,77.6127482582359,16,MICT01,16_MICT01,MICT,169,145.0,207.5
4.64137684770462,5.79641371996174,-0.427840561885467,-263.31489746864,-169.275861066145,-210.403398784189,6,HIIT01,6_HIIT01,HIIT,128,111.0,183.0
-2.62700865947819,4.97809717335204,-0.465348382773038,123.457820978948,128.196584988199,-56.5514667876629,16,HIIT01,16_HIIT01,HIIT,53,145.0,207.5
-6.50514442413193,-15.5513889961021,1.41988535403289,20.3003520845121,26.8683130229649,28.2346966506189,16,MICT05,16_MICT05,MICT,8,145.0,207.5
-5.13906138663134,3.59479646128353,0.932456393610555,96.8643297859189,97.3247532917325,37.3204552172711,6,HIIT05,6_HIIT05,HIIT,341,111.0,183.0
-0.603229973981811,-2.94899467899546,0.710293985289079,-21.7004468010904,65.2287222207364,-87.7189686035597,6,MICT04,6_MICT04,MICT,299,111.0,183.0
3.30028913442033,-0.855322369030071,-1.95011209364313,139.213339782929,-58.6221837481562,126.751868411659,6,HIIT06,6_HIIT06,HIIT,177,111.0,183.0
7.70917699685802,9.95833764741479,1.07199254025106,-63.6332371620426,-123.704801468542,152.473738764215,16,HIIT03,16_HIIT03,HIIT,123,145.0,207.5
1.66172756499124,-2.95210608099721,-1.83666847021564,13.7579149034851,12.9012237312979,-34.1715434906638,16,MICT03,16_MICT03,MICT,210,145.0,207.5
-2.06234677900152,3.88008605298084,-0.446263823583592,-125.041528321938,-101.141519626122,16.6106608950201,6,HIIT03,6_HIIT03,HIIT,43,111.0,183.0
-2.39268385627269,-4.69464930392644,1.22755540832127,-33.0844814279283,75.0596205373215,-115.554075371055,16,MICT01,16_MICT01,MICT,324,145.0,207.5
7.24633832333413,4.14175803084595,-2.52439881271275,-27.6891501793758,-88.9737372758803,100.299079310743,16,HIIT05,16_HIIT05,HIIT,162,145.0,207.5
1.26681802582033,-8.02832989290822,-2.19922743247741,14.223371004603,38.9420566670803,-152.455757910451,16,HIIT06,16_HIIT06,HIIT,234,145.0,207.5
-2.41393987623926,-4.2740285666549,1.43754328467696,-9.59695986572656,67.1921982301564,-95.7508916087946,16,MICT06,16_MICT06,MICT,324,145.0,207.5
-2.17992317041516,-5.99809766804232,1.06713475531574,15.329378548381,78.5372837129715,-28.3801946809453,6,MICT05,6_MICT05,MICT,334,111.0,183.0
0.944192871645674,10.0533475001463,1.1737553862467,-29.2369367225714,-60.6557459000205,134.837598165231,16,HIIT05,16_HIIT05,HIIT,82,145.0,207.5
-1.53819844587071,-3.87734272724274,0.725011067709377,-4.45594639286097,75.1424806442502,-53.0700956580025,6,MICT05,6_MICT05,MICT,327,111.0,183.0
-4.75032923461483,-16.7174982214273,1.65126373593552,12.3178345891217,17.7440962107661,34.7317981963236,6,MICT05,6_MICT05,MICT,9,111.0,183.0
2.56001654188826,-0.449151355754285,-1.68793834661681,184.64468076983,-64.6725185299869,172.110604912294,6,HIIT02,6_HIIT02,HIIT,175,111.0,183.0
6.76614215722701,11.5917099568832,1.78066490849615,-56.1513498849741,-110.984236274484,157.849809874527,16,HIIT03,16_HIIT03,HIIT,109,145.0,207.5
3.63808780985274,-0.0116157553178711,-1.97770151110479,7.36246834875535,-60.031741812299,42.8674648401832,16,MICT06,16_MICT06,MICT,182,145.0,207.5
-5.06298175537156,-9.60333561441163,2.55724776472565,18.1064447081152,75.5516640418622,-127.244854084971,16,HIIT03,16_HIIT03,HIIT,325,145.0,207.5
-3.33219384129331,4.58937794156415,0.104918260314053,-122.518531676583,-60.8588405837782,25.0915894368967,6,HIIT05,6_HIIT05,HIIT,33,111.0,183.0
0.616202558838729,-3.33715286025163,0.366744032953877,-2.56137123054871,95.2460217622978,-100.824137331699,6,MICT01,6_MICT01,MICT,247,111.0,183.0
1.69842832891794,-3.08002278890148,-1.99085865871149,489.873777579634,47.6789214993839,468.611887688992,6,HIIT01,6_HIIT01,HIIT,194,111.0,183.0
1.18315508333289,-2.20109063894316,-1.10395738420981,26.4635238805235,65.3812279965841,-5.50172081573045,6,MICT04,6_MICT04,MICT,202,111.0,183.0
3.55759396354317,6.57982273366796,-0.290922887054514,-141.797791867853,-156.136841850321,-99.4603320957614,6,HIIT06,6_HIIT06,HIIT,108,111.0,183.0
-0.608222140595488,-4.92710976915409,-0.438244169379556,-5.78295135820392,80.1970224767807,-141.765226220578,16,MICT02,16_MICT02,MICT,259,145.0,207.5
-0.934045462114231,-9.02325263834832,-0.0488154755091512,21.1879625526261,58.7686262325317,-187.714936924605,16,HIIT06,16_HIIT06,HIIT,266,145.0,207.5
1.60402020248085,-18.5249862075147,0.440944069785009,12.8347229575709,42.1490988379167,-33.2525366383187,16,HIIT06,16_HIIT06,HIIT,355,145.0,207.5
3.37217388999761,0.397973896067118,-1.48798181334501,24.548938034346,-66.4807584458486,54.9873923273121,16,MICT01,16_MICT01,MICT,182,145.0,207.5
-7.5623858517259,-5.21929379993575,2.14984661307479,-36.9831629212861,8.53868994802793,52.9658459047429,6,HIIT05,6_HIIT05,HIIT,16,111.0,183.0
-0.763570346046487,-4.18386478049128,0.267066573344847,18.921759190218,85.4289178661642,-40.6652618019185,6,HIIT05,6_HIIT05,HIIT,318,111.0,183.0
-5.83313515498419,4.51262823782724,-0.754697748877844,150.943863903385,146.76673825483,-68.5569962562587,16,HIIT02,16_HIIT02,HIIT,35,145.0,207.5
3.6471656769323,5.98164271249364,-0.552624293247526,-139.795024609869,-160.154544284298,-95.1463991907669,6,HIIT05,6_HIIT05,HIIT,112,111.0,183.0
-2.23961988802831,-4.13007819661086,0.503900279871105,9.95373373210452,84.365123875358,-45.2149997206111,6,HIIT02,6_HIIT02,HIIT,329,111.0,183.0
-4.19645154642645,-19.985230613039,1.4899683253641,12.1229074929568,18.7200415560814,31.3754998014883,6,MICT02,6_MICT02,MICT,10,111.0,183.0
4.86573669362789,6.01008242312623,1.08165221532651,-49.8939909406371,-130.906862352223,94.6273689049653,16,MICT03,16_MICT03,MICT,124,145.0,207.5
6.2345215776749,1.23434033982719,-3.11858907802032,-9.8009399474244,-57.0165612949549,56.0529734839105,16,HIIT05,16_HIIT05,HIIT,176,145.0,207.5
2.00693749396556,1.83582193142203,-0.965265360296383,25.7697894151422,-118.114676124667,81.3171767782421,6,MICT03,6_MICT03,MICT,160,111.0,183.0
-0.804877846025038,3.628433932913,-0.291460675170655,20.7316283750568,30.0599742408687,24.9494340204083,16,MICT05,16_MICT05,MICT,2,145.0,207.5
6.35533810116182,-0.895064065641501,-3.211469085598,-109.757293611089,44.3008650460137,-106.585984358823,16,HIIT02,16_HIIT02,HIIT,185,145.0,207.5
-2.53288926032867,-8.1317151607966,1.48763869944901,4.63108682142175,82.4618204915127,-36.7925268217788,6,MICT03,6_MICT03,MICT,338,111.0,183.0
4.95420169531176,5.8833094388804,0.690003655142431,-50.6376885211509,-123.112077158797,96.4844826343947,16,MICT06,16_MICT06,MICT,123,145.0,207.5
-0.491053540388516,-5.52364634396917,-0.115009757355422,9.41472523091596,84.8654679997422,-136.153156482741,16,MICT05,16_MICT05,MICT,258,145.0,207.5
-4.78163963805109,2.14398472671355,-0.23641350152495,30.9216784486461,24.8669447727653,69.6479186567991,16,MICT04,16_MICT04,MICT,25,145.0,207.5
0.835429417900987,-3.97448602899755,0.77628897524517,-27.7600005132044,83.1442237149513,-141.941049551817,6,MICT05,6_MICT05,MICT,257,111.0,183.0
-0.414341101325574,-2.3126673603478,0.173272242783842,-33.1538229375384,55.6745361794793,-89.952744159057,6,MICT01,6_MICT01,MICT,319,111.0,183.0
-0.610641363047975,-5.76193601350279,1.49142442094956,-2.50771349914197,101.301020346341,-106.732790690706,6,HIIT04,6_HIIT04,HIIT,278,111.0,183.0
0.798477546817241,-4.81762549502279,-1.20339013562892,401.179433496517,192.350634731222,329.29653680889,6,HIIT01,6_HIIT01,HIIT,215,111.0,183.0
-0.0264111076192277,-4.10154682666602,-0.783753047396767,6.76748923354653,50.1582951745464,-103.953292983298,16,MICT01,16_MICT01,MICT,239,145.0,207.5
-0.103258353315772,-5.27248890213581,1.32314248050662,-12.3339870976483,97.6323614995713,-102.944668032958,6,HIIT05,6_HIIT05,HIIT,279,111.0,183.0
1.05994836668226,-3.4665845296232,-0.563206534594702,7.12862553290823,109.611283545131,-68.0761110859388,6,MICT03,6_MICT03,MICT,221,111.0,183.0
0.998427592870571,-3.85231769420059,-0.324446580052878,-0.908968695290705,113.930702098314,-96.4815135027331,6,MICT03,6_MICT03,MICT,231,111.0,183.0
0.467804416922762,-3.59166155011481,0.135695018920304,-35.2816003409153,75.4928203005605,-143.626424532274,6,MICT02,6_MICT02,MICT,258,111.0,183.0
4.35138883537099,2.69363639562524,-1.10773266977397,-15.2358818400566,-106.252558418838,84.1319009735625,16,MICT03,16_MICT03,MICT,161,145.0,207.5
4.33396368020469,-4.90484082381854,-3.11713213485003,52.535008834716,54.0549136882586,30.0931262348967,16,HIIT02,16_HIIT02,HIIT,206,145.0,207.5
4.76711497975748,3.4652954760942,-0.666974161109004,-21.399056344083,-122.114735718603,85.1354173771898,16,MICT05,16_MICT05,MICT,156,145.0,207.5
1.45576679829358,-0.233772015204025,-1.57269519176125,55.1403793185407,-33.5580384334761,77.7782197946379,6,MICT03,6_MICT03,MICT,177,111.0,183.0
-6.62225797360558,12.6387208179251,-0.535509078192223,45.7504811561532,67.5852208245091,78.4862186358241,16,HIIT03,16_HIIT03,HIIT,19,145.0,207.5
0.778789257411849,-5.4280883859117,0.495453074949047,123.216689427872,198.271487813375,6.03909175071932,6,HIIT01,6_HIIT01,HIIT,237,111.0,183.0
-5.02568997013399,3.21454865367732,-0.289284160432984,32.3637278678936,27.8199289236525,70.6740780421673,16,MICT04,16_MICT04,MICT,24,145.0,207.5
-6.05434930511259,-10.1337465549393,2.88217462769602,69.5691145009464,-77.8167964518099,-131.789560801621,16,HIIT01,16_HIIT01,HIIT,334,145.0,207.5
-3.11496417661944,0.52993060375235,0.582989976587941,23.9821637375317,72.6870763552769,-22.6050697478127,6,MICT02,6_MICT02,MICT,341,111.0,183.0
-0.504761476491384,-2.45679426639135,0.443197156659587,-36.3157860817567,65.0250650777931,-93.6983673851217,6,MICT05,6_MICT05,MICT,304,111.0,183.0
0.977043571965782,4.8148856435856,-0.154904200687485,-9.84227618974413,-83.4669575738412,52.7557273385279,6,MICT06,6_MICT06,MICT,76,111.0,183.0
3.42987335737865,5.56265495350168,0.0501259899800909,-194.767773261473,-174.850176099119,-149.050164848609,6,HIIT02,6_HIIT02,HIIT,120,111.0,183.0
2.00950023799808,7.01972767950847,-0.247974160937217,-278.647434197258,-187.170141628328,-170.888169726782,6,HIIT01,6_HIIT01,HIIT,87,111.0,183.0
-2.54331652075112,3.88435107818718,-0.0547796942385047,-132.270591022504,-72.3517406487303,28.1799099757705,6,HIIT04,6_HIIT04,HIIT,40,111.0,183.0
0.600531569684082,-3.97941247094711,0.285965063693807,-47.7021175103436,67.8622551360043,-159.552039958965,6,MICT06,6_MICT06,MICT,256,111.0,183.0
-9.11668029265217,-12.7308900986504,1.43829769802025,27.3714573602877,49.2284993209729,47.0723131959103,16,MICT06,16_MICT06,MICT,15,145.0,207.5
1.55178652577544,-6.97298745367604,-1.92690380866672,9.17193199497173,25.4248393241276,-131.404962545155,16,HIIT04,16_HIIT04,HIIT,227,145.0,207.5
0.894311135028404,-1.57494592033609,-1.06852632840688,41.0219242141288,49.481283293815,23.4822679020003,6,MICT01,6_MICT01,MICT,201,111.0,183.0
0.859759943998934,-3.36412557808922,-0.307505370456379,-10.2653134051157,102.298096831735,-94.9196532748969,6,MICT02,6_MICT02,MICT,233,111.0,183.0
-0.555038327719141,2.67008872092273,-0.718365373268367,2.29366718911013,-25.4219962728849,60.9148314024699,6,MICT05,6_MICT05,MICT,49,111.0,183.0
0.834102064743345,-3.33874282447494,-0.574939406117862,435.819607638309,145.088412467575,377.349394772463,6,HIIT02,6_HIIT02,HIIT,209,111.0,183.0
-0.701696841310474,6.85782828772575,0.878892344109867,-285.657417919721,-178.663332813065,-124.586352035398,6,HIIT05,6_HIIT05,HIIT,67,111.0,183.0
-0.0477440037874853,4.03904469702818,-0.0741675121653543,5.31746937361213,-38.6715338029534,53.7284485078055,6,MICT04,6_MICT04,MICT,64,111.0,183.0
-4.54681563092942,8.77771365153014,0.210731582315597,-58.3114835994318,-4.74912397301592,50.7430509843478,6,HIIT04,6_HIIT04,HIIT,21,111.0,183.0
-1.99408756172841,-5.01895598038117,0.847725511155797,2.67863863131263,71.0077341791159,-131.985285873168,16,MICT06,16_MICT06,MICT,290,145.0,207.5
-1.2434824822395,-2.86390918977732,0.464073084951937,-22.027134345008,72.4245024231321,-127.843545265805,16,MICT02,16_MICT02,MICT,307,145.0,207.5
2.75226149253051,5.11289335917938,1.14485105588617,5.85463501306528,-144.918783756689,101.294396191377,6,MICT06,6_MICT06,MICT,114,111.0,183.0
-0.532363384535192,-4.41134899128082,-0.266046973220277,5.27289950156903,67.2890286674522,-121.793265327631,16,MICT01,16_MICT01,MICT,251,145.0,207.5
-0.68556623236065,-2.59454771278066,0.465125016329497,-35.1477167291859,64.0881369328898,-106.650642773268,6,MICT03,6_MICT03,MICT,305,111.0,183.0
-0.578793846421544,-4.43172046215598,-0.219632872412085,3.75757017541885,68.6603802949263,-125.009968409089,16,MICT01,16_MICT01,MICT,253,145.0,207.5
3.52232304744365,9.09505317094861,1.14160993953657,22.8708103525256,165.077622826643,32.6846279260148,16,HIIT01,16_HIIT01,HIIT,92,145.0,207.5
-0.582347513505253,-3.64034965591108,0.351606269297093,-13.3127829717018,88.9293748972207,-68.4711345563104,6,HIIT06,6_HIIT06,HIIT,310,111.0,183.0
0.605728054368307,-4.93891147684471,0.964834388452275,125.534609059385,180.686362865775,-9.14799208850093,6,HIIT05,6_HIIT05,HIIT,245,111.0,183.0
2.43089263302684,6.5349004301735,0.688200261735346,-2.67819999070162,-72.1743656420033,99.0406198914994,16,MICT05,16_MICT05,MICT,93,145.0,207.5
-15.6520559432631,-45.7773290564506,3.95165569649296,28.8245481406504,46.1728865178341,40.0725566269176,16,HIIT05,16_HIIT05,HIIT,10,145.0,207.5
3.03682861791888,-1.49634116986055,-2.10525949499121,234.652914223794,-48.8747551436341,215.54672335341,6,HIIT06,6_HIIT06,HIIT,182,111.0,183.0
1.56698617569449,5.20662767047378,-0.0149271026629616,-2.11782633593156,-95.2632511960788,68.8545802337754,6,MICT05,6_MICT05,MICT,87,111.0,183.0
1.41340096310863,4.62451374698848,0.0128444809096518,-9.63936865147053,-85.0218334489307,56.1394537533915,6,MICT04,6_MICT04,MICT,84,111.0,183.0
-0.819631933688392,3.07720074138485,0.0910439403423169,8.82769687887901,21.5242639068237,33.7501142687074,6,HIIT04,6_HIIT04,HIIT,1,111.0,183.0
1.62232070917474,1.82109037289012,-0.957670331144117,17.9124739805637,-109.353134093253,74.9293623518148,6,MICT02,6_MICT02,MICT,164,111.0,183.0
-0.363408699800258,-4.12910313248298,0.395292659839324,3.8115504301845,86.8751258372462,-63.783303264958,6,HIIT03,6_HIIT03,HIIT,312,111.0,183.0
2.40357545150294,4.96081440968887,0.595717449566713,-0.422071861642117,-118.114595160209,80.9209261675563,6,MICT02,6_MICT02,MICT,109,111.0,183.0
-5.31034161499032,23.6412182381228,0.238061445337122,35.0217046730754,60.4278219959443,3.56918307042378,6,HIIT02,6_HIIT02,HIIT,347,111.0,183.0
-0.0761958368811315,-5.10176547710501,0.682460046118245,-17.4060346280912,92.5400764561633,-85.597367974035,6,HIIT01,6_HIIT01,HIIT,294,111.0,183.0
1.22074531208111,-2.66883499900511,-1.08346736774909,20.0193581437978,80.206680450678,-26.8774056931146,6,MICT04,6_MICT04,MICT,208,111.0,183.0
-10.3600010092418,42.4809772550983,1.4322016753708,15.4008010972515,59.540508067783,-56.7567000193731,16,HIIT06,16_HIIT06,HIIT,346,145.0,207.5
1.04959628725258,6.27265360774658,0.342470909873872,3.56913707914823,-56.9574453073523,92.7793242076687,16,MICT05,16_MICT05,MICT,83,145.0,207.5
4.29875096247415,3.27192413885984,-1.11296959206282,-304.317278781898,-98.4847668526742,-276.443960337818,6,HIIT05,6_HIIT05,HIIT,147,111.0,183.0
-0.0352059016581409,-3.47270548933682,0.635627184372991,-15.5421655254282,73.3614574391421,-111.639711654152,6,MICT01,6_MICT01,MICT,279,111.0,183.0
0.912893776850875,-3.1085442992999,-0.570468938152506,-0.59944107317245,107.453707699264,-71.0195207289748,6,MICT02,6_MICT02,MICT,226,111.0,183.0
-4.58793934799746,14.5442568309509,-0.171435251538746,14.259940809827,47.3029152427211,-12.8349567719482,6,MICT01,6_MICT01,MICT,347,111.0,183.0
4.83791197221606,4.17944485338468,-0.40101175028079,-28.5759896000711,-130.669101721393,97.5548423545376,16,MICT04,16_MICT04,MICT,149,145.0,207.5
-2.79743984469079,-5.10351448707298,0.797838651555255,37.2841950940213,92.932006740779,-18.350593468345,6,HIIT06,6_HIIT06,HIIT,329,111.0,183.0
-0.530472060638666,5.2553165945438,0.107077645371071,3.67556793856072,-30.3662115781161,84.090148061051,16,MICT06,16_MICT06,MICT,72,145.0,207.5
0.170576588306123,-9.63468947756293,0.108811860939048,-10.5286556060379,34.6162675511888,-26.0959703506415,16,MICT03,16_MICT03,MICT,355,145.0,207.5
2.9202573314826,5.45971361941958,-2.84432165060282,-193.079041510588,-155.019393892543,-129.803385543008,6,HIIT06,6_HIIT06,HIIT,97,111.0,183.0
2.24145448899699,6.11165383692122,0.794671029864103,-0.68962888136992,-66.6561146586182,97.1451885182585,16,MICT03,16_MICT03,MICT,93,145.0,207.5
-0.934214830833437,6.09121635293045,0.665299197611735,-255.914823177621,-160.584740374843,-98.6310036669865,6,HIIT06,6_HIIT06,HIIT,63,111.0,183.0
-0.534654420561444,-3.41066025748762,0.689334649756549,-44.3578955243016,58.6358888840743,-112.472743498225,6,MICT05,6_MICT05,MICT,292,111.0,183.0
-0.8958051489943,-4.95245347710851,0.662482637222848,6.99328272366509,95.9266046199823,-82.8370311331786,6,HIIT04,6_HIIT04,HIIT,287,111.0,183.0
-0.0363363003530475,-6.30348673661101,0.647625219327735,-23.5650410905696,106.080021681061,-127.227193532195,6,HIIT03,6_HIIT03,HIIT,281,111.0,183.0
1.14652665589035,-8.1870199166007,-2.00521957510434,15.9313830751764,42.0063299363943,-155.887622284543,16,HIIT06,16_HIIT06,HIIT,236,145.0,207.5
4.28541601995107,-1.73532451350673,-2.99443309781873,-3.37774071044703,-17.8397235532,1.18146647102562,16,HIIT04,16_HIIT04,HIIT,191,145.0,207.5
0.238506185585205,5.59430015539823,0.280396737820505,-0.918101977992096,-40.5398454015562,87.0553137612444,16,MICT06,16_MICT06,MICT,78,145.0,207.5
1.87860908363134,-1.81362421338099,-1.4384026122546,30.9081817946777,-9.59196639730835,-6.02907786643461,16,MICT01,16_MICT01,MICT,205,145.0,207.5
4.85655184563204,4.52657987492034,0.432801808812122,-29.1189082024914,-126.487806364299,101.125187118974,16,MICT02,16_MICT02,MICT,144,145.0,207.5
3.86501010384444,2.59324707397889,-0.857811008258951,-10.8249461734645,-103.765457619221,88.0113470581948,16,MICT02,16_MICT02,MICT,162,145.0,207.5
-2.48023573597245,3.63587812418334,0.0319888433542813,-125.335493967886,-67.1052637582878,28.5023941800096,6,HIIT04,6_HIIT04,HIIT,39,111.0,183.0
-0.331548691346419,-4.31145350259828,-0.540818063447593,7.23035797873038,61.8929166939829,-114.080492103296,16,MICT01,16_MICT01,MICT,246,145.0,207.5
1.95427572544556,1.7205558980527,-1.00967024537398,27.614983880453,-114.006792358413,81.3063808033878,6,MICT03,6_MICT03,MICT,161,111.0,183.0
-3.64000472575605,1.77974401587552,-0.646760642739366,-15.7533769848388,-4.0650783885387,58.8401882928979,6,MICT03,6_MICT03,MICT,26,111.0,183.0
-3.59760221677549,-9.38013870491053,1.7496395619167,-25.1654541674531,71.5002811993471,-81.4713685788014,16,MICT03,16_MICT03,MICT,337,145.0,207.5
1.70550289930959,-2.48340838155197,-1.42789849507885,458.18109825405,18.6273032100274,444.825370869657,6,HIIT01,6_HIIT01,HIIT,190,111.0,183.0
-3.78701762637419,-6.46852283376971,2.01089701134902,76.0639875765477,-107.236423406362,-129.555271614196,16,HIIT01,16_HIIT01,HIIT,320,145.0,207.5
1.76797273283366,2.31992034822113,-0.803422010975563,-25.6281935720251,-156.704478639723,43.0623212255636,6,MICT04,6_MICT04,MICT,154,111.0,183.0
0.988394510237986,-0.647412076410332,-1.14190767729737,44.8109209622226,13.3448563390966,58.0945148327537,6,MICT02,6_MICT02,MICT,188,111.0,183.0
5.09701739404637,-0.864122137360736,-3.27335200626769,-7.01752005832224,-27.6542706521991,22.7344853978123,16,HIIT04,16_HIIT04,HIIT,186,145.0,207.5
8.16447316835646,7.68623873585146,-0.633369113757274,-44.5196375585326,-117.039838168443,144.088991743268,16,HIIT06,16_HIIT06,HIIT,144,145.0,207.5
-9.92983769217965,-27.399013361144,1.98106342974691,22.787542834178,27.9832563411013,31.8333351686193,16,MICT02,16_MICT02,MICT,10,145.0,207.5
1.33410432745155,-16.4371938510357,0.414629194432744,13.3511558956015,41.2158276975685,-33.3581984695355,16,HIIT04,16_HIIT04,HIIT,355,145.0,207.5
-2.19214954963424,2.74127004819177,-0.355182528701697,16.8507860521054,10.6667223360331,76.4445225012519,16,MICT06,16_MICT06,MICT,42,145.0,207.5
-8.06710858570128,3.29003735982961,0.117368028284373,32.611037370184,52.5061552585233,90.9556210573099,16,HIIT05,16_HIIT05,HIIT,25,145.0,207.5
3.21658326148854,-0.317978969193713,-1.76096989810586,62.973125667908,-61.5134785930604,56.4441751938098,6,HIIT06,6_HIIT06,HIIT,173,111.0,183.0
2.04443416989663,-2.86086385244355,-1.70407812816186,598.871093721851,18.1053442569748,574.858137129325,6,HIIT03,6_HIIT03,HIIT,193,111.0,183.0
-0.659329747455725,-2.57101576867651,0.282709591750246,-25.8728868422357,59.6196289455935,-85.7288220215067,6,MICT02,6_MICT02,MICT,320,111.0,183.0
-3.91820491696276,-6.71455799153486,1.59044013270956,-16.0998516636413,71.0755547009043,-75.1927424799667,16,MICT04,16_MICT04,MICT,339,145.0,207.5
4.48130203193342,2.96361600865467,-1.01884622054421,-18.6199475474163,-110.653879001483,85.6495377335987,16,MICT03,16_MICT03,MICT,159,145.0,207.5
0.27771794598513,9.40472243705391,0.999795746771725,-25.9488726026886,-57.1181631993575,121.336869446706,16,HIIT03,16_HIIT03,HIIT,76,145.0,207.5
-4.37878206828834,4.80260253284958,0.917812619736223,-115.075766983851,-72.0029106983161,22.6197669561202,6,HIIT01,6_HIIT01,HIIT,30,111.0,183.0
-1.28882264988389,4.12038042682791,-0.0756345654898979,18.3972116142009,-13.7526042063934,80.2651434250227,16,MICT01,16_MICT01,MICT,64,145.0,207.5
6.87182213224141,3.15382447368097,-2.76205276880139,-21.5217722414589,-78.5994785366954,85.3664627269291,16,HIIT05,16_HIIT05,HIIT,167,145.0,207.5
4.10787850633948,4.70464740230185,-0.426965392060626,-350.85893331384,-123.042014581856,-310.930404127854,6,HIIT05,6_HIIT05,HIIT,139,111.0,183.0
4.54019343596789,6.43655952694998,0.563445813330786,-275.607872319881,-164.07718421177,-226.04837987291,6,HIIT01,6_HIIT01,HIIT,134,111.0,183.0
0.594862855050171,-2.80608341660972,-0.66798408230128,14.1565134039996,99.4738124394354,-51.294301391382,6,MICT01,6_MICT01,MICT,225,111.0,183.0
-7.47241560902894,-15.5271897166627,1.77882410466966,-12.0300826478802,23.1862009396458,35.3203689568413,6,MICT06,6_MICT06,MICT,14,111.0,183.0
-1.42741627677697,-3.63642936783503,0.477940551930028,4.94308057485424,69.4153223948114,-45.7869810909891,6,MICT04,6_MICT04,MICT,328,111.0,183.0
6.5840071267142,10.4626456748579,1.68111832143383,-56.3764219769106,-110.212191562085,151.394953191214,16,HIIT03,16_HIIT03,HIIT,112,145.0,207.5
2.17101795584525,-1.2761133585167,-1.7794174119864,324.543054334721,-34.9156014756066,304.988013046155,6,HIIT02,6_HIIT02,HIIT,182,111.0,183.0
-2.39673856211139,2.96767292432066,-0.393793455848606,27.4620228685053,7.59311921588925,83.3439100107417,16,MICT05,16_MICT05,MICT,41,145.0,207.5
1.2667663645594,9.74190464917488,0.768761912015039,-23.2261004135348,-64.8888230425433,135.165122572153,16,HIIT06,16_HIIT06,HIIT,81,145.0,207.5
1.00256011975481,-3.27143736129001,-0.626348457300408,-5.6060979601022,107.205991766592,-70.3495630532124,6,MICT06,6_MICT06,MICT,217,111.0,183.0
3.27698526820255,6.60961108703477,-0.323961390028374,-139.294128448879,-153.329917899049,-94.4760175942663,6,HIIT06,6_HIIT06,HIIT,104,111.0,183.0
3.48454747706783,6.03271820471173,0.881287510137925,0.586731856882788,-80.1335876515708,106.067331688831,16,MICT04,16_MICT04,MICT,102,145.0,207.5
0.448438339616945,5.67076123539163,0.251443439313121,5.04202693486473,-48.6208964645687,86.5440947863521,16,MICT05,16_MICT05,MICT,79,145.0,207.5
-1.06059780282064,3.96745338007794,-0.139822936828853,20.1275928565759,-19.8582945195444,78.5983277863441,16,MICT04,16_MICT04,MICT,60,145.0,207.5
4.87571101354563,3.07025072220357,-0.797876130152484,-8.73451792703523,-118.291807051949,91.4012357150786,16,MICT01,16_MICT01,MICT,155,145.0,207.5
2.81077472991109,-6.86819453435594,-3.04823827620981,6.29888004883838,18.07324222694,-107.853918704372,16,HIIT06,16_HIIT06,HIIT,216,145.0,207.5
-1.2304072384639,4.21136916927536,-0.0747687409718058,17.894392694397,-15.0463583166817,80.4741009483825,16,MICT01,16_MICT01,MICT,65,145.0,207.5
-1.30097346535183,3.38712143786754,-0.250075125673621,26.7521753433449,-8.95657878455775,81.5616056006603,16,MICT03,16_MICT03,MICT,53,145.0,207.5
3.21387586362321,2.19888168566271,-0.900955835935436,-176.687366023604,-106.953432204428,-168.073577792446,6,HIIT02,6_HIIT02,HIIT,155,111.0,183.0
4.71140121886983,2.78873008803957,-0.878646788653059,-4.26201207390727,-114.571777444061,89.5590490964244,16,MICT01,16_MICT01,MICT,158,145.0,207.5
3.83168772909886,1.50743595403639,-1.52619061608967,-2.6542270457426,-83.6183709997604,68.5798712181069,16,MICT03,16_MICT03,MICT,171,145.0,207.5
1.74333261763838,4.86537695856116,0.007544006895956,6.1355879249159,-89.7518441476075,73.8173533869162,6,MICT02,6_MICT02,MICT,96,111.0,183.0
3.31235676879465,5.96263150557733,0.635131203327633,-182.497854621917,-174.774332773296,-135.58814969093,6,HIIT02,6_HIIT02,HIIT,118,111.0,183.0
2.72525465110642,6.66295240791649,-1.57503134986139,-233.568831585212,-179.031726912846,-157.754045897673,6,HIIT03,6_HIIT03,HIIT,97,111.0,183.0
5.19181217700029,4.95440956164716,0.788815808785469,-30.7606940815163,-133.221127079011,101.8742399761,16,MICT04,16_MICT04,MICT,143,145.0,207.5
-1.61017805631047,4.39696226222973,0.0776633568122519,-137.652974855405,-90.0448942549232,17.6859170870983,6,HIIT04,6_HIIT04,HIIT,49,111.0,183.0
-1.21918141818735,-4.05837128700972,0.546751451235869,0.667309484688943,70.4378062281539,-52.2616083487175,6,MICT04,6_MICT04,MICT,326,111.0,183.0
-0.405730702486869,-5.42901409688526,1.05595032193885,12.6307981478175,105.027985160216,-97.7301743491689,6,HIIT04,6_HIIT04,HIIT,273,111.0,183.0
-1.44617073759772,-3.10570627001385,0.667058418866029,-14.7326463870474,72.9054785384079,-118.021540081286,16,MICT03,16_MICT03,MICT,314,145.0,207.5
7.9575930652561,7.30315339093023,-0.942500976483029,-39.4588560659602,-105.154961448438,148.362295232701,16,HIIT04,16_HIIT04,HIIT,147,145.0,207.5
-2.07803863891717,2.78373180551744,-0.720409984173503,-12.8835773914619,-17.32862026573,61.5404005775109,6,MICT03,6_MICT03,MICT,34,111.0,183.0
-0.235055563218001,-4.68132803203881,0.96853859258057,-6.23867515641606,93.4417265295501,-85.3274483621172,6,HIIT03,6_HIIT03,HIIT,300,111.0,183.0
4.05888965361034,6.20574359376128,1.76843219193559,-6.94915532826804,-89.7154411819788,106.834378080753,16,MICT04,16_MICT04,MICT,107,145.0,207.5
-2.32028408859551,-4.03813727847138,1.03489711889629,-2.70747346033446,76.8705726403019,-53.507155377604,6,MICT03,6_MICT03,MICT,332,111.0,183.0
-0.424595653491923,2.78473427617162,-0.518671012958652,5.91762560589902,-27.3532589685695,59.2612714123029,6,MICT05,6_MICT05,MICT,53,111.0,183.0
5.26338563743147,5.48594491770826,0.490383700770291,-49.9202297445397,-141.717570552918,91.9660539220192,16,MICT05,16_MICT05,MICT,132,145.0,207.5
-2.25487478872042,-7.06909231505672,1.24684263611695,11.500418986286,61.7781271206687,-166.058322190715,16,HIIT05,16_HIIT05,HIIT,295,145.0,207.5
-8.74228258186653,26.9245555886794,0.136119785816297,63.2074987105184,87.3584329600573,16.6524516764188,6,HIIT04,6_HIIT04,HIIT,344,111.0,183.0
-3.01061900194956,2.73727452387662,0.853073623658529,11.3967706149476,37.8370844173067,-33.9776725337347,16,HIIT04,16_HIIT04,HIIT,351,145.0,207.5
7.53534398518237,10.2540764587114,1.1723736799453,-56.3552194803496,-117.867813383572,155.529079487357,16,HIIT05,16_HIIT05,HIIT,120,145.0,207.5
0.160139234094105,-4.77640042921736,0.985898778566976,-9.15997487794576,111.710013849196,-121.713821640736,6,HIIT02,6_HIIT02,HIIT,266,111.0,183.0
-9.69920250997767,-21.3858305875447,2.99289456235071,-40.3308670198317,-1.44098613356189,35.7840903165287,6,HIIT03,6_HIIT03,HIIT,14,111.0,183.0
7.79377369195022,9.90879130434088,1.01439260084488,-63.6702894892833,-124.022809025871,152.544175663449,16,HIIT03,16_HIIT03,HIIT,124,145.0,207.5
-13.9224211570985,-36.0776662525992,2.66478225760416,27.5255612692995,39.6017298436526,33.4814022863534,16,HIIT03,16_HIIT03,HIIT,9,145.0,207.5
-0.629616669269721,-9.92765216291378,-0.24363301232011,22.2520047662833,55.3762320605262,-191.507705809677,16,HIIT03,16_HIIT03,HIIT,260,145.0,207.5
4.94212402407743,3.80648417432624,-0.502840302234655,-24.1241615799399,-125.504530491591,88.1372212240149,16,MICT05,16_MICT05,MICT,153,145.0,207.5
-0.0344517124419863,-4.39869598590967,-0.81736245694784,1.61393179582524,64.9711172408292,-105.113132044058,16,MICT02,16_MICT02,MICT,238,145.0,207.5
-1.27285714267485,-2.96509301806677,0.605635749575626,-7.56015998812351,74.0550548039884,-116.655561863911,16,MICT04,16_MICT04,MICT,309,145.0,207.5
-1.79999373402149,-4.29845097982661,0.740455441527762,1.30271635756538,68.1729256988217,-122.261456416574,16,MICT06,16_MICT06,MICT,295,145.0,207.5
-1.14411402332598,-5.11463428836618,0.163153661743726,-0.716160428425708,77.6434839261278,-141.562126426141,16,MICT03,16_MICT03,MICT,273,145.0,207.5
2.15919610678673,-6.66134473094123,-2.19547375034283,147.80698909849,55.6810697985593,101.370229993621,16,HIIT01,16_HIIT01,HIIT,223,145.0,207.5
1.00277478749383,-2.44051054748132,-1.17735277991192,13.8522418939445,81.1201441644694,-13.6522929812138,6,MICT06,6_MICT06,MICT,201,111.0,183.0
-6.1650366902739,9.77505318986149,-0.313846268802158,36.5100815220285,54.0591131557079,78.6568882989309,16,HIIT03,16_HIIT03,HIIT,22,145.0,207.5
2.93977777570339,-6.10548336854686,-2.73152230092723,11.2871719434912,10.2187148114399,-86.7379327716634,16,HIIT03,16_HIIT03,HIIT,214,145.0,207.5
2.11893191312325,-2.50020690309101,-1.89552308973209,18.3947412117539,-1.19516967807117,-16.7796689843227,16,MICT06,16_MICT06,MICT,204,145.0,207.5
-5.67836218443376,15.9739688802423,0.458990187127564,47.2560052617055,87.381382265876,0.877050926614461,6,HIIT02,6_HIIT02,HIIT,343,111.0,183.0
-2.02435007617378,4.13549147586604,0.117912490128413,11.1896278034897,34.3542160070664,-7.96417688645151,6,MICT01,6_MICT01,MICT,350,111.0,183.0
4.65688992569612,-1.5976353074781,-3.19218114592224,-4.30061044752455,-18.0263137709349,1.4777917476614,16,HIIT06,16_HIIT06,HIIT,190,145.0,207.5
-1.14390116709922,-3.75968618182455,0.105309779445441,54.5199556779375,45.741563271764,24.0468648558285,6,HIIT03,6_HIIT03,HIIT,352,111.0,183.0
-1.69117570974953,-5.44298407052407,0.89249521956802,7.640644154325,87.6251639016535,-47.5231614335552,6,HIIT04,6_HIIT04,HIIT,323,111.0,183.0
-0.336103707434486,-9.68194916468983,0.951629625307459,26.6290989562688,27.529060526987,42.7717145556093,16,HIIT02,16_HIIT02,HIIT,353,145.0,207.5
-1.06749130168109,4.80401421555235,-0.121183175984447,15.640044543172,-25.1899826472935,81.4343770024461,16,MICT05,16_MICT05,MICT,66,145.0,207.5
4.55577915643721,3.56612294304785,-0.792390426220355,-24.8110436976589,-125.560111217667,95.7163179261894,16,MICT02,16_MICT02,MICT,155,145.0,207.5
3.08793559732123,7.18104811222363,-0.766157675204936,-155.694158148037,-157.918180116579,-77.5367003677274,6,HIIT04,6_HIIT04,HIIT,102,111.0,183.0
1.92006684732028,5.57788996722534,-0.447522865950252,-7.25307670118742,-108.323559600392,75.4555360001442,6,MICT03,6_MICT03,MICT,95,111.0,183.0
2.44886696041281,4.54005410889761,0.706805297343001,-9.14048884773215,-139.648224951766,81.7446858145635,6,MICT01,6_MICT01,MICT,123,111.0,183.0
-3.16435781040583,5.03520792769756,-0.55808328219137,-13.6298625518094,14.6861938232562,45.7981458542124,6,MICT04,6_MICT04,MICT,22,111.0,183.0
2.29282214026205,4.92313277893194,0.669979659191661,-1.37863809921311,-121.21693301906,84.0969653874603,6,MICT04,6_MICT04,MICT,109,111.0,183.0
2.99915220244839,1.118028415259,-1.34180805983851,-39.1596739453131,-72.6356051033563,-19.2420152886924,6,HIIT01,6_HIIT01,HIIT,166,111.0,183.0
0.67071500921741,-4.13841743860526,-0.132242202299792,-18.5811425561878,99.8724796970525,-133.406841782147,6,MICT03,6_MICT03,MICT,244,111.0,183.0
-4.00267463472225,5.35933550273038,-0.119850368664838,9.13840835611636,20.2964007865181,56.8907598438929,6,MICT02,6_MICT02,MICT,19,111.0,183.0
-0.0551161043071932,-4.435217591535,0.201001079371812,-20.9567050574999,88.3253108490522,-78.4499700457342,6,HIIT01,6_HIIT01,HIIT,305,111.0,183.0
-0.512550503659087,-2.66057227925446,0.474392615506175,-37.4378663787658,56.1993297018552,-108.604630448913,6,MICT02,6_MICT02,MICT,301,111.0,183.0
3.25995284414187,-0.277210134795413,-1.96429827300288,15.1640799811049,-50.4426389267863,40.1602054770497,16,MICT05,16_MICT05,MICT,185,145.0,207.5
-1.93953364440487,2.58640187234649,-0.298517671891232,27.2832036270186,8.15340569939055,82.2881419062683,16,MICT01,16_MICT01,MICT,42,145.0,207.5
-0.770836279821565,-8.61530288154971,-0.293237343099863,190.970134843486,122.39211087722,162.503210369078,16,HIIT02,16_HIIT02,HIIT,260,145.0,207.5
-1.6625762017146,-4.35730165888255,0.648802836482598,-4.09117375455881,77.1486732167347,-130.767073045383,16,MICT03,16_MICT03,MICT,292,145.0,207.5
1.79996212626469,4.21282380412391,0.176761340815209,2.19753284748089,-81.2822617766749,67.7975558373064,6,MICT01,6_MICT01,MICT,98,111.0,183.0
-9.73825616370164,-14.1708498330627,1.29595925559814,39.0845758049639,48.9949089793986,58.9643697236343,16,MICT05,16_MICT05,MICT,15,145.0,207.5
-3.43777106250696,-6.21652977572309,1.93384448579355,80.8977753494644,122.837106406591,105.626534835764,16,HIIT02,16_HIIT02,HIIT,318,145.0,207.5
8.25598226189818,3.92094768993309,-2.07953605870878,-300.171175550672,-20.9324594399551,-272.694759089253,16,HIIT01,16_HIIT01,HIIT,162,145.0,207.5
4.21024865339526,9.74234567958973,1.30778484561412,-46.3771776307571,-91.818696870394,141.66482375021,16,HIIT05,16_HIIT05,HIIT,101,145.0,207.5
-0.125196508149178,3.86365975665874,0.213802528074369,12.7620348727719,-42.9068417716321,57.9141727245357,6,MICT02,6_MICT02,MICT,69,111.0,183.0
-0.987415701785624,-5.53207039982802,0.233875387465376,-0.645540781141879,81.5316854080866,-146.058934518338,16,MICT05,16_MICT05,MICT,267,145.0,207.5
0.611770190741806,9.57172410445849,1.07723095440045,-27.7459356945675,-60.4645651795555,123.321745848891,16,HIIT03,16_HIIT03,HIIT,78,145.0,207.5
1.02602226575555,-3.27636009499167,-0.687909459098994,7.61482714843115,96.9182143279479,-66.7059973896482,6,MICT04,6_MICT04,MICT,221,111.0,183.0
-2.46474560065791,-4.46818628672729,1.22717170114751,-32.6186641420999,72.4653318112001,-108.076930779153,16,MICT01,16_MICT01,MICT,326,145.0,207.5
3.9978119614032,-3.24694488024417,-3.17943244227996,-0.466355228363048,-4.92020886908713,-32.4849331700319,16,HIIT06,16_HIIT06,HIIT,198,145.0,207.5
-1.76533936387552,-8.55059983642182,0.543872226821375,9.86234513788652,58.2050081410431,-196.346061621657,16,HIIT04,16_HIIT04,HIIT,274,145.0,207.5
8.38145639222692,9.51746786047212,0.74261258232425,-54.2842473945986,-132.175593467803,156.449514810121,16,HIIT06,16_HIIT06,HIIT,129,145.0,207.5
-3.78582673677017,-7.30425375021098,2.36422013186172,13.847872489131,65.1185649132399,-130.42387288991,16,HIIT06,16_HIIT06,HIIT,320,145.0,207.5
2.12435578792924,10.5469732779559,0.947042445258751,-20.1713243468995,-72.0476214806339,142.653146837372,16,HIIT04,16_HIIT04,HIIT,86,145.0,207.5
3.15958413372699,5.24639716069363,0.799278615860721,-17.6556156515808,-171.070218188642,83.5745392123641,6,MICT03,6_MICT03,MICT,125,111.0,183.0
3.13604390488426,0.923079470527138,-1.52898242910577,2.93519269417722,-71.2872706772571,62.907156583563,16,MICT02,16_MICT02,MICT,177,145.0,207.5
-0.519555762502127,-4.15728387227059,1.22940603573355,-30.618777059639,68.9883715599393,-126.640336540703,6,MICT03,6_MICT03,MICT,287,111.0,183.0
-0.455744790480173,5.50603846014874,1.22373043299414,-189.226718845261,-143.898280572469,-55.9064151145345,6,HIIT02,6_HIIT02,HIIT,65,111.0,183.0
-1.29029732009402,4.10824778594258,-0.0384798271664412,-14.6990404468678,10.8058258178542,19.9643046559151,6,HIIT02,6_HIIT02,HIIT,4,111.0,183.0
1.76462800182778,1.15920789450774,-1.16702601807603,37.3401974405484,-91.329791183116,81.5048456367198,6,MICT03,6_MICT03,MICT,166,111.0,183.0
-10.4866009111215,-20.2440607839305,1.65082406118734,35.9317684220199,43.5171476494136,51.7304320624055,16,MICT03,16_MICT03,MICT,14,145.0,207.5
4.82556131117916,1.15133639173925,-2.09765303130993,-107.046796777644,-74.0358600080071,-107.140824795846,6,HIIT04,6_HIIT04,HIIT,162,111.0,183.0
0.29910374761811,9.8260633620942,0.732238873088248,-14.6556330737623,-57.4581897932163,130.317432467206,16,HIIT04,16_HIIT04,HIIT,76,145.0,207.5
-0.819600137880182,5.89409199906131,0.210554646695726,-174.198871721253,-142.234610976847,-42.5030259810796,6,HIIT01,6_HIIT01,HIIT,59,111.0,183.0
-0.522593032824946,-7.8520260296606,-0.311618754395926,188.489035154334,94.1908172006381,158.676604920538,16,HIIT01,16_HIIT01,HIIT,249,145.0,207.5
1.06080495959685,-0.956690877828864,-1.33066198772536,33.084062556159,4.38024736112997,41.1466784104077,6,MICT05,6_MICT05,MICT,183,111.0,183.0
1.19339033459625,5.87592950370031,0.370492563103359,-4.68023736145648,-51.7158430277102,91.7677918598942,16,MICT06,16_MICT06,MICT,85,145.0,207.5
0.656385721176081,-8.79176254591339,-1.37012199446874,22.1940230153451,42.8125489694138,-161.67264041667,16,HIIT03,16_HIIT03,HIIT,243,145.0,207.5
-4.08296549238694,-7.26128539225498,2.32027788903791,69.0915814047374,-103.257613560389,-129.934247280443,16,HIIT01,16_HIIT01,HIIT,323,145.0,207.5
1.21862980277707,0.466909151527201,-1.06350527783647,34.4338489841996,-60.2420082616452,66.8392429784422,6,MICT05,6_MICT05,MICT,170,111.0,183.0
-2.38958691710422,3.78969473207035,-0.357579250280792,-127.359246227485,-96.2232866842576,17.7149012651597,6,HIIT03,6_HIIT03,HIIT,40,111.0,183.0
-3.42721343038102,-4.29744488283703,1.76649612839467,-23.0472264033497,70.7693585606564,-93.8890252744482,16,MICT03,16_MICT03,MICT,331,145.0,207.5
0.0981770771291479,-3.87817356809037,-0.656703290521055,12.9306762729319,43.0303997864508,-88.521032111653,16,MICT01,16_MICT01,MICT,233,145.0,207.5
-0.506464757732142,-3.71401192529577,0.7125794155455,-29.6817192665139,61.5449946210379,-106.864606374538,6,MICT06,6_MICT06,MICT,292,111.0,183.0
1.92267622907926,-3.94691331680506,-1.81662513806466,569.77356825087,68.7037338430028,509.519886976968,6,HIIT06,6_HIIT06,HIIT,204,111.0,183.0
1.11805217683781,-3.87646670276279,0.518982587319229,-15.5967949341646,102.511350287146,-122.448195293403,6,MICT05,6_MICT05,MICT,241,111.0,183.0
1.79601902147157,2.6110527296208,-0.170653135985476,6.12145191837169,-147.216676369601,69.8189833896916,6,MICT05,6_MICT05,MICT,150,111.0,183.0
1.01650066869005,-9.46091817556961,-1.79557090101978,22.0145152189719,40.3332168540942,-162.335759012322,16,HIIT03,16_HIIT03,HIIT,239,145.0,207.5
8.68047003291064,10.8593802033534,1.05317869267263,-66.7839009044843,-130.379271189263,160.246383188465,16,HIIT03,16_HIIT03,HIIT,125,145.0,207.5
-8.46785906630092,-27.4906601413645,3.544336670197,-23.9614501558323,7.80547326910782,29.3898142513603,6,HIIT02,6_HIIT02,HIIT,11,111.0,183.0
-5.61125944975894,-16.7878016004993,1.84628387487111,-7.90761930865358,14.2322705958436,19.9152189864663,6,MICT06,6_MICT06,MICT,9,111.0,183.0
2.76049704158004,10.1749572530576,0.877186330513648,-30.2231077021104,-80.1852711258262,142.374876626851,16,HIIT06,16_HIIT06,HIIT,89,145.0,207.5
-2.41147986431659,-10.2030303419264,0.982980134821786,76.3249534051619,92.0698239803977,18.2902421482091,6,HIIT05,6_HIIT05,HIIT,336,111.0,183.0
-2.65789525822138,-6.62331182186593,1.26894676130695,14.2869246782933,65.4480085324284,-161.501181945347,16,HIIT03,16_HIIT03,HIIT,305,145.0,207.5
1.80971988081868,7.51498116458026,-1.06385904751427,-308.155435758235,-204.137440664155,-198.039872711933,6,HIIT03,6_HIIT03,HIIT,88,111.0,183.0
5.71079199851726,4.85328312324424,0.0656221325224684,-36.9020989811772,-129.109922600722,96.0135723714148,16,MICT06,16_MICT06,MICT,146,145.0,207.5
3.84060356577579,-3.61612713298086,-3.20546993846278,0.421518178245472,-2.19101538371987,-40.9771609469633,16,HIIT06,16_HIIT06,HIIT,200,145.0,207.5
-0.512805741241055,2.10528074785622,-0.194988510510758,-1.35480331705177,18.7230557045455,22.9436636645914,6,MICT03,6_MICT03,MICT,1,111.0,183.0
-0.853440893400985,-3.11193173398906,0.430771235372209,-18.3579513122314,71.3657481288133,-68.8088881138671,6,MICT05,6_MICT05,MICT,321,111.0,183.0
4.25675156258429,6.78940072645689,-0.238807576179374,-170.957099865832,-175.712157544305,-116.440831300104,6,HIIT01,6_HIIT01,HIIT,112,111.0,183.0
-0.839014695179036,-3.43141936022316,0.51030703565816,-4.41925278608078,66.782853310832,-56.501479123417,6,MICT04,6_MICT04,MICT,323,111.0,183.0
1.24464505951225,0.709091857127443,-0.969459683263538,38.6723633049528,-55.4666190233048,77.1170471920572,6,MICT02,6_MICT02,MICT,174,111.0,183.0
0.786104628120892,6.13924898485849,-1.5630567967816,-286.191956327901,-172.611832062071,-168.091254696939,6,HIIT05,6_HIIT05,HIIT,81,111.0,183.0
-9.2874835811843,31.2099370593041,1.02850184095885,94.9978312476165,84.769435648544,37.6967502719906,6,HIIT03,6_HIIT03,HIIT,345,111.0,183.0
-18.761181574364,-42.6792963272808,6.39433568873232,89.3935343481791,64.5114221715365,-61.8318308878719,16,HIIT01,16_HIIT01,HIIT,10,145.0,207.5
-3.04759454435213,17.1749199615167,0.596493684715576,-14.001645609318,42.287590680517,-37.9431711011857,16,MICT02,16_MICT02,MICT,348,145.0,207.5
-0.796124420484785,-3.50871675931881,0.805923293485599,-4.30787179732808,86.4785348969129,-69.8014138993476,6,HIIT04,6_HIIT04,HIIT,305,111.0,183.0
8.19502269536917,7.86486299543385,-0.868778313713865,-48.7640377576056,-118.04369533362,142.826944015954,16,HIIT05,16_HIIT05,HIIT,142,145.0,207.5
-2.78438922762088,-6.26777931946171,1.63760037639138,8.88282642756727,66.0940350290608,-139.044781648371,16,HIIT05,16_HIIT05,HIIT,315,145.0,207.5
5.57477320725786,9.69556519235474,0.92337205548124,-51.0244002800111,-103.515195124256,146.22766898497,16,HIIT05,16_HIIT05,HIIT,110,145.0,207.5
-0.627669592774899,-3.89114319139786,0.505356848566168,-13.3298078075663,88.0281480930139,-91.9636151966384,6,HIIT02,6_HIIT02,HIIT,294,111.0,183.0
3.68745812257435,0.941115895282035,-1.44123975876586,18.8040404098368,-81.0725844865963,66.9644162394289,16,MICT01,16_MICT01,MICT,176,145.0,207.5
-0.718314260144026,6.81417808197553,1.38947993547358,-224.85073035825,-145.923609794591,-64.2377154852818,6,HIIT04,6_HIIT04,HIIT,68,111.0,183.0
3.03968894997405,0.810566275274887,-1.59295632340325,-53.0693338234839,-87.3936340392573,-53.9371935158612,6,HIIT02,6_HIIT02,HIIT,164,111.0,183.0
-1.07008184990168,-5.19056886996546,0.257296758438044,-5.98996635590475,77.2354600074921,-142.425612684745,16,MICT04,16_MICT04,MICT,272,145.0,207.5
4.29302738626846,7.54577212261463,-0.128374525640851,-177.773953663933,-180.749339836515,-118.06216316379,6,HIIT01,6_HIIT01,HIIT,107,111.0,183.0
-2.63600299064019,-6.3246143750216,1.24796044547676,117.925267589304,136.604850577401,123.475763117369,16,HIIT02,16_HIIT02,HIIT,297,145.0,207.5
0.419612523138458,5.61973947248915,0.327944034830047,23.3496163818608,-43.4541695984483,91.2186376389612,16,MICT02,16_MICT02,MICT,78,145.0,207.5
0.92705415788055,-3.23982754239285,-1.2356269304245,-8.12634692336123,101.279223891399,-77.4179285583487,6,MICT05,6_MICT05,MICT,218,111.0,183.0
4.46108059644982,10.4948133695028,1.60002491309119,-44.5812667911654,-91.2258670033273,144.082198829158,16,HIIT03,16_HIIT03,HIIT,99,145.0,207.5
4.04052004727484,7.14097228654563,0.283726960654817,-258.169373052988,-163.319574652459,-186.545796219457,6,HIIT04,6_HIIT04,HIIT,120,111.0,183.0
-0.319952041416402,-4.70472024654143,1.07581993707517,-15.5673477924038,93.7396121316239,-111.748202086851,6,HIIT02,6_HIIT02,HIIT,281,111.0,183.0
1.71538983349704,2.34801764203576,-0.492274394932423,8.1963135858728,-150.675610517035,78.9729971453409,6,MICT06,6_MICT06,MICT,153,111.0,183.0
-1.06042044134967,-5.11079313626409,0.0513599431921554,-1.48345795565647,76.8891305756134,-142.37936597437,16,MICT03,16_MICT03,MICT,271,145.0,207.5
-3.7468327929346,-8.81452517053647,1.63118581006461,-15.6590661534386,70.6876132354955,-76.7997830837478,16,MICT04,16_MICT04,MICT,338,145.0,207.5
-1.99890818846433,2.13704879732335,-0.436700066201516,-25.0979333905843,-4.91324083647244,40.7734379203513,6,MICT01,6_MICT01,MICT,33,111.0,183.0
3.88831853265184,6.46194095770916,-0.206620449464619,-135.946583296281,-159.314686646358,-97.2775606496051,6,HIIT06,6_HIIT06,HIIT,114,111.0,183.0
-2.52026638953491,-2.11967143227524,0.352851814709703,6.7648426836315,22.8337148592504,19.6694262223269,16,MICT01,16_MICT01,MICT,6,145.0,207.5
0.526985729347827,4.05064730335055,-0.110489936239172,-5.31888507511997,-70.4661553700046,49.7019652113977,6,MICT02,6_MICT02,MICT,79,111.0,183.0
1.23635458462277,5.89900645339634,0.578536608499413,15.19891609942,-54.1090122059061,92.9556748793911,16,MICT02,16_MICT02,MICT,84,145.0,207.5
1.0516157958849,-0.660761598990083,-1.30459455972541,44.1472929204206,-11.4180987524797,68.2574825622849,6,MICT06,6_MICT06,MICT,178,111.0,183.0
0.780329668384733,-4.05591932392998,-0.856098999844956,449.178321289462,174.148940873556,357.694111601988,6,HIIT05,6_HIIT05,HIIT,217,111.0,183.0
-2.45294169048266,2.89911308820241,-0.367563391319591,17.9702014851707,12.2745996618405,79.3539514335577,16,MICT06,16_MICT06,MICT,41,145.0,207.5
0.152896251590415,-4.87969860607996,-0.921542042073997,12.1056621022665,68.1957589355326,-109.523037149327,16,MICT03,16_MICT03,MICT,242,145.0,207.5
5.12644721301633,3.09867191466706,-0.924938831675612,-5.96964707942181,-120.181968343968,93.5541118990353,16,MICT01,16_MICT01,MICT,157,145.0,207.5
-1.69064691605471,3.07041456555638,-0.283332491906609,24.8977658892081,2.34306296391683,82.8805757692082,16,MICT01,16_MICT01,MICT,49,145.0,207.5
-4.24327618265921,19.5458261874721,-0.645597817748694,4.4719436997836,54.5435892520739,-15.7755073639709,6,MICT03,6_MICT03,MICT,347,111.0,183.0
-4.47579856899249,-3.96525494729057,0.478085285360307,24.1737092279361,39.6060595956842,30.2883290735494,16,HIIT06,16_HIIT06,HIIT,6,145.0,207.5
-1.01609014429455,-4.00495443279673,0.6915567711285,-2.59545231503176,89.2576088724504,-65.6680649008208,6,HIIT04,6_HIIT04,HIIT,314,111.0,183.0
7.11946796360255,0.612952170281262,-2.94462204632296,-190.208605236603,19.8409696187612,-191.540001002658,16,HIIT01,16_HIIT01,HIIT,178,145.0,207.5
-5.81611623270926,11.3259312573255,-0.756288809700042,44.9722348178515,62.9159358965598,81.1041892521432,16,HIIT04,16_HIIT04,HIIT,20,145.0,207.5
-4.70556209086058,-15.1275240177208,2.84678502443,16.2849087872258,78.2154980120382,-91.0626363661313,16,HIIT05,16_HIIT05,HIIT,337,145.0,207.5
-2.35445514766909,2.86109464470264,-0.582014347081215,40.2116672021884,3.63886654912403,85.5182303993941,16,MICT02,16_MICT02,MICT,39,145.0,207.5
-0.0226803495801492,4.28268619689123,-0.163306957886048,5.96534593086631,-47.4623837008428,61.1940866708922,6,MICT05,6_MICT05,MICT,65,111.0,183.0
-0.0633906583984074,1.46172397234133,-0.125148134790782,4.89922814035124,28.0573798058416,16.8548770370099,16,MICT01,16_MICT01,MICT,0,145.0,207.5
2.05556213449505,2.91368693857089,0.184054996131327,5.47436167372948,-160.733142821172,81.703371141859,6,MICT06,6_MICT06,MICT,149,111.0,183.0
0.513148056241042,-4.51288909789457,-1.20930308520394,14.4551511796857,56.9152146308462,-88.6507459470856,16,MICT03,16_MICT03,MICT,232,145.0,207.5
-2.87982820597544,-4.18108845705289,1.61048252529891,-23.1938135885527,71.4436498011076,-94.3975045013091,16,MICT05,16_MICT05,MICT,328,145.0,207.5
3.10680386516526,10.3303255822955,1.37991191792618,-38.5555009738816,-81.4122566123101,137.956551256145,16,HIIT03,16_HIIT03,HIIT,92,145.0,207.5
0.538701209168112,-2.90163877211486,-0.21437746685489,1.09082608541218,93.581661139844,-81.0357739090599,6,MICT01,6_MICT01,MICT,236,111.0,183.0
4.4938014099105,2.19803512444452,-1.4320065322065,-4.77274598464645,-102.271165070482,76.7035829892669,16,MICT05,16_MICT05,MICT,167,145.0,207.5
-5.40996815995064,10.8166913389151,2.15796885986385,-53.2993847967091,-24.138642049796,46.4659387321745,6,HIIT01,6_HIIT01,HIIT,19,111.0,183.0
0.622423550456557,4.92076476918555,0.22755768817421,-13.5578401830424,-78.7028073210021,54.5090485544908,6,MICT03,6_MICT03,MICT,74,111.0,183.0
1.14201731886693,-4.48429286933151,-1.31047738149087,563.049662044217,184.507070530729,501.454584589993,6,HIIT03,6_HIIT03,HIIT,211,111.0,183.0
-0.926202184248073,-3.36704347933605,0.489175643858175,-16.2133557428954,72.0236350956017,-66.4890302983859,6,MICT05,6_MICT05,MICT,322,111.0,183.0
1.3607807571698,-3.04876573699009,-1.72309019079431,5.06171080116806,17.6557827698726,-38.7010518780821,16,MICT04,16_MICT04,MICT,210,145.0,207.5
3.45283881585878,4.788037445852,0.299445591091037,-235.709086370333,-162.83394169757,-201.845340470199,6,HIIT02,6_HIIT02,HIIT,133,111.0,183.0
1.008972429611,-2.22722525989053,-0.857162410675633,21.0474447010025,90.4475987221603,-12.9992090247702,6,MICT02,6_MICT02,MICT,210,111.0,183.0
4.83434017610972,6.26660933553679,-0.13557548773413,-265.287816625269,-171.070222599096,-213.407481223987,6,HIIT01,6_HIIT01,HIIT,131,111.0,183.0
3.58192352542042,4.02153317868867,-0.378059584148706,-256.652094146716,-152.321902653837,-227.869947948306,6,HIIT02,6_HIIT02,HIIT,138,111.0,183.0
-3.22838012944067,-5.03885159232086,0.948207715136774,26.3377063692809,93.006438875868,-28.3807732595925,6,HIIT04,6_HIIT04,HIIT,330,111.0,183.0
4.39456658918535,6.29083543134622,-0.205194018612076,-317.146453377077,-153.401358106559,-249.907009352256,6,HIIT04,6_HIIT04,HIIT,128,111.0,183.0
-0.118781109188309,-5.10214627245095,2.66609197817017,69.118142497868,126.941390271376,-57.2263722862222,6,HIIT04,6_HIIT04,HIIT,266,111.0,183.0
2.01059942093132,-1.61547739193968,-1.45765229293767,31.1009248472247,-14.4101399700347,-0.232553019655157,16,MICT01,16_MICT01,MICT,203,145.0,207.5
-4.17546336774937,5.5721419717979,-0.401630754815975,31.8773885105148,31.2627683300391,64.9643310831405,16,MICT04,16_MICT04,MICT,22,145.0,207.5
0.219396041906436,-4.27859924807122,0.684640728474158,2.69527882504879,103.537928463259,-122.200050187336,6,MICT03,6_MICT03,MICT,267,111.0,183.0
2.67758393241079,-2.61738717076675,-2.05493837573226,434.090300970353,-23.4286705920999,401.304349862174,6,HIIT06,6_HIIT06,HIIT,190,111.0,183.0
3.27161029713624,-1.42898783574968,-2.18869843062197,220.654745358672,-52.5316150400458,202.304421153386,6,HIIT06,6_HIIT06,HIIT,181,111.0,183.0
1.06151659534049,6.88029242628585,-1.10867768162137,-291.333108020394,-177.375160105997,-175.21245128447,6,HIIT05,6_HIIT05,HIIT,83,111.0,183.0
-6.60529589109114,4.4532747229978,-0.669992113590335,153.492724952023,145.303223727479,-72.5632903070749,16,HIIT02,16_HIIT02,HIIT,32,145.0,207.5
1.05570268900864,-2.9341622873828,-1.18000342927107,29.8944762318503,94.2534697186788,-15.9463668134094,6,MICT03,6_MICT03,MICT,208,111.0,183.0
-4.78082516614198,4.18060122439385,-0.315947033961026,37.1094003347878,35.7248339924047,72.7891384642679,16,MICT05,16_MICT05,MICT,23,145.0,207.5
1.5350132906527,-2.95242352749222,-1.88684991461717,481.386602362744,53.3082113930597,458.959602422301,6,HIIT01,6_HIIT01,HIIT,195,111.0,183.0
-1.29636584168757,5.4292742194506,0.835564196615122,-161.348795696835,-110.051114430335,-4.47316441593557,6,HIIT04,6_HIIT04,HIIT,56,111.0,183.0
-1.84105026199895,-8.5270749041173,0.648585331511453,10.2791273840064,58.7082468461225,-195.532028750991,16,HIIT04,16_HIIT04,HIIT,275,145.0,207.5
-10.0032254861147,41.0543959069405,1.20585782683159,16.6396697774863,61.3146686648067,-59.1796868414397,16,HIIT04,16_HIIT04,HIIT,346,145.0,207.5
4.62889566165629,6.19311251923135,1.38095318118519,-45.1029508729875,-122.780218063487,95.5592054080966,16,MICT03,16_MICT03,MICT,119,145.0,207.5
0.752233346150742,-6.0200522060541,1.61113142969967,29.5819356339826,156.731030872179,-103.97141196264,6,HIIT03,6_HIIT03,HIIT,263,111.0,183.0
0.853180671309687,-2.2962355355767,-0.487571196387966,29.1005277700431,90.7495989037982,-15.1765837017093,6,MICT01,6_MICT01,MICT,215,111.0,183.0
-1.47559966540742,-4.57526976470237,0.736355414349121,-6.80864882239258,78.5864138432933,-135.35654264,16,MICT02,16_MICT02,MICT,283,145.0,207.5
3.19537538697135,6.38131971280586,1.18497422342887,-148.488885223313,-171.397386783618,-102.801451595577,6,HIIT02,6_HIIT02,HIIT,115,111.0,183.0
-0.421272405412476,-1.97899739389818,0.179600529469433,-43.9313444275812,49.3395270748827,-106.065883004615,6,MICT01,6_MICT01,MICT,306,111.0,183.0
3.30697753896386,-0.748989562561816,-2.11397568682582,12.5901569259206,-43.3269984766402,28.0706540694378,16,MICT06,16_MICT06,MICT,188,145.0,207.5
3.95432867642897,4.97256162044433,0.0265390863378105,-322.530557780781,-119.363132278807,-286.537890971035,6,HIIT06,6_HIIT06,HIIT,139,111.0,183.0
-2.86940655201739,-2.18173630678442,0.950459343735942,-10.8893386181918,6.53649918440954,21.7061974320984,6,HIIT03,6_HIIT03,HIIT,6,111.0,183.0
-0.148526933562836,3.46933622908259,-0.0810746373413592,2.50215057561425,-36.4521075738598,48.5110197927374,6,MICT01,6_MICT01,MICT,70,111.0,183.0
5.45813928842263,-0.881897391410692,-3.35063002478228,-3.08392502627477,-23.003173794765,24.8028165368029,16,HIIT03,16_HIIT03,HIIT,186,145.0,207.5
1.78855607778529,-4.96857930521471,15.1006284341918,3331.69527139857,1589.8567413089,1589.67898251723,16,HIIT01,16_HIIT01,HIIT,277,145.0,207.5
4.28666311971174,5.15650097534071,-0.603530821694697,-312.510422416842,-135.798772274202,-255.278172356927,6,HIIT04,6_HIIT04,HIIT,133,111.0,183.0
5.03103369689078,3.36651197711707,-0.616298588714477,-12.7956917389469,-121.040650440616,93.0326374547527,16,MICT01,16_MICT01,MICT,152,145.0,207.5
4.40368853257044,4.26854600353631,-0.612493654950085,-317.73052627671,-125.404373959782,-284.751871536781,6,HIIT03,6_HIIT03,HIIT,146,111.0,183.0
2.48388583676151,-1.27162354410903,-2.11742981599094,308.546906940137,-32.0116316074177,310.134178381261,6,HIIT01,6_HIIT01,HIIT,181,111.0,183.0
-0.659778653500923,-5.11008758859824,0.0995077781642912,4.83325019849492,77.9531289029665,-135.871495609114,16,MICT03,16_MICT03,MICT,261,145.0,207.5
1.45848587488215,-3.20763531679928,-1.73069734459769,14.4862860041643,20.3854757348099,-41.9526390762292,16,MICT03,16_MICT03,MICT,213,145.0,207.5
-0.382907284527232,-1.85083842023724,0.366020623503025,-32.699897284511,55.4080640600272,-93.0016129243249,6,MICT02,6_MICT02,MICT,313,111.0,183.0
-0.556939606801295,-2.50896203832189,0.588833054688019,-21.4470472469437,64.6592670943,-83.5684341009436,6,MICT04,6_MICT04,MICT,303,111.0,183.0
2.23064129662308,-1.29962602573548,-1.92342095095457,322.366147090009,-26.7325336737684,322.511763944168,6,HIIT01,6_HIIT01,HIIT,182,111.0,183.0
7.85888636986263,6.45093909239536,-1.56334331212461,-41.019371853202,-108.47129587622,129.453184175876,16,HIIT05,16_HIIT05,HIIT,150,145.0,207.5
0.585461040487535,5.86206936950144,0.194626970974522,11.1754774541978,-49.6262585863848,90.1241917439817,16,MICT04,16_MICT04,MICT,78,145.0,207.5
0.0971254059329861,-3.98122472575374,0.0137321725964007,-25.2172115790003,79.6276764762583,-135.353414926203,6,MICT06,6_MICT06,MICT,267,111.0,183.0
-0.0264695954049992,-4.03413950057307,0.528092702045648,-23.5453277250788,75.703966828213,-123.437639629176,6,MICT06,6_MICT06,MICT,276,111.0,183.0
0.673239925542265,-3.99650287128149,0.288922555050489,-42.7103978280719,73.9067060626471,-155.425454292354,6,MICT06,6_MICT06,MICT,253,111.0,183.0
0.0197309903888867,-3.29622281820471,0.0261372158382498,-42.7630002689778,53.1314310832652,-140.579402737966,6,MICT01,6_MICT01,MICT,268,111.0,183.0
1.90749645866562,2.95135899118693,-0.16174574994916,-4.01423833706519,-151.098792167017,70.7582733565445,6,MICT01,6_MICT01,MICT,149,111.0,183.0
1.4298144201587,-2.74296111336816,-1.63133631464471,488.1155513096,59.4086805894222,449.680043089523,6,HIIT02,6_HIIT02,HIIT,197,111.0,183.0
1.15162148612052,-1.76530040850195,-1.37543236147354,28.8125544606645,37.5786975227679,14.9127862377397,6,MICT04,6_MICT04,MICT,194,111.0,183.0
-0.787935896067987,-4.65208730773745,0.68787428053085,-22.8338145956155,91.2896927393982,-91.7138110048895,6,HIIT06,6_HIIT06,HIIT,294,111.0,183.0
-0.526812306165151,-8.65684766603749,-0.489016018205701,193.454509425275,118.38720723423,163.343154072055,16,HIIT02,16_HIIT02,HIIT,257,145.0,207.5
2.61126046670917,-2.83025951751746,-2.42704487839425,457.447021449524,-30.8090231096089,422.643027395254,6,HIIT05,6_HIIT05,HIIT,188,111.0,183.0
-6.95975410881606,4.94886785483517,-0.153464990073369,24.3241129800524,42.3681166253916,97.3846696807964,16,HIIT06,16_HIIT06,HIIT,30,145.0,207.5
-0.62775528892528,-2.92745351621178,0.169633936609813,-21.867617906727,77.8976347055536,-80.6301712123711,6,HIIT02,6_HIIT02,HIIT,313,111.0,183.0
0.161188435562647,-3.96340289270919,-0.309778068054422,-44.2067594970103,67.9617017110359,-153.899152174959,6,MICT06,6_MICT06,MICT,262,111.0,183.0
1.20272716343859,0.85741586071913,-0.940024755431712,30.1790267347603,-77.8741570874868,68.4400495838582,6,MICT05,6_MICT05,MICT,166,111.0,183.0
4.49359855497765,4.49037497000314,-0.576270002001776,-320.289750255079,-131.380046828106,-285.544407792145,6,HIIT03,6_HIIT03,HIIT,144,111.0,183.0
1.30445795706746,6.32849070658624,0.416612165599076,2.83236056067821,-59.9238369399683,94.2916775994284,16,MICT05,16_MICT05,MICT,85,145.0,207.5
0.730350212758721,-6.0091430474554,2.21919127365143,11.7103041334761,145.257222617251,-118.073821518842,6,HIIT03,6_HIIT03,HIIT,265,111.0,183.0
-0.439272098314991,-3.87012579371532,0.859275764341482,-40.4947854201087,64.971984103939,-118.244242365947,6,MICT05,6_MICT05,MICT,288,111.0,183.0
-4.97363198755262,10.0954794718233,0.280854116478934,-54.743587509688,-0.290595554249151,54.7161703053973,6,HIIT04,6_HIIT04,HIIT,20,111.0,183.0
5.20015322160349,-3.2175496224869,-3.19401045364039,-20.0083164867509,36.4358066283376,-50.6490460863479,16,HIIT01,16_HIIT01,HIIT,198,145.0,207.5
2.12417293400113,12.8433184606599,-7.99092882745732,-3568.34844119156,-1974.79981852315,-770.02863689954,16,HIIT02,16_HIIT02,HIIT,117,145.0,207.5
1.15733628869644,5.92146489853352,-1.16803765686638,-244.793408169493,-177.429104412493,-133.084824534594,6,HIIT02,6_HIIT02,HIIT,84,111.0,183.0
4.54180902676425,2.29757226864169,-1.45020413667517,-195.934555676341,-81.5431661495966,-180.294567869269,6,HIIT04,6_HIIT04,HIIT,154,111.0,183.0
-1.17212860573738,2.2988162158631,-0.886379251953907,-9.9443798521671,-9.71159082937856,51.2702663988102,6,MICT04,6_MICT04,MICT,39,111.0,183.0
-0.163686230245785,-3.56311648255139,0.930543167752947,-23.1337543087828,68.9966253016525,-113.471882067804,6,MICT02,6_MICT02,MICT,285,111.0,183.0
1.77534469432865,-2.57733831941185,-1.99218079794079,7.80316300432415,5.38645531409857,-19.3970568545378,16,MICT04,16_MICT04,MICT,204,145.0,207.5
-0.885440318966324,-2.38835843558152,0.41826357340587,-29.3879215892,66.1945586644758,-92.5358586738458,6,MICT03,6_MICT03,MICT,316,111.0,183.0
-5.05990337989349,-7.69368351033624,-8.70877497547679,-90.7710181054774,-238.859574165667,-256.536761157284,16,HIIT01,16_HIIT01,HIIT,301,145.0,207.5
2.66663056910856,-1.05365271919214,-1.92058531064081,15.6417566404453,-27.0776680320463,22.625471846478,16,MICT03,16_MICT03,MICT,192,145.0,207.5
-1.20611521337342,3.34522270166949,-0.202931154147135,6.09671937733725,25.3253091842819,18.6745589688226,16,MICT01,16_MICT01,MICT,4,145.0,207.5
-5.40282615512067,-4.18545016205863,0.674323481819975,20.0454783724272,29.195069717608,68.0115940936401,6,MICT05,6_MICT05,MICT,16,111.0,183.0
-2.59539886164304,5.60261010526094,-0.626182862012421,119.667960183635,142.714612521578,-43.9286528055793,16,HIIT02,16_HIIT02,HIIT,54,145.0,207.5
-1.90474346501611,-8.49700225975517,0.765416050483139,10.5492195414636,59.1056136834536,-194.715327164409,16,HIIT04,16_HIIT04,HIIT,276,145.0,207.5
2.74945835024565,-5.82699731903606,-2.80536278065188,5.0249801034852,14.3295714228935,-92.0046891336114,16,HIIT06,16_HIIT06,HIIT,213,145.0,207.5
-1.26226034924227,5.61741236742638,-0.754956222090436,72.9843820840548,53.7262382848355,-47.8768325584697,16,HIIT02,16_HIIT02,HIIT,4,145.0,207.5
1.63437026715564,4.88097297510887,-0.370539904960342,1.11089689778133,-92.8305405757296,71.704462169722,6,MICT04,6_MICT04,MICT,94,111.0,183.0
0.111207218007609,-5.99923382837181,0.129609095598221,125.19519937195,153.385384115052,-20.5145282794059,6,HIIT04,6_HIIT04,HIIT,257,111.0,183.0
5.63354752128669,6.1832869369831,0.924836016833785,-54.5525762904928,-133.740099321388,99.4744648767514,16,MICT06,16_MICT06,MICT,128,145.0,207.5
0.957358778671908,-4.18749703409638,-0.791524686515757,514.2911128492,163.310174274602,426.190521259645,6,HIIT05,6_HIIT05,HIIT,214,111.0,183.0
6.77676543365564,4.04787312551911,-2.19007244364186,-25.9451881210165,-76.3011007883744,99.2278215261697,16,HIIT06,16_HIIT06,HIIT,164,145.0,207.5
-4.35078372435592,-3.64680049339252,0.62711600034849,68.0069532280054,48.2808200938477,-48.715871925832,16,HIIT01,16_HIIT01,HIIT,6,145.0,207.5
-8.11650118870332,2.11283451872352,-0.280536214679254,155.3605048234,141.242469198004,-77.5385726900167,16,HIIT02,16_HIIT02,HIIT,28,145.0,207.5
3.49672624027265,1.53486095097963,-1.40961424908006,-1.33366061962772,-84.8645520837582,73.9188267546622,16,MICT02,16_MICT02,MICT,172,145.0,207.5
0.199658038255357,-4.03439022280228,0.568233096170203,-21.5561005583583,80.2273920070384,-128.233160717297,6,MICT06,6_MICT06,MICT,271,111.0,183.0
-3.00525193532784,10.9393598235283,-0.124047315222381,24.8522085926125,42.94498737269,2.59014392214339,6,MICT04,6_MICT04,MICT,349,111.0,183.0
1.24145898950746,0.959169511731325,-0.752468020710652,37.7088364572089,-82.5911635417991,86.8051425354737,6,MICT06,6_MICT06,MICT,164,111.0,183.0
7.33269931117263,5.49766203654802,-1.70068911874713,-32.5571470068673,-92.1596220453592,117.974459968636,16,HIIT06,16_HIIT06,HIIT,157,145.0,207.5
-1.63412321217704,-3.4823594287196,0.824159255861723,-1.96900575258581,67.3536091410633,-115.236503967304,16,MICT06,16_MICT06,MICT,303,145.0,207.5
7.62086663631363,5.04933722901667,-0.849245567739406,-299.735743354718,-15.5594780126831,-261.660163815477,16,HIIT02,16_HIIT02,HIIT,155,145.0,207.5
-3.01115708352652,-4.62658986489982,1.42228139932292,-9.13844794604974,72.6344561877696,-94.8397896872646,16,MICT04,16_MICT04,MICT,328,145.0,207.5
-5.70308279500776,-17.171373295779,2.31581717367924,-17.0670261030665,3.62577623882281,21.5360377378715,6,HIIT03,6_HIIT03,HIIT,8,111.0,183.0
1.02285203175647,-2.76130798525209,-1.53215764272986,4.80378115350173,14.1568808666685,-39.9416065604842,16,MICT02,16_MICT02,MICT,211,145.0,207.5
4.66254428840201,2.59779136226967,-1.35716952948742,-9.91700448613472,-110.003197192771,80.3802409797512,16,MICT05,16_MICT05,MICT,164,145.0,207.5
-0.335001640611098,-3.2378795983698,0.459500813806758,-19.9618358095407,66.2234666436446,-104.648648536725,6,MICT01,6_MICT01,MICT,287,111.0,183.0
-0.770423671466435,1.96890844831943,-0.642381757016449,-13.1352110057294,-15.145058944071,40.1936841687546,6,MICT01,6_MICT01,MICT,48,111.0,183.0
0.783599372835597,-5.81107414352824,-0.762340658742066,92.1129663494176,188.269087640989,-31.1786230227319,6,HIIT01,6_HIIT01,HIIT,242,111.0,183.0
0.45190558018133,-4.50596942085572,0.630318013522064,89.9455557947427,181.093402851807,-29.4323404568744,6,HIIT02,6_HIIT02,HIIT,245,111.0,183.0
4.67769550533143,2.13919992154642,-1.2032894528745,6.46920774015555,-106.069562506564,84.6162676966422,16,MICT01,16_MICT01,MICT,166,145.0,207.5
-3.10866369211985,4.80744835821329,0.0580135846084733,-123.382077570763,-67.3876289116098,24.7571883972378,6,HIIT06,6_HIIT06,HIIT,34,111.0,183.0
1.1973845052481,-2.55886306227192,-0.980603909207308,11.6942150779653,87.8328074825375,-28.7071069642352,6,MICT05,6_MICT05,MICT,205,111.0,183.0
0.260265144112533,5.87625664938356,-0.399081421877311,-274.744278412789,-183.312159359073,-131.146810511267,6,HIIT02,6_HIIT02,HIIT,75,111.0,183.0
1.85304781879977,-2.16554412824452,-1.50958619342882,31.5538642565868,-5.18181528449387,-12.501669002326,16,MICT01,16_MICT01,MICT,207,145.0,207.5
-2.43236590818227,-6.75088242186847,1.62549356183572,7.48867027126164,62.8189192095469,-170.814359817865,16,HIIT04,16_HIIT04,HIIT,297,145.0,207.5
-1.21545569043729,4.6488568603976,-0.0899675490180649,6.99432421975333,-17.8452714135372,79.3205202389945,16,MICT06,16_MICT06,MICT,64,145.0,207.5
4.68541658517924,3.65778050373295,-0.658170906961407,-28.0282666134799,-121.478354584481,89.673308573111,16,MICT03,16_MICT03,MICT,153,145.0,207.5
0.694441049099796,-2.48818987632904,-0.581562370540613,15.5891953573831,90.8543008322359,-40.5981300083658,6,MICT01,6_MICT01,MICT,221,111.0,183.0
1.27167840082709,7.31460901440383,-1.28062401798523,-268.578732076213,-175.126704167654,-132.086018174704,6,HIIT04,6_HIIT04,HIIT,87,111.0,183.0
1.31992984163089,1.03208382360878,-0.990565265568428,29.8723100412679,-85.5779103091534,71.1008735584304,6,MICT05,6_MICT05,MICT,165,111.0,183.0
0.846236412850302,-8.48159992713897,-1.43378214484995,23.9580376283857,49.2473710132499,-166.618331473523,16,HIIT05,16_HIIT05,HIIT,244,145.0,207.5
-1.46852436306406,3.05080450676543,-0.33970786155882,29.6105983100397,-3.61451230507047,83.2696990250391,16,MICT03,16_MICT03,MICT,48,145.0,207.5
0.809594567806749,-4.0864826450317,-1.48982504051057,2.25259585334396,43.0075377870943,-76.2711896571057,16,MICT04,16_MICT04,MICT,223,145.0,207.5
4.5992842787279,7.39903702988264,0.774103583554007,-252.362492315387,-182.702403015818,-194.760718478204,6,HIIT01,6_HIIT01,HIIT,122,111.0,183.0
-3.70477097422233,9.40431954097472,0.157293407019317,37.7527117655554,46.6083046545545,12.9668725112455,6,HIIT04,6_HIIT04,HIIT,350,111.0,183.0
2.48238099323724,-1.33780914002434,-1.89578273644104,17.6637239794449,-23.6081800488947,13.5936863398507,16,MICT05,16_MICT05,MICT,194,145.0,207.5
-0.260018295240502,3.99150542846357,-0.36798101523935,6.70812586861419,-41.6646362321096,61.0853209575949,6,MICT05,6_MICT05,MICT,62,111.0,183.0
-19.312877851004,-43.2211970851769,6.68434074663536,98.5509171012582,76.1707039868696,-61.6321593342241,16,HIIT02,16_HIIT02,HIIT,11,145.0,207.5
1.7525715472773,6.05421672579149,0.637003954423762,11.379957693636,-59.3866212407116,94.1146327420981,16,MICT02,16_MICT02,MICT,87,145.0,207.5
-0.466265063074878,-5.86810471959382,1.29614580376186,11.2155897677863,108.005527310732,-101.73488768501,6,HIIT04,6_HIIT04,HIIT,274,111.0,183.0
1.59065218085362,-2.51206319704094,-1.8252528455133,7.1795753518554,7.37099335778001,-22.0096638383048,16,MICT04,16_MICT04,MICT,205,145.0,207.5
0.410546653453517,4.4286496295737,0.0716238327219499,-1.29090115427166,-62.3120781969642,57.2362965226202,6,MICT05,6_MICT05,MICT,71,111.0,183.0
-2.45151879025965,2.65564958562382,-0.311265669480678,18.2950798634614,14.2124581689191,76.1980697786753,16,MICT06,16_MICT06,MICT,39,145.0,207.5
-0.886929698795587,4.71040972172708,0.0155345238654085,17.9731522394264,-26.3246313142008,82.145386114539,16,MICT03,16_MICT03,MICT,66,145.0,207.5
4.691273793646,-2.81785216350196,-3.26914029215862,4.15065194305428,-6.78044652532879,-10.1185869578675,16,HIIT03,16_HIIT03,HIIT,195,145.0,207.5
1.22521089753101,-1.95806397193595,-1.46829845674687,29.9081133218927,43.0033163000252,13.3337747921252,6,MICT04,6_MICT04,MICT,195,111.0,183.0
4.9405677476344,2.64313182184783,-1.51303602341279,-211.62070878421,-87.1825262181033,-193.475220763645,6,HIIT04,6_HIIT04,HIIT,153,111.0,183.0
1.05361065370903,-2.60854873750189,-1.02366855611305,10.5486021612349,89.9223802749906,-24.0005111091997,6,MICT06,6_MICT06,MICT,204,111.0,183.0
5.18516238257561,3.9385559500502,-0.283176761419004,-20.449218240498,-124.620238908229,96.1372109143245,16,MICT01,16_MICT01,MICT,145,145.0,207.5
0.87059569934707,-5.63053579460711,0.749543094649107,97.3527233297154,206.887316163098,-40.5085215879003,6,HIIT03,6_HIIT03,HIIT,247,111.0,183.0
-3.4885719400049,-4.7264337386801,1.76164385734072,-23.6594283762842,70.393513700365,-91.7795364226097,16,MICT03,16_MICT03,MICT,332,145.0,207.5
0.379785736454283,-8.69245863691469,-1.18235097954393,13.8642054645163,49.9704265937706,-181.482190333238,16,HIIT04,16_HIIT04,HIIT,247,145.0,207.5
7.26305083589657,10.2441464609859,1.55370882918024,-47.1247569774106,-117.956377604167,159.595158731316,16,HIIT06,16_HIIT06,HIIT,115,145.0,207.5
3.02655207275616,-5.60770754147157,-2.80555940355377,5.7169522724653,7.8588096060129,-82.8537694513969,16,HIIT04,16_HIIT04,HIIT,211,145.0,207.5
2.01244737878914,-2.10942269766648,-1.7972311287343,14.1428761771281,-5.26786021317263,-10.1630082238924,16,MICT03,16_MICT03,MICT,202,145.0,207.5
-5.35861492510835,3.79172833731344,0.641829551266681,-78.7193699237178,-21.5431795761908,48.581327926422,6,HIIT04,6_HIIT04,HIIT,25,111.0,183.0
-0.134546598293048,-4.79102946116495,-0.806781250082867,0.126977964686725,70.1692048748821,-115.527759257475,16,MICT02,16_MICT02,MICT,241,145.0,207.5
-2.2675763069086,-5.86008449903888,4.85711828081926,144.27213569352,-109.577344759776,-123.946556610481,16,HIIT01,16_HIIT01,HIIT,308,145.0,207.5
0.453471779761579,-4.55688267290552,-1.14884554070057,14.1888247154909,58.2340440048273,-90.9678573142325,16,MICT03,16_MICT03,MICT,233,145.0,207.5
-0.501652806034896,9.81818900855009,0.998496122936452,-21.876464743416,-50.3463128709481,122.814044789454,16,HIIT03,16_HIIT03,HIIT,71,145.0,207.5
-3.68018876268421,4.72926019673425,-0.813533467752193,137.280401073107,145.905645250379,-56.195276567066,16,HIIT02,16_HIIT02,HIIT,45,145.0,207.5
-12.4447003330926,-28.9893645551844,2.22204962144837,23.4114418881661,34.1027806912399,36.8831102172238,16,MICT04,16_MICT04,MICT,12,145.0,207.5
3.93037065478417,1.2985218424129,-1.64620454712821,-124.865545820574,-70.82897357462,-117.882517245997,6,HIIT06,6_HIIT06,HIIT,162,111.0,183.0
7.23833410642016,2.69782830586255,-3.33504797996042,-20.2465643787715,-60.237859888728,86.3531213691146,16,HIIT03,16_HIIT03,HIIT,170,145.0,207.5
1.68504599394517,-1.86622468506179,-1.7976636086816,9.07404487004503,-7.79670861543725,-7.42490017609454,16,MICT02,16_MICT02,MICT,201,145.0,207.5
-0.848301811598897,-3.61476570928248,0.677851243725266,-4.51797682363894,85.5441451817044,-65.6526490533353,6,HIIT04,6_HIIT04,HIIT,312,111.0,183.0
-2.1051425971912,-5.1078714685717,0.740062483616406,48.5658602968048,88.9742794101478,-10.0780711390873,6,HIIT05,6_HIIT05,HIIT,328,111.0,183.0
1.33913752234181,-3.76070003355823,-1.64253714511997,16.7969035125122,29.7612052829679,-53.7422528432798,16,MICT05,16_MICT05,MICT,216,145.0,207.5
0.154143959041863,-3.8642098227049,0.492376687508498,-15.966646359063,77.9683997056108,-121.18238878009,6,MICT04,6_MICT04,MICT,268,111.0,183.0
-2.63752372126058,-7.4370860227834,1.25214854954092,14.608541785881,62.5480235570439,-172.82449745969,16,HIIT03,16_HIIT03,HIIT,296,145.0,207.5
-1.52292542561398,-3.38004404190253,0.871639462998551,-18.0150632673706,74.8594154396454,-119.058101371746,16,MICT05,16_MICT05,MICT,311,145.0,207.5
-2.98857486859093,5.19432676777784,-0.734905703135532,127.732055174493,143.938144757473,-49.3747395331516,16,HIIT02,16_HIIT02,HIIT,50,145.0,207.5
-1.83518194080134,8.24021626137648,0.0919444320401917,-3.38478442835921,-22.5881526403151,124.846978100493,16,HIIT06,16_HIIT06,HIIT,61,145.0,207.5
0.0018044641744538,-8.8190363052045,-0.737736665949172,24.5899612038227,57.7833143697303,-180.664952773446,16,HIIT05,16_HIIT05,HIIT,255,145.0,207.5
-1.80968598046664,-4.89596513944154,0.760057603015966,5.00636000193428,69.2176835438425,-129.598184070467,16,MICT06,16_MICT06,MICT,286,145.0,207.5
0.214014792969703,-3.76387155237627,1.01920892190919,-43.0557030215842,62.708734703402,-133.735076203355,6,MICT05,6_MICT05,MICT,276,111.0,183.0
-3.66599095125063,3.09591723119261,-0.535034017501848,29.7668193170412,15.0882923265781,77.5793693727292,16,MICT04,16_MICT04,MICT,31,145.0,207.5
0.807344650803621,-3.19967776731532,-1.12895861603394,22.6399050614604,26.1061856299347,-57.4245006662513,16,MICT01,16_MICT01,MICT,222,145.0,207.5
1.91474578587309,-1.84264555795599,-1.88080281825876,8.87945596645714,-6.29307137898833,-1.94207586711549,16,MICT04,16_MICT04,MICT,199,145.0,207.5
-7.34098886857603,6.97582320800734,-0.34845386651691,41.6297967478858,56.1854151470156,89.594133921602,16,HIIT04,16_HIIT04,HIIT,23,145.0,207.5
-1.01915795433947,5.81932039291636,1.2913333249438,-231.052478128519,-149.026982330276,-76.0177871474294,6,HIIT06,6_HIIT06,HIIT,60,111.0,183.0
0.0616326615080402,-4.76897241884486,0.918157745460931,-16.3387405819304,106.358509150946,-125.694565118669,6,HIIT02,6_HIIT02,HIIT,268,111.0,183.0
3.65324410162337,5.6766769079389,0.659476105434712,-289.431505474782,-139.562137054155,-247.508077945986,6,HIIT05,6_HIIT05,HIIT,132,111.0,183.0
-2.62135184804288,3.09940496000359,-0.593997746059412,29.7098337790632,8.04909205578525,81.0127757342031,16,MICT04,16_MICT04,MICT,36,145.0,207.5
-2.41737570932934,-6.87716119802701,1.15758667117744,14.1127642041521,59.3872173752194,-165.641419224501,16,HIIT03,16_HIIT03,HIIT,295,145.0,207.5
-0.631305641946352,-3.97634861856035,0.426917593496159,-14.7199331949198,88.013046007186,-94.1278960308411,6,HIIT02,6_HIIT02,HIIT,293,111.0,183.0
-5.34235386910025,-6.91831975578035,2.86424699977012,15.9326611239104,72.3844225395162,-106.493678247499,16,HIIT06,16_HIIT06,HIIT,331,145.0,207.5
-2.04130685443863,3.1900742507636,-0.0838759151914965,-123.574213033773,-74.172891546384,20.8837609864126,6,HIIT02,6_HIIT02,HIIT,37,111.0,183.0
-5.06878742955049,3.76502062653909,-0.318151049256542,42.3331361994581,44.4967821912375,65.5223321526415,16,MICT03,16_MICT03,MICT,18,145.0,207.5
2.08732769306511,3.10426988401871,0.129295022376169,4.52482706627335,-164.370571604872,83.4539316939153,6,MICT06,6_MICT06,MICT,147,111.0,183.0
-0.0543791262135358,-8.14513107369108,0.571876230906123,18.7646082646522,35.8588271536222,4.26036378446171,6,MICT06,6_MICT06,MICT,354,111.0,183.0
-0.433928050992511,-5.514643948796,-0.211234909002296,9.78457633809317,84.6102198062293,-135.292228686331,16,MICT05,16_MICT05,MICT,257,145.0,207.5
2.8241809144731,4.32969699002797,1.29845640364187,-20.7380823126865,-173.238864950287,72.5792069897948,6,MICT04,6_MICT04,MICT,134,111.0,183.0
-6.54209628056712,-9.80017333902268,1.20060934565091,-13.5408837376593,23.6036858879397,37.7916444117046,6,MICT06,6_MICT06,MICT,15,111.0,183.0
2.12294993562041,4.59321789607728,0.429261967233008,1.10644896807989,-94.1600396275219,73.5914752038522,6,MICT01,6_MICT01,MICT,103,111.0,183.0
1.64827694041574,0.684624476244658,-1.30547432512938,43.423546176181,-72.493437646005,79.7928105357688,6,MICT03,6_MICT03,MICT,170,111.0,183.0
1.83925803132029,2.58574526677313,-0.248392584324754,1.85616033554393,-138.079808606124,68.8913385583056,6,MICT02,6_MICT02,MICT,156,111.0,183.0
4.21021408412002,2.42368975923908,-1.20239279059951,-12.118256910267,-101.681927807427,82.0029491469904,16,MICT03,16_MICT03,MICT,163,145.0,207.5
-0.00201607410845,-4.95431425010932,-0.867009559277018,-0.464084272352586,68.8084416665631,-118.960519974081,16,MICT04,16_MICT04,MICT,243,145.0,207.5
3.45698540696437,7.8330101020274,0.549190906369289,-209.903855521381,-167.199889807487,-133.026849901472,6,HIIT04,6_HIIT04,HIIT,112,111.0,183.0
3.10218416218447,6.42905503609861,-0.289303560463147,-171.746865163107,-157.511008928722,-116.544276187683,6,HIIT05,6_HIIT05,HIIT,104,111.0,183.0
8.2402104122831,9.90105490486317,1.16071392082086,-51.9775736321278,-125.638421058224,163.884135618472,16,HIIT04,16_HIIT04,HIIT,127,145.0,207.5
1.24583844592239,-3.29072091104454,-1.73441786323253,3.966612052544,23.718388910892,-48.2257899442184,16,MICT04,16_MICT04,MICT,213,145.0,207.5
2.85436651572856,-0.277408736809204,-1.94171209845496,9.08304716423854,-41.2125365807394,40.16021885287,16,MICT04,16_MICT04,MICT,186,145.0,207.5
0.087688035264191,-4.86380555451015,-0.92169866706894,0.103509995944426,66.3904824625112,-113.469009991048,16,MICT04,16_MICT04,MICT,240,145.0,207.5
1.68250101514453,5.19851110733024,-0.358580522293125,-5.73371616030168,-97.6926639319216,67.6700710177194,6,MICT04,6_MICT04,MICT,92,111.0,183.0
4.58561138531958,6.23372301366034,1.47320833692514,-43.2567635591807,-120.402818838763,96.1118151584149,16,MICT03,16_MICT03,MICT,118,145.0,207.5
-0.176770972251002,-3.74476534561368,1.1255766436849,-35.8985997748598,56.8699673897636,-117.621421075723,6,MICT04,6_MICT04,MICT,282,111.0,183.0
0.143696815185977,5.0671062584367,0.170573010180705,10.2430936949562,-35.6636125544755,86.4402818397434,16,MICT01,16_MICT01,MICT,79,145.0,207.5
-2.39880600324535,-7.63165250017975,1.12958443241587,9.66138551440062,62.061433559168,-182.069348908553,16,HIIT04,16_HIIT04,HIIT,288,145.0,207.5
-2.18091229069792,-6.00980032144829,0.642333106321341,47.8949166911728,92.5764149223877,-18.6512972058737,6,HIIT03,6_HIIT03,HIIT,327,111.0,183.0
2.06447841565538,-2.72759496721577,-1.65342456557304,588.044319879824,10.0869941123875,565.727090375347,6,HIIT03,6_HIIT03,HIIT,192,111.0,183.0
0.734946215665153,-4.14952368637818,-0.141099190393352,-17.472346201418,101.183392728405,-129.958044951787,6,MICT03,6_MICT03,MICT,242,111.0,183.0
-1.01684144059528,-5.15728753113097,1.19959441558842,9.88351960255022,99.1024701225476,-79.4410731013453,6,HIIT04,6_HIIT04,HIIT,290,111.0,183.0
2.90596119853828,-5.5250458408387,-2.85292241267187,4.46796381844027,12.2595391987387,-84.5342098132025,16,HIIT06,16_HIIT06,HIIT,211,145.0,207.5
0.917153469706069,-4.30888304839957,-1.22505172838844,468.050148348661,154.568283628082,414.259869444139,6,HIIT01,6_HIIT01,HIIT,208,111.0,183.0
-0.68392461922157,-3.32243892325815,0.329180902792782,-26.8595664311462,61.8610211030965,-99.4740523199792,6,MICT06,6_MICT06,MICT,296,111.0,183.0
1.21860212246953,-2.01952765129466,-1.28015779655217,51.2511114637419,59.7195452765184,32.9483268147233,6,MICT03,6_MICT03,MICT,196,111.0,183.0
-1.33332852838312,-5.00314018254169,0.378860187072462,-5.09400704689038,82.4473885659147,-142.598729793467,16,MICT02,16_MICT02,MICT,278,145.0,207.5
0.603400305713266,-5.77211327505814,0.0500405649281002,36.6557376349321,159.344747239013,-94.5608417822278,6,HIIT03,6_HIIT03,HIIT,259,111.0,183.0
3.41662065730044,0.347336711450215,-1.80603810104782,-52.1170343556219,-67.3995144024088,-52.1755841543932,6,HIIT05,6_HIIT05,HIIT,166,111.0,183.0
-3.41713650113418,-3.57936871783789,1.65093425084534,-16.913272985969,66.1989697902654,-86.7276927643321,16,MICT06,16_MICT06,MICT,331,145.0,207.5
6.27299477857457,-0.0892402363710934,-2.78892100637189,-157.813185807655,23.0204302387241,-163.915978457682,16,HIIT01,16_HIIT01,HIIT,181,145.0,207.5
-1.73154308479473,-4.38102436251133,0.797697068319392,-6.34665740996916,78.9875312832068,-134.014405971704,16,MICT03,16_MICT03,MICT,295,145.0,207.5
1.73919317674089,5.78586675616468,0.473612889860494,9.47833175333143,-59.5985156054445,95.3700152192403,16,MICT04,16_MICT04,MICT,87,145.0,207.5
2.17987633285211,5.9975716550836,0.605653925266751,-8.72509637222414,-63.2206225632272,97.0310607034831,16,MICT06,16_MICT06,MICT,93,145.0,207.5
0.102427249563796,-4.6189774688123,-1.05607967952134,2.67512843947372,63.601646550997,-102.594808812306,16,MICT02,16_MICT02,MICT,235,145.0,207.5
4.78108045362989,1.03486669008284,-2.07199476177431,-91.9859710475882,-73.3049250378501,-94.1274673026007,6,HIIT04,6_HIIT04,HIIT,163,111.0,183.0
8.71482786449824,7.29830556871548,-1.44224247265734,-44.8123501009707,-102.910834211666,143.694177762384,16,HIIT03,16_HIIT03,HIIT,149,145.0,207.5
-8.80280123829183,15.7304518045281,2.52345891264014,20.4021965319883,79.4835170002936,-80.2958831947368,16,HIIT06,16_HIIT06,HIIT,342,145.0,207.5
2.53515400569788,4.06455173897302,0.525122980722955,-8.14412370901364,-155.142825672702,79.9487062184177,6,MICT02,6_MICT02,MICT,133,111.0,183.0
-0.449187537676662,-4.53382965621271,0.436468179598767,5.91660623370002,90.4995734776078,-64.252420269743,6,HIIT03,6_HIIT03,HIIT,313,111.0,183.0
0.601582267492476,-4.89237352744718,0.249153750950978,181.898009828627,205.681844656204,74.6184478922206,6,HIIT01,6_HIIT01,HIIT,232,111.0,183.0
-0.416884640126556,-3.72716400293248,0.364938870805634,-40.535924141705,63.0404283095641,-120.969801118987,6,MICT05,6_MICT05,MICT,284,111.0,183.0
1.39739860209178,-2.29741623595131,-1.08642340925002,483.649187605762,37.3278090531515,449.596201672664,6,HIIT02,6_HIIT02,HIIT,194,111.0,183.0
-8.76827738814335,26.957791742226,0.687345285512449,93.5956961596177,89.5324088470405,39.5765266839823,6,HIIT05,6_HIIT05,HIIT,344,111.0,183.0
-4.64064371853247,4.23804592316763,-0.126585187984227,27.3539205415901,39.0399449590993,64.8550469478855,16,MICT06,16_MICT06,MICT,23,145.0,207.5
-19.1318336805243,-32.6466608141123,5.16751718379695,140.60859237602,109.847895622627,-86.9113172972814,16,HIIT02,16_HIIT02,HIIT,14,145.0,207.5
3.11276352494653,5.48253959983658,0.764649221699867,-14.4401999885441,-152.789448778776,84.0106589159148,6,MICT03,6_MICT03,MICT,115,111.0,183.0
-0.348790205991518,-3.99967913485676,0.241032518906372,-48.4853958967932,60.9216393900658,-134.173332731501,6,MICT05,6_MICT05,MICT,281,111.0,183.0
1.01839504712491,-0.836651340888745,-1.32068182356812,42.9606078373472,-1.4009338877528,62.7312764661641,6,MICT06,6_MICT06,MICT,180,111.0,183.0
-1.46347184915849,-3.15740066426638,0.613310734495494,-8.14027493728167,73.5290946281998,-113.057565673485,16,MICT04,16_MICT04,MICT,314,145.0,207.5
2.2161930972174,3.38639576856883,0.0098738840204996,-22.7672972917401,-170.728325801889,60.0439238478743,6,MICT04,6_MICT04,MICT,144,111.0,183.0
1.03580420834745,-3.13287995493744,-1.65487172421523,4.31242177772708,19.1814861331515,-47.8334817698738,16,MICT02,16_MICT02,MICT,213,145.0,207.5
3.65067967946559,10.7408139225437,1.48227466988699,-27.4408168637597,-84.6042105559045,149.343749328201,16,HIIT04,16_HIIT04,HIIT,93,145.0,207.5
13.5437668562578,13.2621671010153,10.8658682192236,-3524.69010434047,-1973.42782779618,-813.26007394749,16,HIIT02,16_HIIT02,HIIT,121,145.0,207.5
0.192586767579664,-3.54716319520824,-0.127541532380945,-10.3451609286343,81.7241250857442,-120.632947010485,6,MICT04,6_MICT04,MICT,258,111.0,183.0
-1.17007604750217,-5.17839821754901,0.337617456533998,-6.83408717891758,76.7619164451502,-142.127798991102,16,MICT04,16_MICT04,MICT,275,145.0,207.5
1.58409589421964,6.00725347170126,0.62196605354192,12.4623978766182,-57.7266737704276,93.5877192138652,16,MICT02,16_MICT02,MICT,86,145.0,207.5
-0.742142713359631,-5.22251032664672,0.107437330895841,-0.472323275558665,79.8548644174776,-138.397880414996,16,MICT04,16_MICT04,MICT,264,145.0,207.5
4.94342910958711,-1.28763759113968,-3.29135532170998,-5.63705882675051,-24.1089923062271,14.0700060450443,16,HIIT04,16_HIIT04,HIIT,188,145.0,207.5
-0.0405462249491958,-5.70254966585107,0.399926826722561,-41.2318562566329,92.8182550459435,-116.885602583249,6,HIIT01,6_HIIT01,HIIT,286,111.0,183.0
-4.54599671749297,12.5420349408675,0.91390101890814,10.5741885437971,38.6748408282223,-35.253875010617,16,HIIT06,16_HIIT06,HIIT,350,145.0,207.5
4.61733367123316,11.4911129495201,1.22675873835687,-33.8484066577233,-93.7780521872646,157.725572250182,16,HIIT06,16_HIIT06,HIIT,96,145.0,207.5
-3.76932296629915,17.7118515333772,0.45017006768378,-17.7800680975514,40.8945611917118,-37.1306822583159,16,MICT05,16_MICT05,MICT,348,145.0,207.5
2.31700541281458,-2.1466580479065,-1.98008916322888,18.0421796601798,-8.64021801379981,-5.21847131123615,16,MICT05,16_MICT05,MICT,200,145.0,207.5
-0.679890066214806,3.2150846670201,-0.397023522409413,0.0185935937655345,-28.2346855667018,45.0813002624959,6,MICT01,6_MICT01,MICT,64,111.0,183.0
0.836328102094033,-5.65655795021127,0.36963287826987,102.674971631816,209.788552650349,-34.1649127691973,6,HIIT03,6_HIIT03,HIIT,246,111.0,183.0
-0.507788102783144,2.52483114553777,-0.747943966768178,3.16097405873635,-16.1285145345209,52.8789364138504,6,MICT04,6_MICT04,MICT,49,111.0,183.0
5.28078426284928,5.32024858715507,0.350629830032492,-37.2288197825991,-134.595654619559,104.973672075083,16,MICT02,16_MICT02,MICT,137,145.0,207.5
4.43888137026441,3.27401321760768,-0.683018223529614,-15.5151283098166,-112.499002563553,92.4370140665398,16,MICT04,16_MICT04,MICT,158,145.0,207.5
4.32523346843569,3.37392012105955,-1.12223646639514,-312.606164625602,-101.315302481772,-283.210007574692,6,HIIT05,6_HIIT05,HIIT,146,111.0,183.0
-1.2867240511118,-3.02000417499729,0.431847065217779,-22.6830756721878,72.0674301430709,-130.648799614291,16,MICT02,16_MICT02,MICT,304,145.0,207.5
-3.44529838393186,4.85958728504368,-0.557156479216887,139.964213006645,136.437203609548,-66.5045447986928,16,HIIT01,16_HIIT01,HIIT,47,145.0,207.5
5.65110725157307,0.800960747857223,-3.02157964937451,-12.3332934757296,-41.3854831164726,56.8263181719501,16,HIIT04,16_HIIT04,HIIT,178,145.0,207.5
5.46662038398341,5.94167226550746,0.591282019549548,-56.7220495558307,-146.605026508326,95.6628823836237,16,MICT03,16_MICT03,MICT,133,145.0,207.5
5.27008686352908,5.10466095608595,0.307110460526754,-33.1692196985318,-132.431421177596,105.717399391581,16,MICT02,16_MICT02,MICT,140,145.0,207.5
-0.90782255884535,-2.94436622913947,0.251759685667921,2.40008349071032,69.3638043087464,-62.6295896071449,6,MICT06,6_MICT06,MICT,320,111.0,183.0
3.27698235017068,-0.975023616926236,-1.98457231548216,158.390745596153,-57.1866173905131,144.464698469922,6,HIIT06,6_HIIT06,HIIT,178,111.0,183.0
1.24638795392672,-0.0393720162099306,-1.1628020380599,35.6059065663799,-35.3729838577003,58.7517556910568,6,MICT05,6_MICT05,MICT,175,111.0,183.0
-1.19209454808424,7.68664799787168,0.0677626471941171,91.143285956746,137.272639070106,-33.4838531085104,16,HIIT01,16_HIIT01,HIIT,70,145.0,207.5
0.190698314499244,-4.88776910549847,-0.880278030928322,13.2824381477138,69.8669789098825,-108.336143454152,16,MICT05,16_MICT05,MICT,241,145.0,207.5
-0.287324213120581,5.25669082314394,0.0370245759215249,25.712654321513,-34.0555292052764,85.4917037200609,16,MICT02,16_MICT02,MICT,71,145.0,207.5
4.36757028715764,10.4201600714342,1.15416037675664,-32.8467484298736,-90.7609035500286,151.107506733952,16,HIIT06,16_HIIT06,HIIT,97,145.0,207.5
1.17621144634039,-2.79118722920324,-1.65121882849574,6.03820566568299,10.442827674082,-34.5301797916148,16,MICT02,16_MICT02,MICT,209,145.0,207.5
1.89119729722631,-2.43345901543511,-1.81585020719743,12.8121201155576,0.504018681675313,-20.5348126122878,16,MICT03,16_MICT03,MICT,205,145.0,207.5
1.20998132828782,-0.451541919915774,-1.42855845862956,29.4356153638904,-29.6765409778584,49.6921733362887,6,MICT04,6_MICT04,MICT,178,111.0,183.0
-2.60187565690171,-4.38441265095828,1.40231219834182,-18.0463886947862,71.221062235073,-96.8521646127781,16,MICT02,16_MICT02,MICT,328,145.0,207.5
-1.71543962232358,-3.58046499945781,0.558227404733485,21.0611257720153,76.8002060343687,-43.2101511692961,6,MICT06,6_MICT06,MICT,328,111.0,183.0
0.345789374031717,-4.70259695085445,1.25947065226747,9.62923158263827,125.043463361644,-108.628057429833,6,HIIT02,6_HIIT02,HIIT,262,111.0,183.0
-1.32223968864109,-5.20391647822599,0.506947423309838,10.0095732573397,70.9937879151473,-135.498030610901,16,MICT06,16_MICT06,MICT,274,145.0,207.5
-0.193597908301868,-3.77998348038778,0.855061993410542,-22.0329438823665,73.0759296172733,-116.649992853218,6,MICT02,6_MICT02,MICT,284,111.0,183.0
3.04953474148537,7.03184115708047,-0.320215542198561,-169.102643188852,-160.883754373461,-110.993152560075,6,HIIT05,6_HIIT05,HIIT,101,111.0,183.0
7.36316054286339,2.6862721180314,-2.33030077777818,-260.703302206902,-4.87786185318069,-244.68042097084,16,HIIT01,16_HIIT01,HIIT,166,145.0,207.5
2.20682385793901,-1.90365933213493,-1.83982897933557,17.5057211800812,-10.7524699931912,-1.85527184073022,16,MICT05,16_MICT05,MICT,199,145.0,207.5
2.37775046204146,6.12289534604105,0.82303777947025,-1.35186120531549,-67.9845804786186,97.8078132440977,16,MICT03,16_MICT03,MICT,94,145.0,207.5
-0.658585315966881,-5.73164298621334,1.30377196443382,-5.65591364375292,99.7986943937143,-107.815100801454,6,HIIT04,6_HIIT04,HIIT,279,111.0,183.0
-4.10705583998962,-6.85557419990983,1.91725480452714,80.3564720697714,-114.647591349252,-136.695092073819,16,HIIT01,16_HIIT01,HIIT,319,145.0,207.5
1.44339676260452,-2.85870543516356,-1.75181760535808,5.97252018062567,13.6466302580148,-32.044924845022,16,MICT04,16_MICT04,MICT,208,145.0,207.5
2.09088847124915,5.2961993687705,0.0936171825746779,17.4638406738355,-97.3762261222733,89.6428546190516,6,MICT06,6_MICT06,MICT,95,111.0,183.0
-0.227057604867908,5.82042721130665,1.30272512528671,-218.780224463919,-157.343573833167,-81.0056823611763,6,HIIT02,6_HIIT02,HIIT,68,111.0,183.0
-1.62643535990523,-3.64637888269955,0.617672643233994,-20.1739160016015,73.7146823833212,-133.383238498364,16,MICT01,16_MICT01,MICT,296,145.0,207.5
0.24676249306985,-3.63636032330035,0.192287905335846,-17.0281526295136,85.470683320426,-128.302705671325,6,MICT02,6_MICT02,MICT,266,111.0,183.0
-3.50422300903708,-9.17737973390532,1.61553617890789,-22.3349428909592,74.3816130261835,-79.1817179476066,16,MICT02,16_MICT02,MICT,338,145.0,207.5
-2.93685405337528,5.34780911416797,-0.536848607027773,131.173560174506,134.630957837083,-60.4698120902404,16,HIIT01,16_HIIT01,HIIT,52,145.0,207.5
0.744812186451539,-5.52154140893182,0.487356350845955,22.1298751053071,145.804856512011,-100.804074665998,6,HIIT01,6_HIIT01,HIIT,256,111.0,183.0
-0.270052335995517,-4.29489407973529,0.381943697416158,-3.09379450932276,89.8763992192763,-74.8130434538166,6,HIIT03,6_HIIT03,HIIT,308,111.0,183.0
0.129286841610981,10.2716423737645,1.07139964028446,-26.2809209033889,-58.1923980876211,126.395200040285,16,HIIT03,16_HIIT03,HIIT,75,145.0,207.5
-3.90382360031013,2.74683500630065,-0.60852485896632,43.3366212653251,17.2143897292582,82.0055790310479,16,MICT02,16_MICT02,MICT,30,145.0,207.5
-2.38855295616619,-5.84034025785891,1.39198521380397,0.638612396222308,61.4383496720321,-160.248127887134,16,HIIT04,16_HIIT04,HIIT,307,145.0,207.5
0.970872460117581,-0.893774296025333,-1.17810292323057,48.1744291102813,15.7633653606871,49.0101195670826,6,MICT01,6_MICT01,MICT,192,111.0,183.0
4.58907040322253,4.63722428923007,-0.817987503767269,-299.602872645241,-137.128072788583,-256.025816047793,6,HIIT01,6_HIIT01,HIIT,143,111.0,183.0
2.32156386086313,-1.53756587424392,-1.9973091827552,360.718807563054,-23.2475878189319,359.39426484382,6,HIIT01,6_HIIT01,HIIT,183,111.0,183.0
1.19880041784281,0.365645433444405,-1.10798113489857,45.2681895377604,-45.721392100581,73.8581330808832,6,MICT01,6_MICT01,MICT,178,111.0,183.0
0.754456408144916,-3.96547412693023,0.477890339059793,-20.5684872196516,89.9230634638366,-136.417148097622,6,MICT05,6_MICT05,MICT,255,111.0,183.0
-2.04747323864079,-9.66178153222542,0.849485016579664,17.7007862828464,57.6322199261465,-192.565664674497,16,HIIT03,16_HIIT03,HIIT,275,145.0,207.5
-7.17769973490018,7.39461144666111,-0.20303040198927,45.6545209923507,67.2081014034841,73.1158814826451,16,HIIT03,16_HIIT03,HIIT,18,145.0,207.5
-0.713891097174258,2.0727435985464,-0.5191314821645,-7.16085858645867,-17.0545991472993,39.8918141174005,6,MICT01,6_MICT01,MICT,53,111.0,183.0
2.86104897362026,-1.0797672371626,-2.10253831232328,239.836682841928,-56.2858618130046,235.766029977947,6,HIIT03,6_HIIT03,HIIT,179,111.0,183.0
3.83684421255025,7.29762083439221,-1.07453431992255,-156.623548164802,-173.168454072716,-95.7885086769834,6,HIIT01,6_HIIT01,HIIT,100,111.0,183.0
0.97386380864962,-3.11795986740574,-0.810039744033836,-3.79709700503041,103.172287262111,-61.8474235276776,6,MICT06,6_MICT06,MICT,214,111.0,183.0
-2.27058231625468,-6.16891564032472,1.41279620357092,9.38836267813605,62.8133541111847,-156.294027210526,16,HIIT05,16_HIIT05,HIIT,303,145.0,207.5
-0.155071264006898,2.07102763389712,0.066460850506421,10.6641917112632,11.1606735208758,32.5727030773684,6,HIIT01,6_HIIT01,HIIT,0,111.0,183.0
0.244038979717586,7.66413240300244,1.7280767899841,-274.690773750797,-184.789771883817,-137.661166996119,6,HIIT01,6_HIIT01,HIIT,73,111.0,183.0
1.30151184388914,-2.72468511250117,-0.645839274845147,7.06746884887482,92.9345930923492,-40.4900494106092,6,MICT05,6_MICT05,MICT,208,111.0,183.0
-8.33411550971895,30.1113708038657,0.369487347227087,85.7813944299136,80.6512824218412,37.5270222650898,6,HIIT06,6_HIIT06,HIIT,345,111.0,183.0
-6.62011141035166,-4.00954152548494,2.73766051271038,17.5356070728804,81.7940276221066,-85.3617645412629,16,HIIT05,16_HIIT05,HIIT,340,145.0,207.5
0.334824462774526,6.06742650228764,0.267690675625387,5.84449874528114,-48.7363540537111,89.2520350818856,16,MICT05,16_MICT05,MICT,78,145.0,207.5
-0.827604652609275,4.8150447864669,0.0443624800589136,17.3129190983394,-27.8040861255312,82.4728745413166,16,MICT03,16_MICT03,MICT,67,145.0,207.5
1.30667996703698,-4.62640673391821,-0.908405411923535,430.6257368677,139.915366825267,318.992725033307,6,HIIT04,6_HIIT04,HIIT,218,111.0,183.0
3.82311523393005,-5.69087067509129,-3.25191778428879,9.32202279942195,4.5777846391708,-67.4599035959886,16,HIIT03,16_HIIT03,HIIT,208,145.0,207.5
2.22365851956631,-1.63573036972714,-1.57433171199276,32.2943016667095,-17.492100736227,2.73691365337026,16,MICT01,16_MICT01,MICT,202,145.0,207.5
-4.31009479203367,7.49719216029603,-0.54133457355117,40.3776838455696,43.5066440573717,70.2762399649068,16,MICT05,16_MICT05,MICT,20,145.0,207.5
1.62202454524798,6.23572823229602,-1.78004624411556,-281.079339262871,-166.857967831139,-181.102060086752,6,HIIT06,6_HIIT06,HIIT,88,111.0,183.0
-2.26796786236006,-7.99679673757279,1.04262268268469,9.37619877078251,60.3294233609055,-187.38831590906,16,HIIT04,16_HIIT04,HIIT,284,145.0,207.5
3.73235788124436,5.56085770748264,0.217208843252815,-264.520291749481,-140.33447599618,-224.065540999168,6,HIIT06,6_HIIT06,HIIT,128,111.0,183.0
2.90177875036065,0.45055241638341,-1.64366066379647,6.33659278202861,-81.6250073406563,2.15488873300931,6,HIIT02,6_HIIT02,HIIT,167,111.0,183.0
-0.525144751496236,-2.2895605528596,0.206688159222744,-7.75947824712423,66.3454633996812,-72.0314272193253,6,MICT06,6_MICT06,MICT,314,111.0,183.0
-0.119274277063354,-5.61672644081837,-0.803230405372178,23.0671354752706,72.4186505263393,-118.682446791297,16,MICT06,16_MICT06,MICT,248,145.0,207.5
-0.957035375662119,2.36651200811597,-0.744845226749996,-5.80479166772315,-21.8727713154612,60.656281164893,6,MICT05,6_MICT05,MICT,42,111.0,183.0
-2.34709863329642,3.54497071351237,-0.0186709455090721,-126.051635889112,-74.0937207421478,23.166992271276,6,HIIT02,6_HIIT02,HIIT,36,111.0,183.0
5.18387986201501,5.79260320240371,1.01884508587796,-48.1092109263185,-136.50287964738,93.6461974666351,16,MICT05,16_MICT05,MICT,127,145.0,207.5
-0.171854639661804,-4.59276758737284,0.34862619888249,15.2161083472676,88.3083338031678,-45.9981380570123,6,HIIT01,6_HIIT01,HIIT,315,111.0,183.0
-1.42795489272918,-4.98756484251032,0.49306456977066,-5.17586751013611,82.4933808228451,-141.40339025836,16,MICT02,16_MICT02,MICT,280,145.0,207.5
1.42884675383056,1.86403528735336,-0.984264558558197,6.07690693787816,-127.542944006951,64.6058771828547,6,MICT01,6_MICT01,MICT,161,111.0,183.0
6.20742514944599,3.53515000564191,-2.09592286748203,-22.4189320018162,-67.5775744987324,103.401079427952,16,HIIT04,16_HIIT04,HIIT,164,145.0,207.5
-1.4586941808641,1.7837975631223,-0.507084666920413,-24.3015604611438,-9.30945893780592,40.3852577228252,6,MICT01,6_MICT01,MICT,37,111.0,183.0
0.200680905894181,5.17279427330803,0.219922073650138,23.8796758395016,-39.0593164057898,86.6502816249761,16,MICT02,16_MICT02,MICT,76,145.0,207.5
1.55638738053452,-2.09685422468913,-1.77225254623378,8.67106642699996,-2.92699308754081,-14.0114262044192,16,MICT02,16_MICT02,MICT,203,145.0,207.5
8.94065967019934,10.464820497949,0.719050875216952,-65.5853446312093,-129.70694568763,160.120610207095,16,HIIT03,16_HIIT03,HIIT,129,145.0,207.5
-4.02837855150162,5.305809466079,-0.233087607141091,27.1248992051554,39.805196689059,61.1463237885215,16,MICT06,16_MICT06,MICT,22,145.0,207.5
5.06646171465532,6.01418884636736,1.53693946084703,-32.2778588740308,-123.966466492019,105.004151146371,16,MICT04,16_MICT04,MICT,123,145.0,207.5
1.40611501930917,-2.97268217830056,-1.8703384753304,499.82410541463,76.9062086063364,458.225299031512,6,HIIT02,6_HIIT02,HIIT,199,111.0,183.0
6.42685145135667,-0.723706415432579,-3.16350801577589,-118.239340870454,43.6428052237084,-113.534652950135,16,HIIT02,16_HIIT02,HIIT,184,145.0,207.5
-2.83451918023123,-5.80362718076727,1.59710093373487,2.33841433598222,62.6468590579964,-136.957001307082,16,HIIT04,16_HIIT04,HIIT,317,145.0,207.5
-4.0188260474763,-8.04371986880982,2.55817919405198,13.5125962327044,66.3850063600891,-127.216582929177,16,HIIT06,16_HIIT06,HIIT,322,145.0,207.5
36.2910150710489,11.139752626038,52.4328624375621,-338.035506121971,31.7119267028908,77.8639166724868,16,HIIT02,16_HIIT02,HIIT,104,145.0,207.5
-5.72799579592022,6.02311451571661,-0.363676256343262,19.0899435548632,33.0256097973452,102.829730884599,16,HIIT06,16_HIIT06,HIIT,34,145.0,207.5
1.78924493405077,-8.71549424702682,-2.24427909743807,19.4253763811165,30.5190888017392,-140.886093436052,16,HIIT03,16_HIIT03,HIIT,230,145.0,207.5
4.15710676184954,5.58950096142692,0.431569812316283,-289.549143869473,-149.662142108924,-242.942121929114,6,HIIT01,6_HIIT01,HIIT,137,111.0,183.0
0.207011251553181,-3.86998599513461,0.560948539058446,-15.0724850018832,78.7945430995638,-121.375099799437,6,MICT04,6_MICT04,MICT,267,111.0,183.0
4.1472111250484,5.75972854146387,0.235080271003824,-308.523389261311,-155.519687610503,-264.481566925007,6,HIIT03,6_HIIT03,HIIT,133,111.0,183.0
-1.06999826405471,-3.85524751804678,0.67398221923756,0.0106604575642256,86.1962536892418,-59.9164433946468,6,HIIT04,6_HIIT04,HIIT,316,111.0,183.0
-6.0225163772763,-14.997452201829,1.07476796597546,18.9746309720304,23.7702649071327,25.9019790535128,16,MICT02,16_MICT02,MICT,8,145.0,207.5
2.48027071441585,-6.35887986992659,-2.74915178019695,6.40527556558912,18.2678543077527,-106.079753887392,16,HIIT06,16_HIIT06,HIIT,217,145.0,207.5
-0.575202005105173,-3.60261527918676,0.34682390932722,-15.1248784607984,88.6826192285244,-70.371189102093,6,HIIT06,6_HIIT06,HIIT,309,111.0,183.0
-2.41054964789178,-7.52741751289047,1.15110245218299,9.741567145486,62.4661504963192,-180.675872197172,16,HIIT04,16_HIIT04,HIIT,289,145.0,207.5
-1.16151516940793,4.72637539569563,-0.0656361958915943,17.5431857424114,-18.4141247173868,83.9580713757819,16,MICT01,16_MICT01,MICT,67,145.0,207.5
0.144259235833648,-5.81876914492256,0.920122414026858,-44.6091960396108,93.9604838891084,-124.99926101591,6,HIIT01,6_HIIT01,HIIT,283,111.0,183.0
-5.33637877898117,5.67249998516106,-0.357415927428894,16.8422317306934,28.4559899471799,104.999190276276,16,HIIT06,16_HIIT06,HIIT,36,145.0,207.5
-2.48687433993561,-4.61654388379691,0.83838476871134,54.8842032011311,89.2541759731031,-3.41845250280429,6,HIIT05,6_HIIT05,HIIT,330,111.0,183.0
1.42441788457712,4.89668194346263,-0.0958332562225394,-8.97425089289166,-92.2958354787952,57.7966521187925,6,MICT06,6_MICT06,MICT,81,111.0,183.0
2.72475431250256,-6.4608995196637,-2.48054382032386,16.6115281812567,16.1418408470795,-108.879118092618,16,HIIT05,16_HIIT05,HIIT,219,145.0,207.5
-1.86677568180292,3.17422186107005,-0.356262571851563,-131.667293362214,-84.1403556435257,17.7528397816033,6,HIIT02,6_HIIT02,HIIT,40,111.0,183.0
2.75177772132988,6.15673933487245,0.90169334094293,-3.04416707591423,-71.8154103031161,99.950616631549,16,MICT03,16_MICT03,MICT,97,145.0,207.5
-2.36867169336452,-6.07500003884292,0.922986416202988,14.4329365463588,92.2178591242755,-41.6511726764061,6,HIIT04,6_HIIT04,HIIT,326,111.0,183.0
6.49723590601847,-0.932895573794748,-3.16544006618872,-130.496512617134,28.3380202231515,-143.333632033659,16,HIIT01,16_HIIT01,HIIT,185,145.0,207.5
4.4513585424407,6.24370942008119,1.94872984817192,-21.8625436164092,-105.827356284172,102.685332206226,16,MICT04,16_MICT04,MICT,111,145.0,207.5
-0.296654714933373,-3.93285518424991,1.11599583351234,-22.9668279781615,68.0393720475318,-105.871919087821,6,MICT06,6_MICT06,MICT,289,111.0,183.0
2.89301824553568,6.44821704020498,-2.37558421894778,-184.956456168483,-161.034374538463,-95.5661949530984,6,HIIT04,6_HIIT04,HIIT,99,111.0,183.0
4.56242266748342,6.09482287824279,-0.135424533594068,-266.363347365942,-171.655615844932,-211.874648826381,6,HIIT01,6_HIIT01,HIIT,126,111.0,183.0
-1.09602521774452,-4.2519318381721,0.43343845339808,0.826059073263491,90.7069948675771,-54.046054810715,6,HIIT06,6_HIIT06,HIIT,318,111.0,183.0
4.84518561733704,6.81433020976118,0.114112809850297,-274.800982836319,-179.648921265956,-217.608578963393,6,HIIT01,6_HIIT01,HIIT,125,111.0,183.0
-2.31911930352254,-9.22473882981714,0.978365009646208,16.7645306632433,58.7381672113194,-189.382414020684,16,HIIT03,16_HIIT03,HIIT,280,145.0,207.5
2.55313642833039,4.75457327334128,0.50857388159739,-18.6451812972067,-155.108852996224,75.1881096075429,6,MICT02,6_MICT02,MICT,122,111.0,183.0
0.253815689497747,-4.75323786998137,1.06242731636802,-0.886645198522163,117.665676665899,-116.411161537422,6,HIIT02,6_HIIT02,HIIT,264,111.0,183.0
1.48631833809089,-2.21893370436225,-1.75373200649836,8.39780537473986,-0.554269538860624,-17.3247078003174,16,MICT02,16_MICT02,MICT,204,145.0,207.5
-0.574122984373136,4.70012245028096,-0.163469578987325,18.2571686424955,-29.3676569547756,81.5607713777672,16,MICT04,16_MICT04,MICT,67,145.0,207.5
3.12925833294555,-2.34726277659733,-2.12796644763564,358.017811786855,-22.6868122867116,305.201184385637,6,HIIT04,6_HIIT04,HIIT,190,111.0,183.0
-0.0546708176551963,-4.16143591777728,0.348593270759737,-22.4373032935957,84.9460154435681,-78.0229452376694,6,HIIT01,6_HIIT01,HIIT,304,111.0,183.0
2.49583304346383,5.1875549896446,0.747180654762381,10.8157166298949,-98.2848970405022,86.1896797574799,6,MICT04,6_MICT04,MICT,100,111.0,183.0
-1.86734610073217,-3.63702925215933,0.98815789403379,-14.9455257618167,72.9826881940629,-112.10529165681,16,MICT03,16_MICT03,MICT,319,145.0,207.5
8.07338508421432,7.57945022777568,-0.896586513271436,-48.5358028044867,-106.250695955406,144.028920083854,16,HIIT03,16_HIIT03,HIIT,144,145.0,207.5
-3.06062814071715,-8.78350955527635,-6.32574504506112,-46.400312312194,13.2251194639195,51.2709416263814,16,HIIT01,16_HIIT01,HIIT,263,145.0,207.5
0.805508218105909,9.03187512199471,-5.59323026620702,-102.435472728771,123.515696325996,51.6632434274016,16,HIIT01,16_HIIT01,HIIT,100,145.0,207.5
0.768385768133325,-5.63620288143809,0.369342673079312,15.559063429162,141.120822145528,-106.194125943756,6,HIIT01,6_HIIT01,HIIT,258,111.0,183.0
-3.28043419910547,3.35999992448125,-0.480304948336739,31.1614329266996,17.0587096510959,82.9018025478642,16,MICT05,16_MICT05,MICT,34,145.0,207.5
8.27018904321911,9.71480761133382,0.845507234671769,-52.5622304282404,-126.5791515657,163.079140463158,16,HIIT04,16_HIIT04,HIIT,129,145.0,207.5
-7.36343331718747,3.30755044842998,-0.181264847553363,149.497940031633,120.956143863562,-87.0060142356879,16,HIIT01,16_HIIT01,HIIT,24,145.0,207.5
-0.599226963093371,-3.54942499198832,0.338435374766206,-24.0388534654502,59.0867570059608,-78.8586404897652,6,MICT01,6_MICT01,MICT,325,111.0,183.0
-3.4425264823901,2.97110343690657,1.03374043711576,9.35912365994867,36.8680586876035,-31.4228939266587,16,HIIT05,16_HIIT05,HIIT,351,145.0,207.5
-1.53041492372047,2.90995616543729,-0.256817442652183,23.6389285886471,1.45674305672409,79.5857325733707,16,MICT01,16_MICT01,MICT,50,145.0,207.5
-1.42894694355215,3.09645198459745,-0.330100481159279,28.9085647847747,-4.73049656280595,82.8429616747689,16,MICT03,16_MICT03,MICT,49,145.0,207.5
1.65609074276907,9.03470026383137,-0.10342273297533,19.7403774285407,163.149132620122,37.1595044585619,16,HIIT02,16_HIIT02,HIIT,86,145.0,207.5
-0.836412908922634,-8.87108879835297,0.119175690190653,10.9169682171554,55.0539523468972,-197.487712989784,16,HIIT04,16_HIIT04,HIIT,262,145.0,207.5
3.86965701973437,6.18369082414096,1.14778168515071,-18.8609107505427,-84.9785777252514,104.706459152027,16,MICT06,16_MICT06,MICT,108,145.0,207.5
8.19747679946755,9.00720770405965,0.21800885509799,-60.3739593601529,-121.665171885654,151.165154961144,16,HIIT03,16_HIIT03,HIIT,133,145.0,207.5
0.308940890819729,-3.85584480487731,0.501974296896274,-7.66309763183509,85.1023478240267,-119.721045556848,6,MICT04,6_MICT04,MICT,262,111.0,183.0
5.01441899904161,5.43655468269767,1.11890180857802,-37.2313927374919,-125.969669298401,101.766266542245,16,MICT02,16_MICT02,MICT,130,145.0,207.5
-10.4537460230993,-20.8835714951334,1.35065125829537,34.7886788285228,41.006520793006,50.2551892064647,16,MICT02,16_MICT02,MICT,14,145.0,207.5
-4.58058912374834,1.48563697887519,-0.0165494163640578,23.7910167587376,30.9504264986957,67.9234596948015,16,MICT06,16_MICT06,MICT,27,145.0,207.5
1.3091544845747,0.540402661967288,-1.01282038280275,17.2986057544028,-72.5609953427377,54.5967597675496,6,MICT04,6_MICT04,MICT,169,111.0,183.0
1.03543936690508,-3.88710256281481,-1.14874993391791,592.983191245433,152.085295061199,540.92797636579,6,HIIT03,6_HIIT03,HIIT,208,111.0,183.0
0.529104551096118,-4.5337067401647,-0.285719571489551,207.129838751981,214.398462035449,106.280040544802,6,HIIT02,6_HIIT02,HIIT,229,111.0,183.0
3.24405785576132,6.07378534374504,0.239566163689583,-117.014899382005,-166.126722715952,-72.1499924603345,6,HIIT02,6_HIIT02,HIIT,111,111.0,183.0
-1.59109672426024,-3.23056532505791,0.766264382946709,-14.7465137794604,72.9999304202302,-115.861714711204,16,MICT03,16_MICT03,MICT,316,145.0,207.5
-3.18791343692202,-2.73409824481178,1.05598065911216,37.8741834384895,81.6216989314416,-10.5540010088322,6,MICT06,6_MICT06,MICT,340,111.0,183.0
-0.0388534617057328,-4.44351157187141,0.092207050643718,-4.98829536611527,89.7226666852149,-64.2477640350293,6,HIIT01,6_HIIT01,HIIT,309,111.0,183.0
2.00054667681757,5.81067252372512,-2.7708406067298,-199.545278715628,-173.039356318308,-109.770680991228,6,HIIT02,6_HIIT02,HIIT,90,111.0,183.0
-6.44590088301736,9.60668487440311,-1.23752902378911,159.483079682558,133.035490824034,-88.7592733560384,16,HIIT02,16_HIIT02,HIIT,21,145.0,207.5
0.766511641198979,-4.3679014528733,-1.29964250530924,399.446481438974,175.905508927183,335.371511299859,6,HIIT01,6_HIIT01,HIIT,213,111.0,183.0
-0.347613750270435,-2.63941334913015,0.648921278705614,-45.746855943555,47.6649800311106,-112.494553726776,6,MICT01,6_MICT01,MICT,300,111.0,183.0
1.58648392441625,-3.89387719642631,-1.87649412397136,693.798332779935,98.4138477885857,653.598471763632,6,HIIT03,6_HIIT03,HIIT,202,111.0,183.0
1.93158797699205,4.28524045433059,0.307362327861527,2.08788965833656,-86.8967459712774,70.3096349668789,6,MICT01,6_MICT01,MICT,101,111.0,183.0
-2.68678379803372,-7.41749250669604,1.07020376048176,139.672388324181,139.064491461617,135.320112913904,16,HIIT02,16_HIIT02,HIIT,287,145.0,207.5
-3.91448433042594,-7.74216555809625,1.9694412790063,15.1922450964801,69.0480562017027,-129.420715385522,16,HIIT03,16_HIIT03,HIIT,321,145.0,207.5
2.34112142121077,5.89856819549028,0.742348413589411,5.28932340661947,-67.2769417457947,98.2385296256664,16,MICT04,16_MICT04,MICT,92,145.0,207.5
3.51818138900838,7.76210256843378,0.496424514944137,-217.851593418183,-167.105713769302,-141.379529480343,6,HIIT04,6_HIIT04,HIIT,113,111.0,183.0
2.40232996987498,-0.788898667171259,-1.83702966843056,9.39010700046958,-29.099231257791,26.8731566710402,16,MICT04,16_MICT04,MICT,190,145.0,207.5
0.704680062915161,-4.92870380515397,-0.421217097477129,351.594565753722,243.23379278836,256.927250794444,6,HIIT03,6_HIIT03,HIIT,224,111.0,183.0
4.08691972066832,7.11480690882337,0.601775640944878,-286.827337027773,-159.128034750654,-217.453337901949,6,HIIT04,6_HIIT04,HIIT,124,111.0,183.0
2.74768172764418,6.00835172939843,-0.448058325504114,-144.414010726736,-160.427500240309,-85.9238974650207,6,HIIT02,6_HIIT02,HIIT,100,111.0,183.0
-0.529353142842066,-8.9581609459963,-0.0025247191462683,14.4675958903747,56.7291536280549,-192.948247774055,16,HIIT04,16_HIIT04,HIIT,258,145.0,207.5
2.80607764539099,-0.704917068181412,-1.9151750637293,16.3421760150687,-37.5452911435009,27.74888793853,16,MICT05,16_MICT05,MICT,189,145.0,207.5
-1.3207765979139,-3.01401502975074,0.596736050879343,-8.11662172247692,73.7089175666635,-115.501788388497,16,MICT04,16_MICT04,MICT,311,145.0,207.5
0.539715482256435,-5.3531962944715,-0.161854466778558,144.36306083831,177.644536045583,12.4909666273798,6,HIIT06,6_HIIT06,HIIT,247,111.0,183.0
1.28962765259203,-8.28330397661627,-1.80774391910795,19.6296477322102,33.2209549615613,-143.927544800112,16,HIIT03,16_HIIT03,HIIT,234,145.0,207.5
-3.06872905947822,-5.88139161316577,1.71253385309895,84.7184426544146,126.822926999501,107.299930698614,16,HIIT02,16_HIIT02,HIIT,315,145.0,207.5
1.66543185616667,5.26488169801353,-0.0878211798172744,2.22891528456939,-97.0950855085622,74.6634817445416,6,MICT05,6_MICT05,MICT,90,111.0,183.0
-5.29080947803763,-6.50533700596413,2.9322444536206,67.84441435067,101.868121687507,101.540811586906,16,HIIT02,16_HIIT02,HIIT,330,145.0,207.5
2.42376070857033,5.34574261498125,0.492591412647525,-0.187401057304448,-129.134508917196,86.1234615236253,6,MICT05,6_MICT05,MICT,105,111.0,183.0
-1.32371930671323,1.79525151391974,-0.124239414484081,-7.12309934807156,13.5445958602145,15.948389100474,6,MICT06,6_MICT06,MICT,5,111.0,183.0
4.5108393832296,3.39811876620899,-0.619021578798637,-16.6139471024971,-114.398277258239,93.3703390590996,16,MICT04,16_MICT04,MICT,157,145.0,207.5
-4.08504520304144,2.23531795543965,0.452692966120415,-90.0207041097694,-37.6222453485648,35.2326799972323,6,HIIT02,6_HIIT02,HIIT,26,111.0,183.0
1.22975712429763,4.854427881306,-0.185826891797707,-8.99903576196374,-88.687316411974,55.8853030941973,6,MICT06,6_MICT06,MICT,79,111.0,183.0
1.9110882369461,6.45107966040424,-1.84248780565232,-237.473672036309,-164.978727887833,-124.834923388156,6,HIIT04,6_HIIT04,HIIT,93,111.0,183.0
48.5346476127682,12.5160549778475,72.3541648706397,-1274.71545638472,-527.942748273141,-131.53567126838,16,HIIT02,16_HIIT02,HIIT,106,145.0,207.5
-0.770790036021015,8.52950392163604,0.384197098196961,-11.7494391765084,-39.2510390174665,124.337430531279,16,HIIT06,16_HIIT06,HIIT,69,145.0,207.5
-0.424205125038961,2.61265617848317,-0.699507702282293,1.39330272891047,-21.2554263326249,51.6132768140368,6,MICT06,6_MICT06,MICT,50,111.0,183.0
0.926129097553205,-2.03900547214329,-1.09319931614922,25.5275622129107,79.4362661793257,0.528962345567391,6,MICT02,6_MICT02,MICT,206,111.0,183.0
4.74840268753604,9.39534327139046,2.85239103692222,-102.125544661581,119.471449392679,48.54548836411,16,HIIT02,16_HIIT02,HIIT,93,145.0,207.5
8.1713627189511,8.01654728319259,-0.404407788385659,-43.1926706313289,-111.85505272078,153.487554389744,16,HIIT04,16_HIIT04,HIIT,143,145.0,207.5
1.57498247205388,0.417852444396947,-1.42013041011369,46.5648084689351,-62.3224650136802,79.1155364820923,6,MICT03,6_MICT03,MICT,172,111.0,183.0
-1.00357002919086,1.73385528552207,-0.627211219651615,-20.9131770399737,-13.1520399023767,39.5402103120826,6,MICT01,6_MICT01,MICT,42,111.0,183.0
-11.770287898305,-30.1868347447721,2.11971158792767,28.5820233452662,34.8310853586282,40.6297195649461,16,MICT02,16_MICT02,MICT,12,145.0,207.5
2.91948657570051,6.41775798709902,-1.65434516774336,-175.004176813843,-161.27880850203,-111.678885714076,6,HIIT05,6_HIIT05,HIIT,98,111.0,183.0
-0.624665435767304,-9.10079409916832,-0.246838806487151,21.1438490788583,56.88400727434,-186.899097982798,16,HIIT06,16_HIIT06,HIIT,261,145.0,207.5
-1.31273772122851,-8.50345490754547,0.106749639664499,182.672846408714,128.90195899557,158.360287119436,16,HIIT02,16_HIIT02,HIIT,266,145.0,207.5
2.48826921921341,5.3433172905948,0.790079400521679,3.20306255634965,-136.023570740933,94.6395449349049,6,MICT06,6_MICT06,MICT,108,111.0,183.0
-3.62449532309122,-6.99175057986974,2.23679141482536,13.8785386030856,64.4879514721058,-131.999832946565,16,HIIT06,16_HIIT06,HIIT,319,145.0,207.5
2.5565352604134,6.04707263756935,-0.468856030842075,-142.371392230273,-158.804124079961,-81.6983928046959,6,HIIT02,6_HIIT02,HIIT,98,111.0,183.0
-7.81362410743979,5.14773623331768,-0.0740542397371112,32.5410329690254,55.3935887884225,86.3477953736215,16,HIIT06,16_HIIT06,HIIT,24,145.0,207.5
-0.681122874663436,-2.53483785460362,0.42885976596506,-34.8562254136659,64.2912122272315,-105.418460806023,6,MICT03,6_MICT03,MICT,306,111.0,183.0
-0.906628480264486,2.37419930609566,-0.628927915335202,-2.84351072860402,-24.778433106185,50.5467220556158,6,MICT02,6_MICT02,MICT,50,111.0,183.0
-3.74666785067225,4.71183969405082,0.375437525028231,-117.079814866019,-58.3263592175392,28.2207733344327,6,HIIT06,6_HIIT06,HIIT,31,111.0,183.0
4.64759745040314,3.54291131129042,-0.756422297341159,-26.757470609669,-120.036056155816,88.8395441868835,16,MICT03,16_MICT03,MICT,154,145.0,207.5
0.178502544652118,-5.71298238120384,0.564927681150325,131.525586227056,156.280453470072,-15.1379318682469,6,HIIT04,6_HIIT04,HIIT,253,111.0,183.0
-1.6298543590404,-4.34654237497102,0.615616460471454,-6.28126066120896,79.5408996510162,-131.649701198385,16,MICT04,16_MICT04,MICT,295,145.0,207.5
1.7941693319534,-1.65313216547417,-1.8106052205622,9.37582654115115,-12.7702982476609,-0.813030398705684,16,MICT02,16_MICT02,MICT,199,145.0,207.5
-0.155718384691922,-5.4536165740717,1.52198962063429,-9.87870926899148,109.055663111292,-113.397117073373,6,HIIT06,6_HIIT06,HIIT,273,111.0,183.0
-6.2495384103447,-7.37235607587192,2.77890205978626,68.8953453280875,-84.3942252167369,-132.563730050019,16,HIIT01,16_HIIT01,HIIT,332,145.0,207.5
-2.67516837389407,6.12602999105854,-0.22347061262446,3.10661247918497,-4.31584654007364,114.138582554233,16,HIIT06,16_HIIT06,HIIT,52,145.0,207.5
4.39037557060992,-2.70206127823427,-3.23056555310181,-1.10174437186031,-12.1508467440389,-15.8898814253289,16,HIIT04,16_HIIT04,HIIT,195,145.0,207.5
-4.67090639443554,1.57932296479996,-0.324516169080836,39.8601121952873,25.3122367124136,78.6619172549001,16,MICT03,16_MICT03,MICT,27,145.0,207.5
1.34168311637557,-0.731070426514884,-1.39534035922508,57.0297247466082,-2.46697081832655,66.5585483191743,6,MICT03,6_MICT03,MICT,183,111.0,183.0
1.06510974040343,-3.53953140497865,-0.84108733893961,629.174782993642,114.505951472574,558.469639496493,6,HIIT05,6_HIIT05,HIIT,207,111.0,183.0
-9.5896221341808,25.4600485251772,2.00143199715569,20.0500982636757,78.1418800330425,-79.0490311499269,16,HIIT04,16_HIIT04,HIIT,343,145.0,207.5
-1.57707979014288,-3.95228439587451,0.734827049369019,-7.04341370457404,75.5536586587252,-128.626809854672,16,MICT03,16_MICT03,MICT,296,145.0,207.5
0.742771389949569,-3.9845861053036,-1.06609179306204,354.666427711498,199.147562598287,278.305159297198,6,HIIT02,6_HIIT02,HIIT,218,111.0,183.0
-0.0763275394629833,-4.75647494308676,-0.840156616583238,1.15702954252292,68.3667074258656,-111.211889864368,16,MICT02,16_MICT02,MICT,239,145.0,207.5
-0.379746309397964,5.27147591878068,0.220565422792359,12.5666694212638,-36.344478993132,83.6945646618927,16,MICT03,16_MICT03,MICT,72,145.0,207.5
-2.40158974750438,-8.64380588734937,1.4738231268431,3.61187793263782,80.9559968329468,-39.4417356347564,6,MICT03,6_MICT03,MICT,337,111.0,183.0
-0.514897644670561,-3.85907435719142,0.217318760365586,11.2992709561605,84.4148982333801,-47.7729111173223,6,HIIT05,6_HIIT05,HIIT,315,111.0,183.0
-8.06255342423469,2.69540950601731,-0.020936664432885,37.2864954208517,48.666226805071,95.1936995801024,16,HIIT04,16_HIIT04,HIIT,26,145.0,207.5
-1.7695164890671,1.43317745277209,0.364693425968815,-13.8193350428814,31.4330368875914,-27.4369382185933,16,MICT05,16_MICT05,MICT,351,145.0,207.5
4.14564266921055,2.29586314455376,-1.24819015078804,-10.7112214119847,-99.4014954153657,80.6651710371966,16,MICT03,16_MICT03,MICT,164,145.0,207.5
2.85843210411571,6.10729819920096,0.945881347808749,2.89528408554544,-73.3783703930791,101.199692397022,16,MICT02,16_MICT02,MICT,97,145.0,207.5
-0.3495716914559,-4.40547700707635,0.414884156443325,2.10525212974635,90.2242363631591,-68.4074099619821,6,HIIT03,6_HIIT03,HIIT,311,111.0,183.0
2.32311651022027,-7.53330765559134,-2.15102451425207,154.607327553084,72.1649158947393,121.302509478349,16,HIIT02,16_HIIT02,HIIT,226,145.0,207.5
-1.84968790808493,-4.71876868373769,0.792680350371223,3.14164089013143,68.5720928544136,-127.784100600011,16,MICT06,16_MICT06,MICT,289,145.0,207.5
-0.60196361002858,-2.36317994827331,0.218448802017666,-4.84921527778453,67.1142771334804,-69.296326765653,6,MICT06,6_MICT06,MICT,316,111.0,183.0
1.1257414688281,-4.11226212333965,-1.20944960387165,636.472442164685,148.447509327621,584.82347746292,6,HIIT03,6_HIIT03,HIIT,207,111.0,183.0
-3.24369063488034,-6.57469264011721,1.95664093933172,13.4699279271917,63.1844250585071,-135.298411571945,16,HIIT06,16_HIIT06,HIIT,317,145.0,207.5
2.95671055287728,5.68784121114662,1.00968942047993,-8.25483723013794,-128.358820682354,83.2509713408384,6,MICT03,6_MICT03,MICT,105,111.0,183.0
-0.363345645561548,-3.36381677230375,0.540591630143178,-20.162283436186,68.1653410599983,-105.468421724905,6,MICT01,6_MICT01,MICT,289,111.0,183.0
-4.07346379058607,1.45560029613952,1.47203036928907,-33.794881840598,75.2523665186553,-75.4621870622575,16,MICT01,16_MICT01,MICT,341,145.0,207.5
3.5201621921881,5.27748535472694,0.356864799467132,-203.227432681806,-167.94482361125,-166.447326851769,6,HIIT02,6_HIIT02,HIIT,127,111.0,183.0
-0.031437518374935,-3.62993840590567,0.507640221465725,-9.72445581609443,77.6656425910571,-106.838963346513,6,MICT04,6_MICT04,MICT,274,111.0,183.0
1.43357640201973,9.78538253018913,0.801315928048645,-24.4308098945397,-67.1675302737482,135.948668890326,16,HIIT06,16_HIIT06,HIIT,82,145.0,207.5
5.22353510459938,4.54566858090788,-0.247969352497006,-37.8212977370662,-137.293803781486,90.2206454899232,16,MICT05,16_MICT05,MICT,145,145.0,207.5
1.74157230529753,6.1374746925486,-1.54140456441975,-285.507470504218,-169.707651180733,-185.332671211291,6,HIIT05,6_HIIT05,HIIT,89,111.0,183.0
-1.46428931898,7.34007382308016,-0.172749559542525,88.6970403037851,143.131591291824,-23.4591597242008,16,HIIT02,16_HIIT02,HIIT,66,145.0,207.5
5.1980453607987,5.96264588503981,1.64256963193317,-37.7998782477773,-131.415687467664,103.045100195109,16,MICT04,16_MICT04,MICT,126,145.0,207.5
0.839026364265188,-3.12406608336049,-0.272423814814643,-8.62503716313642,100.175139951961,-88.9375905136457,6,MICT02,6_MICT02,MICT,232,111.0,183.0
-1.78931961275975,-7.97831345563852,0.663752117082257,28.0480907859629,75.8385364398984,-19.543593859232,6,MICT04,6_MICT04,MICT,336,111.0,183.0
-7.95660212322408,29.4810732344378,0.384111536545521,70.1920722990473,65.753737876912,30.7859536628512,6,HIIT05,6_HIIT05,HIIT,347,111.0,183.0
-0.144439220145407,5.90688418228061,1.29021905589233,-228.863737435608,-161.825044511709,-89.5061184885564,6,HIIT02,6_HIIT02,HIIT,69,111.0,183.0
4.95673826748643,3.87638056860373,-1.29052030086285,-271.881436658526,-106.196467854863,-238.22416560661,6,HIIT04,6_HIIT04,HIIT,145,111.0,183.0
-3.41520836419982,6.00970174033459,-0.804973407505152,-14.5008398128587,7.73121393775614,56.8126394484572,6,MICT03,6_MICT03,MICT,21,111.0,183.0
1.0384427105704,-1.20240766962114,-1.29326153614351,40.0292080879795,18.4066327928225,51.394684262083,6,MICT06,6_MICT06,MICT,184,111.0,183.0
0.351669129960528,6.97645554145389,0.991290498938346,-277.028982717163,-181.830404258352,-143.420491201225,6,HIIT01,6_HIIT01,HIIT,74,111.0,183.0
2.39023615814224,4.66222637546494,0.256424376338863,-13.0744851100111,-158.865026236353,84.1808423595307,6,MICT04,6_MICT04,MICT,124,111.0,183.0
-2.86872844841323,6.33532069786636,-0.240509237368376,12.533126950991,-5.3022150487896,116.119478541191,16,HIIT04,16_HIIT04,HIIT,51,145.0,207.5
2.31312433132251,4.29346367969681,0.5979250190893,-4.17482421473676,-114.377334144564,76.3546602370491,6,MICT01,6_MICT01,MICT,113,111.0,183.0
-0.50010494072913,-2.24835136595668,0.514191666173474,-20.0951431495783,65.1229704119005,-80.0826236179099,6,MICT04,6_MICT04,MICT,306,111.0,183.0
1.02910057518479,-3.15663306981315,-1.07560461229138,-11.3146206117925,94.4495904521035,-76.3987306020357,6,MICT05,6_MICT05,MICT,216,111.0,183.0
-0.64807527820939,-2.4175697061599,0.284941297924016,-26.420346450729,68.6216255740916,-77.2345522294445,6,MICT05,6_MICT05,MICT,317,111.0,183.0
-0.46443563625585,-1.89480743579777,0.296479760311676,-31.0851041973767,55.7419312537834,-89.9740188278263,6,MICT02,6_MICT02,MICT,316,111.0,183.0
1.06665686884618,-1.64294459547372,-1.2865403158987,32.3836831438416,39.2261640066698,32.8408777076183,6,MICT06,6_MICT06,MICT,189,111.0,183.0
-0.316836833959186,-4.84155703656037,0.271396764816687,21.6919476937911,88.9426975561623,-40.5503601363833,6,HIIT01,6_HIIT01,HIIT,317,111.0,183.0
2.27328269826465,11.1795144410835,1.38122874311641,-35.9731627400688,-77.0171357298445,138.36617337439,16,HIIT03,16_HIIT03,HIIT,86,145.0,207.5
2.83350733940679,-1.47105029531952,-2.01236414021582,208.354769338916,-55.8334224446412,189.288935708001,6,HIIT05,6_HIIT05,HIIT,179,111.0,183.0
0.908890650686699,-3.76597848440331,-0.246587732618235,-18.64863568415,105.072909324241,-114.399228923824,6,MICT06,6_MICT06,MICT,233,111.0,183.0
-1.83376962846537,3.69407327846724,-0.30581102086872,22.3033783092085,-5.55439734808116,81.2758225193727,16,MICT05,16_MICT05,MICT,52,145.0,207.5
3.83956581206182,6.65261934820277,0.993656044115903,-7.48805098952453,-87.6743903506456,107.63586005835,16,MICT05,16_MICT05,MICT,105,145.0,207.5
2.52764741490982,4.64712358523741,0.443604146773529,-6.73042192141176,-173.3197789594,85.0729521172547,6,MICT05,6_MICT05,MICT,126,111.0,183.0
-0.885617997287317,2.10340124821562,-0.578969749043574,-4.99757027083997,-23.2170356807066,48.8411270368689,6,MICT02,6_MICT02,MICT,48,111.0,183.0
3.89625058222048,-3.80713571550826,-3.11169715391391,1.49242516183023,-4.72503197374971,-42.0486424022815,16,HIIT04,16_HIIT04,HIIT,201,145.0,207.5
-1.43089572871053,4.14592618445667,0.162497542558565,-134.142203242249,-88.8871021283807,14.9248894434076,6,HIIT04,6_HIIT04,HIIT,50,111.0,183.0
-1.76237860020655,2.78573229772891,-0.427308887999232,27.4699020171112,-0.426208006223148,81.3701428610826,16,MICT04,16_MICT04,MICT,43,145.0,207.5
-0.215523871227134,9.50784190242987,0.634562491328388,-11.07304791424,-50.8943780774957,127.807209050377,16,HIIT04,16_HIIT04,HIIT,73,145.0,207.5
-2.39638541120648,-4.01909908845075,0.546534771492747,12.7017316081305,84.5304263488724,-42.0687964222562,6,HIIT02,6_HIIT02,HIIT,330,111.0,183.0
-3.01236953766683,-6.25579486301908,1.63956260314435,2.0742667793832,65.1254049074808,-145.407825468941,16,HIIT04,16_HIIT04,HIIT,316,145.0,207.5
-1.51858072647785,-3.41699983360022,0.851626298820405,-16.3905477941449,75.3865968010882,-120.201660075313,16,MICT05,16_MICT05,MICT,309,145.0,207.5
2.05732315037323,-2.61483120577975,-1.88726964880506,18.6371742734758,1.18930873368429,-19.6029143498433,16,MICT06,16_MICT06,MICT,205,145.0,207.5
0.593142087481546,-3.33146974526139,0.462035214250962,-11.7933911281984,85.5417241673244,-112.196098028744,6,MICT01,6_MICT01,MICT,250,111.0,183.0
-0.386587767513268,-9.97092460472673,-0.51422339703011,22.6717678156039,54.0400501402222,-189.400348504883,16,HIIT03,16_HIIT03,HIIT,257,145.0,207.5
4.74393852013867,11.1194405342525,-3.56414077152057,-3367.93607680015,-1851.84674700876,-627.985734131784,16,HIIT01,16_HIIT01,HIIT,122,145.0,207.5
-0.0944999563342954,-3.12857814541575,0.116855463848191,-17.8989582357374,69.7109088708164,-113.945216045961,6,MICT01,6_MICT01,MICT,275,111.0,183.0
-1.08290349883693,-4.07348490676546,0.699852644716644,-1.29954569291047,89.4500319969159,-64.0517554947379,6,HIIT04,6_HIIT04,HIIT,315,111.0,183.0
2.03777261079907,2.93240629162682,-0.204234653250785,-1.01467268173617,-148.042874461881,70.8426074544781,6,MICT02,6_MICT02,MICT,154,111.0,183.0
-7.79550463339063,5.69244605376414,-0.541465507439758,159.975479393251,120.754265130417,-103.797347933648,16,HIIT01,16_HIIT01,HIIT,18,145.0,207.5
7.81816373809006,6.60661288754005,-1.19328858243346,-38.3106018551416,-104.793173986136,131.585757697183,16,HIIT06,16_HIIT06,HIIT,151,145.0,207.5
-3.5433616018971,14.7533113774038,-0.224827624686958,26.5264223138051,46.4570815285939,2.27619970344604,6,MICT04,6_MICT04,MICT,348,111.0,183.0
-3.09572706216507,-7.3826584926086,1.73171713331769,-33.2014970225189,72.3762641297708,-88.8569830132117,16,MICT01,16_MICT01,MICT,335,145.0,207.5
0.585882190457323,-4.93032427572534,-0.0757863820434169,192.383162160511,206.960028548501,86.9120195725427,6,HIIT01,6_HIIT01,HIIT,231,111.0,183.0
1.19033976003986,-3.56123761787337,-1.49298102707091,15.8285847341165,30.5346909796391,-54.6903186289025,16,MICT05,16_MICT05,MICT,217,145.0,207.5
4.29612559160408,5.39625156526943,0.894454304217431,-17.1620801696575,-91.6039167201139,100.636418341728,16,MICT01,16_MICT01,MICT,115,145.0,207.5
0.304847722809573,-5.5160146446884,0.996173708127611,183.231733602419,170.839581667741,34.4901002177116,6,HIIT04,6_HIIT04,HIIT,247,111.0,183.0
-5.07116810881579,1.5368415366003,-0.169651012304775,35.0401367439718,29.8892036795484,76.2198284959661,16,MICT05,16_MICT05,MICT,26,145.0,207.5
1.12229236456339,-3.06272198724295,-1.26670116126655,515.501448554013,111.901253460673,467.265360607975,6,HIIT02,6_HIIT02,HIIT,203,111.0,183.0
-0.363399312504064,7.93944905376652,0.955168514558123,-302.450208715092,-175.895120940834,-124.574410486909,6,HIIT04,6_HIIT04,HIIT,74,111.0,183.0
1.52031038865485,4.35733821775185,-0.0693224951475642,-1.00454932146454,-77.5367286047353,63.0496703560923,6,MICT01,6_MICT01,MICT,93,111.0,183.0
-1.84394154801166,-4.78114890501945,0.791087921157212,3.75921545463751,68.7909091784524,-128.413037107518,16,MICT06,16_MICT06,MICT,288,145.0,207.5
1.20617270491877,-1.56372945439999,-1.49515438559023,53.6514903950274,35.225805981509,46.0960070282349,6,MICT03,6_MICT03,MICT,191,111.0,183.0
-1.36812438079185,-8.98235284724373,0.619638752162798,20.1725630596173,59.4469261621077,-186.718063004707,16,HIIT06,16_HIIT06,HIIT,271,145.0,207.5
-1.84371121247935,-4.58773229189589,0.773706619120172,2.10642012042549,68.2270261266069,-126.327209811593,16,MICT06,16_MICT06,MICT,291,145.0,207.5
0.855231083376602,-3.54740180166732,-0.757945660587509,6.06682152615184,101.821648437217,-79.737486005338,6,MICT04,6_MICT04,MICT,227,111.0,183.0
-1.86949635969645,-8.61962380466546,1.00635788405013,16.4843339496193,60.0362765202903,-182.966259432445,16,HIIT05,16_HIIT05,HIIT,279,145.0,207.5
-8.84289429677575,13.119918841552,2.25440723072381,76.3517904719344,-54.2955658788765,-132.770395886196,16,HIIT01,16_HIIT01,HIIT,342,145.0,207.5
-1.18816367655647,4.43740671291351,1.26143862842117,-161.457323504686,-108.788611004642,-11.442273685388,6,HIIT05,6_HIIT05,HIIT,49,111.0,183.0
4.14071928787992,3.95234591434702,-0.831558378524801,-264.101791599636,-123.338069993084,-225.622354355892,6,HIIT01,6_HIIT01,HIIT,146,111.0,183.0
5.45818485389318,4.39079488659008,-0.554245310905465,-29.4813813489986,-134.54443668532,93.3349267997953,16,MICT05,16_MICT05,MICT,150,145.0,207.5
1.03728636856652,-2.86485276580018,-0.820173409226514,0.0264072405508112,97.7102609419431,-48.9440788405847,6,MICT06,6_MICT06,MICT,210,111.0,183.0
-8.15222423574845,29.721579906693,0.878077944041452,37.2090072872651,40.9327914299204,59.322144466656,16,HIIT02,16_HIIT02,HIIT,348,145.0,207.5
7.84019209471138,6.42547425269764,-1.40888199626545,-41.7147965763341,-96.7329569753741,134.813954197185,16,HIIT03,16_HIIT03,HIIT,150,145.0,207.5
-2.04058838831055,1.99695870010006,-0.386937332583378,-24.4976521141679,-3.64268583927979,39.4851853976226,6,MICT01,6_MICT01,MICT,32,111.0,183.0
-0.971983323484101,4.18361648810738,-0.16527070580855,18.7036696679827,-22.8516959935017,78.7206800211306,16,MICT04,16_MICT04,MICT,62,145.0,207.5
5.72905654534101,1.42495587069333,-2.79273935166798,-14.1890486122284,-46.1513667366606,58.9229195957284,16,HIIT06,16_HIIT06,HIIT,176,145.0,207.5
-0.428914459845652,-5.66302127213845,-0.408981256060677,23.2208878429055,76.3642657173092,-126.229032457305,16,MICT06,16_MICT06,MICT,254,145.0,207.5
1.20299045243219,-1.39435453577971,-1.3161032957176,32.4974498238684,15.6910366766478,31.4060704504887,6,MICT04,6_MICT04,MICT,188,111.0,183.0
1.47366906744217,10.9073140187286,1.32340025228716,-33.0351651919862,-70.7432129720455,133.697721050083,16,HIIT03,16_HIIT03,HIIT,82,145.0,207.5
-0.523162858899417,5.38287403467386,1.15913272747188,-179.965439050854,-139.513694989908,-47.9384551670086,6,HIIT02,6_HIIT02,HIIT,64,111.0,183.0
-2.08250541350003,6.38538813121369,0.539800420046592,-13.3587726021709,33.9736659813293,-30.9417153180445,16,MICT02,16_MICT02,MICT,350,145.0,207.5
3.18061233853974,1.54325670577286,-1.32982917066949,-137.517049466271,-97.3707615751622,-132.745917449961,6,HIIT02,6_HIIT02,HIIT,159,111.0,183.0
-2.31722739459875,-4.59432578199322,1.34152828474067,-16.4668476861967,72.7010007504815,-106.794287501078,16,MICT03,16_MICT03,MICT,323,145.0,207.5
-1.48198783080766,-3.13514674921692,0.750851023370146,-5.3227499609717,66.5918784717978,-111.241747631084,16,MICT06,16_MICT06,MICT,309,145.0,207.5
-0.0935074459662606,-5.30401158380345,1.02059921503366,-16.0806579516592,95.1902160426377,-84.9891741411842,6,HIIT01,6_HIIT01,HIIT,296,111.0,183.0
4.51213446398066,3.34705076203493,-1.44520090799234,-304.91734754873,-101.971360952426,-275.764259148462,6,HIIT06,6_HIIT06,HIIT,145,111.0,183.0
-1.91812841823127,-3.37123810282864,0.941505414943142,-7.79368936972586,66.8256155116574,-101.879375318473,16,MICT06,16_MICT06,MICT,319,145.0,207.5
-4.39300840363219,3.75319670301512,-0.510460654748907,141.862522659039,131.70902644512,-70.3405842655935,16,HIIT01,16_HIIT01,HIIT,40,145.0,207.5
-1.47241891550482,-3.61422430189623,0.693074689348212,-20.7187388048179,73.2862449879601,-134.829188245826,16,MICT02,16_MICT02,MICT,298,145.0,207.5
2.56025210447879,-0.416161974322316,-1.69926023838697,146.722976215451,-50.4125998984251,156.201670179996,6,HIIT01,6_HIIT01,HIIT,175,111.0,183.0
2.09245302815741,-1.79717714145932,-1.72692334221125,404.349513155227,-12.9670390429169,399.909124119554,6,HIIT01,6_HIIT01,HIIT,185,111.0,183.0
5.03870410723828,5.33456019248504,0.20970230258103,-52.596196701745,-140.394863917808,92.3830306476235,16,MICT03,16_MICT03,MICT,135,145.0,207.5
-3.03050045375898,1.98687320328719,-0.529700841444839,-14.0536957263921,5.21255248454855,50.0177263001919,6,MICT04,6_MICT04,MICT,28,111.0,183.0
4.5411734889944,7.6632591394543,0.846639671303605,-209.478116248252,-184.566617877472,-152.864505724122,6,HIIT01,6_HIIT01,HIIT,118,111.0,183.0
0.0382514072979911,9.75152616900353,0.829865195798231,-25.1596291944031,-52.4381342827346,129.94726574804,16,HIIT05,16_HIIT05,HIIT,77,145.0,207.5
-1.86062488957039,-3.50334004030446,0.849987057053492,-31.45696702939,74.8557008151629,-122.613403154615,16,MICT01,16_MICT01,MICT,319,145.0,207.5
-0.299204170245709,-8.62999833330777,0.18857749514503,-8.5000526383383,32.220666815207,-25.9861248435721,16,MICT06,16_MICT06,MICT,354,145.0,207.5
-8.07916867524308,-21.0875613502784,1.89393289389401,20.9752465056581,27.6635066237644,29.6820127461665,16,MICT05,16_MICT05,MICT,9,145.0,207.5
-0.730873172221269,-5.10804394531757,1.6152813948334,-13.7130841915199,98.3193490867148,-95.3551144620013,6,HIIT06,6_HIIT06,HIIT,287,111.0,183.0
1.75669162336704,2.37639923868372,-0.481065932424197,10.0597900017447,-139.079624509274,69.8308164207161,6,MICT05,6_MICT05,MICT,154,111.0,183.0
-0.0622499777384171,5.97595121234676,1.2304334289968,-238.899976390746,-166.258629088096,-97.9675240856589,6,HIIT02,6_HIIT02,HIIT,70,111.0,183.0
0.807750749622719,-5.35330984455861,0.160291354047591,91.0668228849561,179.860439650802,-33.5828996701021,6,HIIT01,6_HIIT01,HIIT,247,111.0,183.0
4.02288091108244,3.22812039047594,-1.05188064044731,-308.965700061126,-100.37282815874,-279.142710224583,6,HIIT05,6_HIIT05,HIIT,145,111.0,183.0
-0.166490647525894,6.64564365967251,-1.03138664912212,-339.209887507487,-182.535858187347,-189.726994196199,6,HIIT06,6_HIIT06,HIIT,75,111.0,183.0
-2.97410704287912,3.33367103785924,-0.624008351674079,29.6380875393386,10.7007511385297,79.9402453823384,16,MICT04,16_MICT04,MICT,34,145.0,207.5
-4.11506962534559,-8.15033647778889,0.549745094645685,17.8592424089741,23.0634630460384,24.1109234909363,16,MICT02,16_MICT02,MICT,7,145.0,207.5
3.07737455695012,0.805566424115945,-1.55892635598194,3.5385246877484,-68.688863642699,60.4352557994671,16,MICT02,16_MICT02,MICT,178,145.0,207.5
1.40900135009427,0.888126314560543,-0.876703632217087,14.4469154102379,-84.9542976242029,57.2667482590242,6,MICT04,6_MICT04,MICT,166,111.0,183.0
0.876745916975533,-3.88910132178585,0.119049940006701,-30.1605170886166,90.2338935977544,-138.590368715182,6,MICT06,6_MICT06,MICT,243,111.0,183.0
-2.26328616372064,2.54899059443022,-0.32069486600722,28.3598926305562,11.0032363650329,82.3887102459281,16,MICT01,16_MICT01,MICT,39,145.0,207.5
-1.56902872736475,7.61632995318342,0.121001355080767,-4.13201912363906,-23.5656028959055,119.568677413828,16,HIIT06,16_HIIT06,HIIT,62,145.0,207.5
-5.1862489635549,4.0956947173696,-0.586231426969877,150.756674480925,138.224575172115,-75.718988598124,16,HIIT01,16_HIIT01,HIIT,38,145.0,207.5
-18.5973450071233,-50.3820194296275,4.40556557113337,35.5878117677291,57.6553143395335,51.1667634677372,16,HIIT05,16_HIIT05,HIIT,12,145.0,207.5
2.72978489814871,4.93863925389184,1.05951660801887,-11.1137634793797,-171.145760300852,90.7380560928663,6,MICT06,6_MICT06,MICT,120,111.0,183.0
-10.7612579903071,-28.9529982052066,2.78622691538378,-7.59415353301007,0.5531852916315,47.7733939756566,6,HIIT01,6_HIIT01,HIIT,13,111.0,183.0
3.51598575681235,5.24096307181937,0.427385344574959,-207.542874040231,-167.289364921138,-171.281418523429,6,HIIT02,6_HIIT02,HIIT,128,111.0,183.0
4.90284423652415,4.80811864109926,0.272135417389456,-33.2238878821044,-128.382191398553,101.783765783421,16,MICT02,16_MICT02,MICT,139,145.0,207.5
-2.87919080252202,3.50539215275191,0.128142092550627,-110.102548629032,-58.876943285822,28.6441024598767,6,HIIT02,6_HIIT02,HIIT,32,111.0,183.0
2.42179359897562,-1.40262468218827,-1.89377605556578,17.2582847408085,-18.719928893641,14.9039662545019,16,MICT03,16_MICT03,MICT,195,145.0,207.5
1.15615084744446,-3.42469872476146,-0.417754149876191,-1.50532134164054,114.008830284518,-81.0021819892101,6,MICT05,6_MICT05,MICT,223,111.0,183.0
-0.0198412859634117,-5.35441350389873,1.57749318992094,115.874472070677,143.9126868657,-20.576358203075,6,HIIT04,6_HIIT04,HIIT,262,111.0,183.0
-0.485751560762123,3.50108035607725,-0.15118804711381,15.1550990138784,-34.8184471157832,57.0026053845763,6,MICT02,6_MICT02,MICT,66,111.0,183.0
4.92389610638841,6.62260582182632,1.34652102578627,-48.3572356313936,-117.990798138813,99.8803810612842,16,MICT06,16_MICT06,MICT,116,145.0,207.5
-3.89526218540517,3.07699618834485,-0.411365528516359,32.8922394140298,21.8242245624148,81.530218954958,16,MICT05,16_MICT05,MICT,31,145.0,207.5
-1.10877249007728,-6.72375196694087,0.0653364914275334,58.4671974615811,92.3938395264298,-9.8771618985573,6,HIIT01,6_HIIT01,HIIT,324,111.0,183.0
-6.67494664487687,3.63592814666256,-0.184359531394507,32.2232256173295,40.1597953487996,96.156891004698,16,HIIT04,16_HIIT04,HIIT,29,145.0,207.5
1.01001825812324,-6.7974877550359,12.4256635623246,130.794037407273,89.7254340341177,134.42286892577,16,HIIT01,16_HIIT01,HIIT,260,145.0,207.5
-4.2023810976868,3.73251279600793,-0.353857139793559,-8.85133037377153,18.0301902771352,57.3424897993296,6,MICT03,6_MICT03,MICT,18,111.0,183.0
2.70048693652263,5.67078977279296,-2.10631403339408,-178.54156980227,-156.571028291254,-113.996298700355,6,HIIT05,6_HIIT05,HIIT,97,111.0,183.0
-0.453600742482814,2.44474381092536,-0.669223286937359,3.78633831719435,-16.535608075781,51.1758367372364,6,MICT04,6_MICT04,MICT,50,111.0,183.0
5.31861999935906,5.02448483228098,0.201424542005273,-41.7075559567226,-139.049317078685,92.1258406739802,16,MICT05,16_MICT05,MICT,140,145.0,207.5
5.35743763370891,0.329348093872987,-3.05069573211156,-10.5477531785036,-35.6526842690852,39.3072096409311,16,HIIT06,16_HIIT06,HIIT,181,145.0,207.5
-0.462145751384865,-4.67627900302997,0.661142922903691,-23.914604950214,84.5616010686874,-89.5723742509249,6,HIIT05,6_HIIT05,HIIT,296,111.0,183.0
-1.35404546572965,3.41138729123042,-0.140635590998714,22.1882164539064,-3.96677629215914,79.0359855535452,16,MICT01,16_MICT01,MICT,56,145.0,207.5
-4.997062173686,-4.77706341989256,0.632879613825116,16.0971237283869,27.3211575777827,55.1615393090633,6,MICT02,6_MICT02,MICT,16,111.0,183.0
-0.738721423429856,-2.56627793704772,0.229754799576803,-1.49649925754789,68.0580652466236,-66.2648056123406,6,MICT06,6_MICT06,MICT,318,111.0,183.0
7.84383942190159,6.75037803592456,-1.20117172074288,-36.5387400926497,-99.6288115148272,143.066986083471,16,HIIT04,16_HIIT04,HIIT,150,145.0,207.5
-8.33321059621792,28.841816508598,-0.0068690233070904,57.2350109569349,77.2285078028904,15.962418776034,6,HIIT04,6_HIIT04,HIIT,345,111.0,183.0
-0.927573801984925,-3.81252131984634,0.407267221448522,-1.15676072159625,87.2014731659695,-54.0742691465948,6,HIIT06,6_HIIT06,HIIT,317,111.0,183.0
-0.986796278926431,-5.11364623889579,0.0299013162424176,-1.9702480886252,76.1790997981074,-142.67476548068,16,MICT03,16_MICT03,MICT,269,145.0,207.5
0.238093325700227,5.32083142695562,0.180016070020315,12.0510449519384,-44.5494067763726,85.6437887453389,16,MICT04,16_MICT04,MICT,76,145.0,207.5
5.78563106911642,-0.108903797088235,-3.26634377602817,-5.23490282284662,-27.8421684011655,41.8537086345465,16,HIIT03,16_HIIT03,HIIT,182,145.0,207.5
2.47786400431978,5.33614618311294,0.634705992585097,-0.1686159916277,-120.669766520729,82.6226822244913,6,MICT05,6_MICT05,MICT,101,111.0,183.0
1.15193165438656,8.6192910709502,0.559374971789704,47.070325658408,143.373633909529,-5.35767105370428,16,HIIT01,16_HIIT01,HIIT,82,145.0,207.5
0.633936099640095,-4.34573625143785,-0.0189717121223324,234.73030698135,192.24401846037,120.203296379529,6,HIIT05,6_HIIT05,HIIT,230,111.0,183.0
-2.03626608023294,2.55466471707446,-0.304814480324462,27.6785574421914,9.06931722001975,82.40075611602,16,MICT01,16_MICT01,MICT,41,145.0,207.5
3.64309078704062,3.71752149679553,-0.652252459179196,-254.275185502979,-147.064196253994,-228.085458435365,6,HIIT02,6_HIIT02,HIIT,140,111.0,183.0
6.62534340037777,0.994010518512367,-2.57710408090536,-196.384471490577,15.7449857039261,-194.530158224626,16,HIIT01,16_HIIT01,HIIT,176,145.0,207.5
-0.69735189098847,-5.86953837014104,0.0594979989093567,39.8882709617428,90.6521661298644,-25.0104856222875,6,HIIT01,6_HIIT01,HIIT,321,111.0,183.0
6.02388136247694,0.676729916663747,-3.32007939451533,-8.73297339040681,-35.0387911190718,57.3101651892489,16,HIIT03,16_HIIT03,HIIT,178,145.0,207.5
-1.96263853028643,-3.8175678582754,0.860682100400749,-20.035968953735,74.6560411054132,-110.727092266388,16,MICT05,16_MICT05,MICT,319,145.0,207.5
-3.41039945200627,4.76557930015441,-0.128277810116373,-122.446493416523,-80.9870638705959,23.0116571087393,6,HIIT03,6_HIIT03,HIIT,34,111.0,183.0
4.09499339514975,6.30073661037476,1.48997772868366,-9.05907901599323,-89.1260191075875,105.857377412791,16,MICT02,16_MICT02,MICT,107,145.0,207.5
0.954477915093316,-4.83482551099535,-0.956798173678351,365.090581631944,183.377020376344,261.970464065825,6,HIIT06,6_HIIT06,HIIT,224,111.0,183.0
-1.14854691792183,6.98370763271216,-0.473299198120503,25.0646033728127,40.9697264952335,28.0986688285623,16,HIIT05,16_HIIT05,HIIT,3,145.0,207.5
0.195465605493252,-4.02467897018466,0.47982576682301,-21.3433547812438,80.9352884337003,-129.234198223885,6,MICT06,6_MICT06,MICT,270,111.0,183.0
0.372907740477091,-3.95089516212729,-0.843871575207832,-32.8718536195149,82.557165447395,-145.420789265786,6,MICT05,6_MICT05,MICT,249,111.0,183.0
-0.646800421998814,-3.73740316306191,0.697086160195518,-20.1762506575034,88.8719411183016,-78.8027995790653,6,HIIT06,6_HIIT06,HIIT,303,111.0,183.0
1.79541237325066,5.37623643207805,-0.285451195938651,11.4600440574053,-98.7750809150579,83.4441117249313,6,MICT06,6_MICT06,MICT,93,111.0,183.0
1.02765753433923,-2.26537187837334,-1.05457449751935,24.3124762703874,88.3772442801928,-6.12469002390096,6,MICT02,6_MICT02,MICT,208,111.0,183.0
2.04304182211561,-7.16886755244781,-2.26693548638007,9.69517788943275,22.7131989356794,-124.71018990631,16,HIIT04,16_HIIT04,HIIT,223,145.0,207.5
1.83424989527178,-3.79585964740212,-2.21727296341188,680.978099053297,79.1851428063683,644.67178343512,6,HIIT03,6_HIIT03,HIIT,200,111.0,183.0
8.01301527204047,7.20911779182557,-0.941837710731813,-42.1259183700009,-112.228122074181,139.15109490059,16,HIIT06,16_HIIT06,HIIT,147,145.0,207.5
1.08077926962774,-2.72528814515266,-1.175754190113,30.9072622819511,87.0860214181518,-10.4387872365237,6,MICT03,6_MICT03,MICT,206,111.0,183.0
-4.14555460530986,2.61535965862166,0.499898626405325,-86.1256679772981,-33.8080509783729,36.1462579736838,6,HIIT02,6_HIIT02,HIIT,25,111.0,183.0
4.33216286006216,3.10218757901576,-0.94106464932835,-16.1609245963412,-114.772400270454,94.0002614583842,16,MICT02,16_MICT02,MICT,159,145.0,207.5
0.751100953848526,-4.88724613538971,0.787947505109762,343.059394344232,176.629704047724,210.387554502237,6,HIIT04,6_HIIT04,HIIT,229,111.0,183.0
-0.677259118558228,4.79351263186365,-0.638669066932256,71.5265931656184,51.9760464088336,-47.9954595752926,16,HIIT02,16_HIIT02,HIIT,2,145.0,207.5
-11.2016871137287,-23.2958869722317,3.54196077987649,73.6105448348474,52.8277517526114,-51.471925672038,16,HIIT01,16_HIIT01,HIIT,8,145.0,207.5
3.6819949073768,-5.96491996631812,-2.80159654905706,89.94924955903,58.3607649999086,63.1654068178584,16,HIIT02,16_HIIT02,HIIT,212,145.0,207.5
0.957403568747035,-1.54721739176152,-1.1331955701368,30.8603230341866,53.4269102218302,21.2823553873594,6,MICT02,6_MICT02,MICT,199,111.0,183.0
-3.30382584267748,-7.21708711538602,0.740929233549147,73.5015412878835,97.9009754079341,4.90349910071461,6,HIIT03,6_HIIT03,HIIT,333,111.0,183.0
5.33154350949205,5.58242921824114,0.696908456533955,-40.0721646043633,-135.202268752056,104.387033496824,16,MICT02,16_MICT02,MICT,134,145.0,207.5
0.0260707798949144,-6.37283576493923,0.399036862832584,-28.6511185534515,107.404636116478,-136.121288806219,6,HIIT03,6_HIIT03,HIIT,278,111.0,183.0
5.11260154062987,5.7796569744551,1.06467894071933,-53.9365066271435,-138.943727871368,93.1726100846121,16,MICT03,16_MICT03,MICT,130,145.0,207.5
-4.77817773503854,16.4379325961862,0.254912749628328,56.1789199721655,51.1094168596566,26.0581984503001,6,HIIT06,6_HIIT06,HIIT,349,111.0,183.0
1.77080178994847,4.57066306582734,0.153325076031066,7.56569687892981,-87.4781481638571,73.4082385163907,6,MICT02,6_MICT02,MICT,97,111.0,183.0
5.25948233205765,3.76100924785166,-0.826014002028461,-30.6545245345288,-123.593137960879,85.5568997305059,16,MICT06,16_MICT06,MICT,155,145.0,207.5
-9.62897117610145,-0.522669267402925,0.528027888218834,44.6980343854432,73.1882681931132,75.9851319355031,16,HIIT05,16_HIIT05,HIIT,17,145.0,207.5
1.36105890994306,1.20654739943702,-0.835409706546866,36.4682071331586,-95.2099603767693,90.5980301221173,6,MICT06,6_MICT06,MICT,162,111.0,183.0
6.82003607956096,5.35189191572714,-1.48872632722366,-30.6828583072979,-85.8708870067852,126.17749279268,16,HIIT04,16_HIIT04,HIIT,155,145.0,207.5
0.898145079445635,-1.7769219279585,-1.16433038009503,28.3156954122642,64.428744712387,12.2044410138652,6,MICT02,6_MICT02,MICT,202,111.0,183.0
7.05587870763051,3.67314600241914,-2.55730443952517,-24.7478334743334,-67.5235780307637,102.862005623729,16,HIIT03,16_HIIT03,HIIT,164,145.0,207.5
-0.507111121869267,-5.17202548825131,0.850790600404939,-28.320065918548,86.6470167549346,-100.729221190528,6,HIIT05,6_HIIT05,HIIT,290,111.0,183.0
0.426524343962036,-3.70863665461587,-0.662395759358638,-34.7466213455417,78.015731729123,-142.690716719743,6,MICT05,6_MICT05,MICT,248,111.0,183.0
3.69740504963189,7.55593758430483,0.390023723877419,-232.482441698892,-166.46300509574,-157.094526143407,6,HIIT04,6_HIIT04,HIIT,115,111.0,183.0
0.734639893246306,9.98294152758169,1.07589313103614,-28.0025738984908,-58.5636080707458,134.073284996176,16,HIIT05,16_HIIT05,HIIT,81,145.0,207.5
-0.878398663979788,-5.14077034570627,0.234710819169238,0.409435739562202,78.9275701991543,-139.793423788565,16,MICT05,16_MICT05,MICT,266,145.0,207.5
-0.899088275608223,4.96405464276498,-0.0311349272076642,14.9932425363775,-28.2309119479039,82.4804188343388,16,MICT05,16_MICT05,MICT,68,145.0,207.5
-0.675072566199311,-3.42679293142817,0.35623502306761,-28.4631131507852,61.1262434021803,-101.962528495355,6,MICT06,6_MICT06,MICT,295,111.0,183.0
-1.36385747528024,3.9444544894506,-0.0722785703524971,19.4475507354484,-11.2259719450718,79.8940224438764,16,MICT01,16_MICT01,MICT,62,145.0,207.5
-3.22361965627417,6.05162422615687,-0.30838130137169,15.0890284015792,0.427265642214349,115.30403827504,16,HIIT04,16_HIIT04,HIIT,48,145.0,207.5
0.741786367020481,-5.42819537580869,-0.797937006549686,88.6031529411343,180.951877728109,-31.4958598312709,6,HIIT01,6_HIIT01,HIIT,243,111.0,183.0
-2.49114239607443,7.11528473539358,0.136903615888253,-2.42251261054173,-13.9851363044436,112.480038773417,16,HIIT03,16_HIIT03,HIIT,53,145.0,207.5
2.08616598323508,-3.28300392168258,-1.96629129194319,590.023060681381,16.8218004484384,542.202117331445,6,HIIT05,6_HIIT05,HIIT,195,111.0,183.0
7.6499338127672,10.1917502341791,1.5075082932285,-50.3187862984775,-123.031334911879,159.305386628785,16,HIIT06,16_HIIT06,HIIT,118,145.0,207.5
-0.969162147459513,3.41488999558876,-0.298792399863587,-7.05843774308129,14.260962684252,15.8421891768558,6,MICT06,6_MICT06,MICT,4,111.0,183.0
1.8095672710916,7.16462049772602,-1.65202764971006,-257.769123754588,-173.545607154722,-133.267114862656,6,HIIT04,6_HIIT04,HIIT,91,111.0,183.0
4.87384524920432,5.0848386884256,0.509565713823577,-29.0871103091863,-112.773338235804,98.8448638891719,16,MICT01,16_MICT01,MICT,125,145.0,207.5
-3.29407838872697,-7.06553941982965,1.60331216497722,13.4212781362422,67.8922311942575,-149.940426241251,16,HIIT03,16_HIIT03,HIIT,314,145.0,207.5
-3.32988873354665,-9.29990839961413,1.65382245351594,-22.4842004806132,72.7453292869267,-83.3205330267227,16,MICT02,16_MICT02,MICT,336,145.0,207.5
0.237919708030453,-5.51997577867859,1.05445352154736,153.847232534927,163.106992842672,6.00462808394026,6,HIIT04,6_HIIT04,HIIT,250,111.0,183.0
0.634115061959344,-4.97167210650095,1.47782720391738,225.930688857979,163.538263804254,93.0725975892577,6,HIIT04,6_HIIT04,HIIT,234,111.0,183.0
4.8507051859162,4.14798794859677,-0.178192728215077,-30.1744206373086,-131.962426099891,98.4493819154324,16,MICT02,16_MICT02,MICT,151,145.0,207.5
-1.28469736036233,4.23464310663239,1.08398836112045,-145.796206963547,-98.9841137329896,0.664673447361091,6,HIIT05,6_HIIT05,HIIT,47,111.0,183.0
-4.88615369013472,9.0566352090266,0.372604070920795,-69.9134528737352,-13.0134600233128,44.0916877176507,6,HIIT05,6_HIIT05,HIIT,21,111.0,183.0
-0.261326792949668,-5.18351023190555,0.912394907084429,-0.877381536042795,99.8480134156964,-86.8199020252594,6,HIIT03,6_HIIT03,HIIT,295,111.0,183.0
0.772563316508831,-4.38879293502409,-0.216978355491592,404.178355223913,198.349614040348,300.262627751201,6,HIIT05,6_HIIT05,HIIT,221,111.0,183.0
-3.03685424132181,3.36287006454341,-0.662419913450228,42.2613068167398,10.5721107482269,84.7915013157881,16,MICT02,16_MICT02,MICT,34,145.0,207.5
3.52741739492152,-4.5277480403626,-3.0475582525434,3.16049239126401,-0.0262198283284053,-58.9510346875551,16,HIIT04,16_HIIT04,HIIT,205,145.0,207.5
-0.126594885174741,-4.86789250725239,0.384715551593455,12.756932652081,91.5314879228284,-50.313643184545,6,HIIT01,6_HIIT01,HIIT,314,111.0,183.0
1.55536110917041,6.38140969245242,0.503940524730574,1.8487392924203,-62.8519999770976,95.6821788049187,16,MICT05,16_MICT05,MICT,87,145.0,207.5
3.66343169382348,1.14928626412331,-1.6684635434033,5.00932894238447,-79.4358315684202,63.1531439563288,16,MICT05,16_MICT05,MICT,174,145.0,207.5
-1.60291254689092,1.57463516331456,-0.0469545907718481,19.5588032618482,25.5974090073384,23.9489878805154,16,MICT03,16_MICT03,MICT,5,145.0,207.5
-1.55067573122035,-4.79891045087102,0.344254366842687,-1.46026059336254,82.6373649439318,-57.3115493223695,6,HIIT02,6_HIIT02,HIIT,325,111.0,183.0
1.71794850933866,-2.85829873509127,-1.85016623725613,13.3607151301103,10.2456402154962,-31.6906415670968,16,MICT03,16_MICT03,MICT,209,145.0,207.5
-5.29094557784511,-7.46793890866581,2.71968788032045,14.7108793823045,74.0184662095696,-102.07080087289,16,HIIT05,16_HIIT05,HIIT,332,145.0,207.5
-8.61496366682566,-28.8322712106522,3.66754648389144,-7.80067004952684,14.094469676082,35.5023013469974,6,HIIT04,6_HIIT04,HIIT,10,111.0,183.0
-3.98537478213897,-7.75314018653764,2.4500993526413,74.4358747097896,116.152531886693,103.158945761532,16,HIIT02,16_HIIT02,HIIT,323,145.0,207.5
0.19753452078153,-5.14499016087933,0.853433646451592,139.414102234293,154.316721728489,-2.32560212010154,6,HIIT04,6_HIIT04,HIIT,251,111.0,183.0
-2.44114047385431,-5.55375602005368,1.14911767700004,108.573279365107,129.625588162454,115.658928018522,16,HIIT02,16_HIIT02,HIIT,299,145.0,207.5
0.756458254264127,-8.51800530398843,-1.31623957474089,190.795067664427,95.4940019800724,156.111141448959,16,HIIT02,16_HIIT02,HIIT,242,145.0,207.5
-0.187059243615198,-3.23609450720892,-0.311001343416107,-34.3420755540934,59.6969398754139,-132.425669846149,6,MICT01,6_MICT01,MICT,271,111.0,183.0
5.489656008161,4.47744554579713,-0.562227936798769,-31.4835599394138,-136.292042675075,93.5241183877243,16,MICT05,16_MICT05,MICT,149,145.0,207.5
-6.94797229917382,7.68827939635385,-0.970833465558966,158.002296649919,133.525400047271,-86.2903656177241,16,HIIT02,16_HIIT02,HIIT,22,145.0,207.5
-0.595539898089862,-3.73606868532942,0.767312898501753,-12.3774213050595,87.2622176426051,-89.0328744458752,6,HIIT02,6_HIIT02,HIIT,296,111.0,183.0
2.23619876173814,-7.08967825262561,-2.40949554205275,14.8172069165834,19.3493588071797,-112.617149434243,16,HIIT03,16_HIIT03,HIIT,222,145.0,207.5
-4.37821952403865,5.42392777472058,-0.077918937666389,8.54797143707924,10.5772395925683,102.13508656328,16,HIIT03,16_HIIT03,HIIT,40,145.0,207.5
-2.81842539055216,-6.1199230022635,1.46440884796359,0.995202446388266,63.8818744347071,-149.332119046021,16,HIIT04,16_HIIT04,HIIT,314,145.0,207.5
-0.208801101698257,-3.52219684236235,0.532103432344254,-20.3919685443527,72.5649616373625,-114.355688028037,6,MICT02,6_MICT02,MICT,282,111.0,183.0
-0.520591683446068,-4.60771796458627,0.440991681767124,7.98996163818212,90.6867484000877,-62.1147396714136,6,HIIT03,6_HIIT03,HIIT,314,111.0,183.0
-0.707698223811891,7.56537498955766,1.64598251867431,-243.912455599329,-156.001035269848,-75.0642126968045,6,HIIT04,6_HIIT04,HIIT,69,111.0,183.0
0.573962865467095,-4.42680143090709,-1.39434333252616,1.21640670417429,52.6590001498746,-90.9949639253249,16,MICT04,16_MICT04,MICT,229,145.0,207.5
-1.30551591231331,4.09870122384887,-0.825372992749603,-151.111524720446,-117.218591408604,-15.4598075524823,6,HIIT01,6_HIIT01,HIIT,49,111.0,183.0
3.48496729007484,-0.38236950626233,-2.0453942791542,9.97939098281313,-51.8805652253956,35.4376826250686,16,MICT06,16_MICT06,MICT,185,145.0,207.5
-3.39129239906658,-5.70402021689186,1.02096351518814,32.2215384325183,92.9405231196937,-21.3132500769096,6,HIIT04,6_HIIT04,HIIT,332,111.0,183.0
3.64000861337483,11.4221601477324,1.53916227141337,-41.3872596978564,-86.9427832340252,145.80629384649,16,HIIT03,16_HIIT03,HIIT,93,145.0,207.5
-0.654083405234502,-2.8020523084011,0.68372568814053,-34.1714235482477,64.775028411646,-109.155057625879,6,MICT03,6_MICT03,MICT,302,111.0,183.0
-3.07017037988378,2.01858604096803,-0.19101149800857,-3.89622427053981,0.0161417714797385,62.2366157353647,6,MICT05,6_MICT05,MICT,27,111.0,183.0
-1.64601245656221,3.94663851346968,0.378721529802467,-148.162335108003,-98.5627799818562,2.50361848174226,6,HIIT06,6_HIIT06,HIIT,45,111.0,183.0
1.08791044822021,-3.14422640160551,-0.745728778040863,10.5178946144981,95.0110536961548,-57.9005346891669,6,MICT04,6_MICT04,MICT,218,111.0,183.0
-9.38012915401741,-14.4545722803957,3.19972876543061,-20.3035017943492,18.096957557097,59.5289004547709,6,HIIT04,6_HIIT04,HIIT,15,111.0,183.0
2.55208756001714,-5.78275296833286,-2.28858244814929,15.5913325523663,14.0233900551899,-100.814934382174,16,HIIT05,16_HIIT05,HIIT,218,145.0,207.5
-4.07383572647298,12.525856202505,-0.114634579953223,13.3653701547345,43.2330294692344,-11.2863178506757,6,MICT01,6_MICT01,MICT,348,111.0,183.0
-1.50789473575918,3.01363055217305,-0.34993666057376,30.3683644696677,-2.45926964045345,83.7094182285797,16,MICT03,16_MICT03,MICT,47,145.0,207.5
1.07073952832123,-1.47186142680124,-1.27381366301313,35.9547254741757,31.4743312366861,40.8858663499842,6,MICT06,6_MICT06,MICT,187,111.0,183.0
-3.29625481573426,-8.23352083924204,1.65527601664301,-22.3691638726343,72.2448902762396,-85.4611062857849,16,MICT02,16_MICT02,MICT,335,145.0,207.5
-1.51246889599694,-3.72146561898932,0.679827019278602,-8.90741191995857,74.5655022754533,-127.831663256121,16,MICT03,16_MICT03,MICT,298,145.0,207.5
-14.2771304575603,-22.6400724859738,2.2754372665872,43.9017341352221,71.6927584675949,68.2743636055826,16,HIIT05,16_HIIT05,HIIT,15,145.0,207.5
-0.50413542453774,-2.83874860270131,0.0769076104600736,-33.1261038932656,75.0674969205286,-91.3422600946076,6,HIIT02,6_HIIT02,HIIT,308,111.0,183.0
2.58456396926182,5.1285374646349,0.884673002868078,1.80281781927803,-130.033844935647,92.2546381120941,6,MICT04,6_MICT04,MICT,113,111.0,183.0
-1.24551326840978,3.87760737786931,-0.0994163030819472,23.2516860228186,-15.2535689723655,80.5226545099182,16,MICT03,16_MICT03,MICT,58,145.0,207.5
-1.62995912239252,-4.16724480483821,0.725232401308667,-5.27140422163711,76.5223591797235,-129.533511850369,16,MICT03,16_MICT03,MICT,294,145.0,207.5
1.86014550778539,-7.7678500443742,-1.88445452481387,172.700206219077,80.4453387322573,138.298956398319,16,HIIT02,16_HIIT02,HIIT,232,145.0,207.5
-6.58814199509403,5.38579516279988,-0.371458369304358,31.5356748330383,37.4656264674315,103.790172915674,16,HIIT04,16_HIIT04,HIIT,31,145.0,207.5
0.505597379278132,-8.80635934760164,0.659451470899272,5.14067820607266,40.7358910349631,-5.60660185799338,6,MICT03,6_MICT03,MICT,355,111.0,183.0
4.23529736362106,-2.6480777594406,-3.13015844866449,-1.63837864979163,-8.93003845958149,-19.4603459535243,16,HIIT06,16_HIIT06,HIIT,195,145.0,207.5
-0.792321824047215,-5.22997175684104,0.144804773102961,-1.12804683128361,79.6479508843325,-139.022430686096,16,MICT04,16_MICT04,MICT,265,145.0,207.5
0.861501830550263,-4.40743493716427,-1.4518040914176,20.9402186570657,42.8208066435747,-74.539893772011,16,MICT06,16_MICT06,MICT,226,145.0,207.5
-0.326486409187864,7.4594521609339,-0.902843681078734,-320.979734246043,-215.646244742145,-170.046525369349,6,HIIT03,6_HIIT03,HIIT,74,111.0,183.0
2.41806018964433,5.58510086573173,0.2679898453274,3.03920304721453,-105.713726632552,84.6231141870413,6,MICT03,6_MICT03,MICT,98,111.0,183.0
2.14979628564553,-1.81285098872459,-1.8308106792371,16.1991999860489,-10.3968694292445,1.22224191188621,16,MICT03,16_MICT03,MICT,199,145.0,207.5
37.1230931991781,13.6433495653561,52.3289311774283,-2942.44664426352,-1539.78412853326,-528.768789735957,16,HIIT02,16_HIIT02,HIIT,109,145.0,207.5
-7.35941492419935,-12.6633296101516,1.97813457938164,73.0478424123318,55.2213235199889,-46.2521478354088,16,HIIT02,16_HIIT02,HIIT,7,145.0,207.5
-0.63042807122795,-3.36722367821964,0.506919647875779,-25.034993775687,62.352824721204,-96.4907558689093,6,MICT04,6_MICT04,MICT,292,111.0,183.0
1.82084555224546,5.18931930473907,-0.320761379158595,4.69700951469001,-94.7669274688985,77.3073073591332,6,MICT04,6_MICT04,MICT,95,111.0,183.0
7.137456524688,11.8360369145307,1.29585707500866,-3311.49937820086,-1840.15605552002,-737.605970759096,16,HIIT02,16_HIIT02,HIIT,119,145.0,207.5
1.08571495676276,-2.33472839022729,-1.22427369810331,13.0099597724197,73.7416945211244,-18.0653069786183,6,MICT05,6_MICT05,MICT,201,111.0,183.0
0.822666523745443,-5.24998005957977,0.743410169086221,130.683048157121,213.223761850577,13.0657985124716,6,HIIT03,6_HIIT03,HIIT,236,111.0,183.0
0.912558172565483,-5.1453837512747,-0.509294460400132,364.02239558071,174.162910995534,234.308274380985,6,HIIT04,6_HIIT04,HIIT,227,111.0,183.0
-1.14641102043117,3.28130953335031,-0.331916488593634,24.005983409411,-10.709040080348,79.1214692072292,16,MICT04,16_MICT04,MICT,53,145.0,207.5
0.828634034241049,10.123401578545,0.755068523503258,-17.5893695578873,-63.3714927715099,133.343371868299,16,HIIT04,16_HIIT04,HIIT,79,145.0,207.5
0.834384845771131,3.8023065684021,-0.0981098704920675,-6.08484755376681,-63.0437535430618,49.7177951656183,6,MICT01,6_MICT01,MICT,83,111.0,183.0
3.41796291488828,0.488163349727038,-1.47584507567714,23.6861732993289,-68.9826357654175,57.0357842814871,16,MICT01,16_MICT01,MICT,181,145.0,207.5
5.03842341131016,5.18904402124559,0.0357123571227314,-48.9493738456663,-138.234179719649,93.3282191748173,16,MICT03,16_MICT03,MICT,137,145.0,207.5
3.25873856524296,5.79377950169016,0.466438893514576,-7.69493197608737,-75.0499813576644,100.925797219595,16,MICT01,16_MICT01,MICT,103,145.0,207.5
-0.617999862010751,-3.23813641717343,0.578594485788505,-22.8038798332776,63.3364629955217,-92.1666040284946,6,MICT04,6_MICT04,MICT,294,111.0,183.0
-2.31227490170891,-7.91381820517373,1.05626821212527,9.43073656464107,60.7448057006258,-186.117880742459,16,HIIT04,16_HIIT04,HIIT,285,145.0,207.5
-1.10302762123392,-5.31241275806329,0.423708104417549,28.2489120280322,89.6923555936831,-33.6742805525638,6,HIIT05,6_HIIT05,HIIT,321,111.0,183.0
1.15092008576301,4.21589542264419,-0.194273106218577,-5.84323623534672,-73.1154807239253,55.3658194029208,6,MICT01,6_MICT01,MICT,88,111.0,183.0
-3.11240927864212,-6.48868442276931,1.50664061457344,12.9330576986337,65.1551861609483,-141.177045494461,16,HIIT03,16_HIIT03,HIIT,315,145.0,207.5
0.940877103881179,-3.5045609162171,-0.531099850345241,-14.6682853053972,106.251551164011,-96.3556850390087,6,MICT06,6_MICT06,MICT,225,111.0,183.0
6.17720290141609,1.04090224046881,-3.1531841223099,-8.63778784948623,-54.7143836013231,52.4800688261404,16,HIIT05,16_HIIT05,HIIT,177,145.0,207.5
1.77853561390487,-7.5556833564776,-2.11871841990666,9.69616868509947,25.6595980755586,-134.445515158976,16,HIIT04,16_HIIT04,HIIT,226,145.0,207.5
7.17161192135225,3.9449291082802,-2.57527288106206,-26.4139179353051,-86.9143712667453,97.4733314465602,16,HIIT05,16_HIIT05,HIIT,163,145.0,207.5
-1.29574288987408,4.54935747863578,-0.106831669657567,7.38258479772501,-16.3330105246575,78.8397504099039,16,MICT06,16_MICT06,MICT,63,145.0,207.5
0.334248332557471,-4.89465311516355,0.518759995675005,58.2879824090296,166.046773422561,-67.6842307711229,6,HIIT02,6_HIIT02,HIIT,252,111.0,183.0
3.56186991528617,7.68287341453994,1.73777573477591,-188.408007294783,-167.539246689675,-141.130313275266,6,HIIT05,6_HIIT05,HIIT,118,111.0,183.0
4.22093333835121,7.0138689315667,0.422387849770634,-177.843033814152,-176.770937194521,-124.141014266704,6,HIIT01,6_HIIT01,HIIT,115,111.0,183.0
3.51489625475076,0.663826305505324,-1.45996401544893,21.870528137591,-73.9032031516253,61.1073626538727,16,MICT01,16_MICT01,MICT,179,145.0,207.5
0.406957555455387,-3.19630359854466,-0.32686310215453,1.78446337582987,98.7938219613903,-90.1060016948926,6,MICT01,6_MICT01,MICT,241,111.0,183.0
2.09771452329285,4.37293445862591,0.499917347675921,-1.89256572726706,-101.196374753761,73.0923026841019,6,MICT01,6_MICT01,MICT,107,111.0,183.0
-3.97207436772782,6.75178761290117,-0.461769031547552,32.3363350464472,33.7933979924685,63.4738639179174,16,MICT04,16_MICT04,MICT,21,145.0,207.5
-11.9070646870265,-29.2556715187751,2.24638430841164,20.8726116796314,30.546207696556,32.6236676961409,16,MICT04,16_MICT04,MICT,11,145.0,207.5
3.17651576889786,0.608228808572675,-1.75054911382777,-14.4853104581621,-86.6826920842239,-17.6961185578033,6,HIIT02,6_HIIT02,HIIT,166,111.0,183.0
0.0164352079706436,6.01919309976837,1.09584532114726,-248.6436705622,-170.56705871411,-106.237438531446,6,HIIT02,6_HIIT02,HIIT,71,111.0,183.0
-0.85275661401154,2.64307755592665,-0.531776757008141,5.32248997373371,-25.2006769635111,51.767330994162,6,MICT02,6_MICT02,MICT,55,111.0,183.0
-0.0765768286881102,-4.41513449838,0.336777557066277,9.3129884935033,87.7111051320766,-50.69851494485,6,HIIT01,6_HIIT01,HIIT,313,111.0,183.0
-0.64320751182086,-5.35835097318632,1.35118183313613,3.32693349155672,106.82068247337,-88.5673521036124,6,HIIT06,6_HIIT06,HIIT,283,111.0,183.0
2.78710199229304,-1.00264557999472,-1.77986896272374,150.366692027897,-61.810054757401,135.959726769155,6,HIIT05,6_HIIT05,HIIT,176,111.0,183.0
6.65986087962426,10.4153825961464,1.17255613095098,-52.1389366450976,-109.371224631572,155.84520469588,16,HIIT05,16_HIIT05,HIIT,114,145.0,207.5
1.83170355155033,5.57111112853897,-0.501446928813375,-11.8649627089707,-110.153019192492,71.6258947330719,6,MICT03,6_MICT03,MICT,94,111.0,183.0
1.10401844609353,4.1777047915562,-0.169402288080232,-6.16755788469152,-71.6856307045768,54.3617166763389,6,MICT01,6_MICT01,MICT,87,111.0,183.0
-1.69231111387643,-3.57311888625609,0.838349287894811,-3.52366865925403,69.4736001195413,-118.497348540598,16,MICT06,16_MICT06,MICT,305,145.0,207.5
-0.424379169105205,-3.79703662598006,0.879328298717207,-28.2188367707652,63.0998691841157,-107.115905652442,6,MICT06,6_MICT06,MICT,291,111.0,183.0
-0.483374293878122,-3.19758418429332,0.515866824994339,-42.5035799729445,51.2054522830824,-119.036106711258,6,MICT02,6_MICT02,MICT,293,111.0,183.0
0.999742303673239,-3.21491034871513,-1.65086551868165,4.15517949928156,21.5485072146443,-50.8091121154433,16,MICT02,16_MICT02,MICT,214,145.0,207.5
-0.81165230317905,5.33489832243058,0.497387916742797,-163.819091775388,-134.030085953097,-37.1817132500657,6,HIIT01,6_HIIT01,HIIT,58,111.0,183.0
-3.75530808088897,-8.38336334755844,2.35474656116862,8.29082216642503,69.0585927801344,-123.295370033502,16,HIIT05,16_HIIT05,HIIT,324,145.0,207.5
0.0150580254331324,-3.99555723313236,-0.676559634039119,8.88447930647264,46.0878216357835,-97.2332352614904,16,MICT01,16_MICT01,MICT,236,145.0,207.5
2.39152269271113,6.07306556782421,0.652827228718025,-3.17522942112791,-70.9434785318813,95.9875837595783,16,MICT05,16_MICT05,MICT,94,145.0,207.5
0.643250833526544,-3.28492900009559,-0.463907612691757,-12.4103680464209,98.3960715317015,-102.180444352511,6,MICT02,6_MICT02,MICT,238,111.0,183.0
0.395624363801768,-4.32373475653825,0.0162817741148865,183.28179064986,215.221580904714,74.7677982480984,6,HIIT02,6_HIIT02,HIIT,235,111.0,183.0
-3.64032060099591,-7.10827117015974,1.80526101346581,14.2681357735038,67.6513730384649,-133.564558042308,16,HIIT03,16_HIIT03,HIIT,319,145.0,207.5
-0.439726822748224,-7.61273869098619,3.3943898972401,271.881868191262,151.554560332034,202.307879596229,16,HIIT01,16_HIIT01,HIIT,257,145.0,207.5
-2.96383437832084,4.21973468083382,-0.104402245297341,-118.661277162395,-80.5138627557434,21.4282564177117,6,HIIT03,6_HIIT03,HIIT,35,111.0,183.0
-0.495322843088622,-5.07666515403474,-0.150469168614041,7.54718657063326,78.4642996765225,-132.27145694218,16,MICT03,16_MICT03,MICT,258,145.0,207.5
1.54511236975473,-8.00135223388546,-1.97529448655709,18.8674650817368,30.1885165337117,-136.647643678871,16,HIIT03,16_HIIT03,HIIT,231,145.0,207.5
-1.34145021217462,-3.36516726456116,0.51925490439197,-5.61953408191393,75.934233522501,-121.441059915772,16,MICT04,16_MICT04,MICT,301,145.0,207.5
0.639521008907212,-6.11472997297051,2.20757704469508,-11.2353413240785,131.179172813597,-135.907552084953,6,HIIT03,6_HIIT03,HIIT,267,111.0,183.0
-0.884831289913786,3.15038626267655,-0.512961400103443,10.5568610288597,-28.5026788473338,55.5576241413734,6,MICT02,6_MICT02,MICT,59,111.0,183.0
25.5137668890316,9.61990272959265,32.7505393462994,-29.3933610838869,193.436682643424,112.09267559493,16,HIIT01,16_HIIT01,HIIT,107,145.0,207.5
0.911758812404193,-3.86506823042091,0.133738822467628,-28.233510367622,92.5785869344454,-135.818549168409,6,MICT06,6_MICT06,MICT,242,111.0,183.0
0.778728970569998,-2.00993895044457,-1.18094479991354,36.6694280262117,71.4416580172667,7.18934032862989,6,MICT01,6_MICT01,MICT,207,111.0,183.0
-1.39851173747826,-2.99510501272235,0.624178534959295,-22.2116970594041,72.590138214462,-122.064771162675,16,MICT02,16_MICT02,MICT,314,145.0,207.5
-0.991154056605487,4.48318282773128,-0.0475170011756156,16.4266502685452,-19.1853866027362,81.2458503564047,16,MICT01,16_MICT01,MICT,68,145.0,207.5
-4.97416640789615,4.05685932602928,0.965465489874971,-108.277784567696,-65.1249251120901,25.0619800763815,6,HIIT01,6_HIIT01,HIIT,28,111.0,183.0
-0.0226532790101919,-5.32280305223599,2.45708661742822,11.4075673785897,118.155265042493,-98.1661963805655,6,HIIT06,6_HIIT06,HIIT,271,111.0,183.0
4.86796553756361,8.48122382147316,2.35561080980977,-89.4010635327124,110.751553237849,34.685997373106,16,HIIT01,16_HIIT01,HIIT,97,145.0,207.5
1.7509152337733,6.26978851154184,-1.65976385232724,-274.98091378317,-165.565089508111,-178.714383996489,6,HIIT06,6_HIIT06,HIIT,89,111.0,183.0
-12.4300538597977,7.16865407342003,-33.7459193258021,-508.368029588163,-223.875912013161,-307.486933832105,16,HIIT01,16_HIIT01,HIIT,139,145.0,207.5
3.67986027584965,-5.13977469509696,-2.79622339597576,79.2586024698497,43.8538186397525,37.3406274153053,16,HIIT01,16_HIIT01,HIIT,211,145.0,207.5
-3.39962585899808,-4.37759404533709,1.64980945720196,-10.0457609328855,71.5333088336378,-89.0242380188604,16,MICT04,16_MICT04,MICT,331,145.0,207.5
3.55671813138962,3.1201768203977,-0.737368864153611,-226.7151187869,-130.317774256929,-208.566278461131,6,HIIT02,6_HIIT02,HIIT,146,111.0,183.0
-2.37426200149686,-6.0156269494524,1.39116790853541,10.1508551005515,58.5631080110968,-150.641137062208,16,HIIT06,16_HIIT06,HIIT,308,145.0,207.5
-0.902339947050385,2.24571472802592,-0.898403873118573,-5.21222673274137,-11.3818880468996,52.2248248639283,6,MICT04,6_MICT04,MICT,42,111.0,183.0
-2.43894180749336,-7.00800426729553,1.17644755381142,14.3559225108499,59.2413126836933,-166.668076285259,16,HIIT03,16_HIIT03,HIIT,294,145.0,207.5
2.09482952549308,-7.65595364662935,-2.00231900322037,164.444906747665,76.34618692629,130.575252657476,16,HIIT02,16_HIIT02,HIIT,229,145.0,207.5
1.37081002257286,0.454835220931127,-1.13443554996168,18.8079197729757,-70.4197036450818,55.3058392535244,6,MICT04,6_MICT04,MICT,170,111.0,183.0
0.854588333578672,-1.82119297741337,-1.11230506042392,38.6145859244262,60.1628199254588,15.11519922069,6,MICT01,6_MICT01,MICT,204,111.0,183.0
-3.19483636029788,-5.99261977413143,-1.56348296608492,138.661229301227,-109.252947576105,-123.915108017561,16,HIIT01,16_HIIT01,HIIT,305,145.0,207.5
-1.24300024885866,4.25649616163438,-0.617848834774908,-145.548062806428,-118.276443473863,-14.8145113435222,6,HIIT01,6_HIIT01,HIIT,51,111.0,183.0
2.49646171833065,5.31782127438631,0.681914254783347,1.18109557633838,-117.431743009379,82.6399241720591,6,MICT05,6_MICT05,MICT,100,111.0,183.0
5.55404995130553,4.66974394052013,-0.491857882775897,-35.7347795083482,-139.84966856171,93.5541903973397,16,MICT05,16_MICT05,MICT,147,145.0,207.5
-0.605037507918967,-4.24937195192477,0.378555212170055,-20.0334091870889,87.1461677172744,-101.81382990492,6,HIIT02,6_HIIT02,HIIT,290,111.0,183.0
0.280263327556004,-3.87592840102639,0.630481436991347,-12.1079805737111,81.2810734557371,-120.759717297943,6,MICT04,6_MICT04,MICT,265,111.0,183.0
4.75925224711653,10.8815530509825,1.21126996339309,-35.5346598509172,-97.2934461631169,154.624462168617,16,HIIT04,16_HIIT04,HIIT,100,145.0,207.5
3.92679524976856,-0.769515229502054,-2.18217976740756,117.008872060926,-58.4247426735581,90.1941701917238,6,HIIT04,6_HIIT04,HIIT,176,111.0,183.0
-4.32455334518495,-19.0960568685038,1.81001322798341,-3.64495283753953,17.6668015417095,19.7685884162592,6,MICT01,6_MICT01,MICT,10,111.0,183.0
0.605973381422346,-4.70753036106073,2.02692086742404,276.536787168132,170.538492029456,142.958980335846,6,HIIT04,6_HIIT04,HIIT,232,111.0,183.0
4.65433167389191,-4.38650113635534,-3.19647470435116,32.0308013264993,52.6380452684198,12.4589319187795,16,HIIT02,16_HIIT02,HIIT,203,145.0,207.5
-3.17199961222935,3.06204215444917,0.93161482341812,14.8439233488807,39.6235967182246,-31.1019758309108,16,HIIT03,16_HIIT03,HIIT,351,145.0,207.5
0.176287207479147,-8.9343608869741,-0.922060720683668,22.341710143154,47.873108494937,-172.850672955436,16,HIIT03,16_HIIT03,HIIT,250,145.0,207.5
-2.27089052856334,-7.92087377936049,1.30521334651111,14.1726714532335,58.6176536180617,-176.289539777679,16,HIIT06,16_HIIT06,HIIT,287,145.0,207.5
4.69459275662059,5.94807909679017,0.875139619695463,-30.5686797906555,-118.844977646216,103.384871852666,16,MICT04,16_MICT04,MICT,118,145.0,207.5
0.756370278938121,-1.84026099528235,-1.09977882737842,36.0908876079842,65.5975181074534,9.41696662271231,6,MICT01,6_MICT01,MICT,206,111.0,183.0
5.21169774894285,5.91199432543023,1.54599710091412,-39.7528276423126,-134.001479553842,102.212752070981,16,MICT04,16_MICT04,MICT,127,145.0,207.5
-3.40383683183611,2.19815410348819,-0.166233956233759,-2.68765064688519,2.20443307590531,64.3063873797699,6,MICT05,6_MICT05,MICT,26,111.0,183.0
4.35953360925628,2.92036363953327,-1.34942563114757,-243.831915889569,-91.7610900344317,-222.888820905645,6,HIIT06,6_HIIT06,HIIT,150,111.0,183.0
0.833424061696015,-2.3950696100241,-0.426161851861891,21.5038545101601,90.4648972746935,-28.8181347719356,6,MICT01,6_MICT01,MICT,218,111.0,183.0
-1.65501149577202,-4.01874555430397,0.755489110610468,-11.7487897885849,74.4232053141165,-69.3117160156712,6,MICT03,6_MICT03,MICT,326,111.0,183.0
-8.04606774010763,-6.70373207319477,0.663200037926091,40.7889500238586,49.9352399716379,62.7407242504456,16,MICT05,16_MICT05,MICT,16,145.0,207.5
3.59365575505199,0.227683368875242,-1.8982149566149,-0.356738190254191,-80.110070894716,7.83983985024718,6,HIIT03,6_HIIT03,HIIT,169,111.0,183.0
0.207562707885818,-4.76690671702352,-1.05080509565,1.07257212513662,63.8044777372246,-107.27672423577,16,MICT04,16_MICT04,MICT,237,145.0,207.5
13.8523773584306,1.57154574799547,82.2799056541873,2132.33483573429,842.047186997201,819.933412641356,16,HIIT01,16_HIIT01,HIIT,293,145.0,207.5
0.0816546950718445,-4.29010865540196,0.691960222448044,-3.32335669261615,97.6739438358127,-124.479357769042,6,MICT03,6_MICT03,MICT,270,111.0,183.0
0.592199940092732,-4.32764743429391,0.0341313140390381,352.511173619847,193.333032374426,276.470368091075,6,HIIT01,6_HIIT01,HIIT,218,111.0,183.0
3.68041587807121,7.16402747717336,-1.31294962534944,-217.932542865443,-182.40314696839,-151.330180705653,6,HIIT03,6_HIIT03,HIIT,103,111.0,183.0
-3.2082937342107,3.39411076619375,-0.664808839056861,42.6122634473681,12.1853700465212,84.3255385677898,16,MICT02,16_MICT02,MICT,33,145.0,207.5
-0.374195193623773,-5.11577992257335,-0.50066105991993,0.985661240814861,77.9455301130486,-131.616516653406,16,MICT04,16_MICT04,MICT,254,145.0,207.5
-1.65636380345958,3.34176897959422,-0.242647159673378,13.7890912188005,0.492695301045141,76.283796961916,16,MICT06,16_MICT06,MICT,51,145.0,207.5
4.55653011473878,3.79671346464343,-1.12367680444778,-271.204967886712,-106.957152029649,-235.182296690413,6,HIIT04,6_HIIT04,HIIT,143,111.0,183.0
3.60625689617227,6.94477922456922,0.816014118029038,-146.757791095383,-159.502506243916,-109.579214181264,6,HIIT06,6_HIIT06,HIIT,118,111.0,183.0
-0.534794983910862,-3.32045771691676,0.334181983465041,-16.1817684649782,85.2020497263328,-69.5800157918981,6,HIIT06,6_HIIT06,HIIT,308,111.0,183.0
0.10258926127654,7.17456635000566,2.13681388858607,-247.951011793994,-172.696935623717,-118.91491875971,6,HIIT01,6_HIIT01,HIIT,72,111.0,183.0
4.54515324549653,7.59027728048699,0.898446344042013,-230.728362203544,-184.086134912854,-173.494422964867,6,HIIT01,6_HIIT01,HIIT,120,111.0,183.0
9.90737403903963,7.9312480988101,2.55512758238014,-380.071001352633,-91.6275891983907,-293.639036490092,16,HIIT02,16_HIIT02,HIIT,143,145.0,207.5
1.1632613646625,-4.25356757805452,-0.465243715002955,479.538594526609,157.020095647173,392.184871080939,6,HIIT06,6_HIIT06,HIIT,216,111.0,183.0
2.20128861390778,6.85749996000017,-2.16548536865701,-239.955769963683,-170.225938707183,-126.893069976972,6,HIIT04,6_HIIT04,HIIT,94,111.0,183.0
0.733609831565228,4.1112526952307,-0.0164303818229655,-5.65009594597308,-73.6288061076227,50.6298213289411,6,MICT02,6_MICT02,MICT,81,111.0,183.0
-0.994217975858234,-4.62583824261251,1.37171198400849,0.360082314631435,94.3442056726716,-79.8263805373028,6,HIIT04,6_HIIT04,HIIT,295,111.0,183.0
1.80321057000738,-1.91436764885138,-1.42338939998967,30.7108720134467,-7.26308120627772,-9.00552877311096,16,MICT01,16_MICT01,MICT,206,145.0,207.5
0.165709467420571,8.32414849494704,0.372711215996966,56.172377118094,149.212714266473,-0.329643929375613,16,HIIT02,16_HIIT02,HIIT,76,145.0,207.5
-3.85521291696081,2.52025875197911,-0.332508998166517,32.1574834637733,22.5801314876098,77.7686253703564,16,MICT05,16_MICT05,MICT,30,145.0,207.5
-2.30503022395186,-7.95612166699461,1.02549787733164,15.9355875539462,57.5148817710416,-175.810513781924,16,HIIT03,16_HIIT03,HIIT,285,145.0,207.5
-3.0668184187649,-4.51295246311128,1.70533142584328,-20.4978668537168,71.9273011439248,-99.5294892261066,16,MICT03,16_MICT03,MICT,328,145.0,207.5
-1.74596810438495,-5.51864793615839,0.654323392805333,7.25069498854298,72.3730846437437,-137.989998897795,16,MICT06,16_MICT06,MICT,281,145.0,207.5
0.10455633654254,-5.30901523664769,0.833262648501341,-9.86082921003216,104.123125442036,-112.999501046713,6,HIIT05,6_HIIT05,HIIT,271,111.0,183.0
-3.91574643595977,-6.72538364139828,1.73203326879765,-25.4863744630953,72.9686674312741,-77.5221560923517,16,MICT03,16_MICT03,MICT,339,145.0,207.5
8.22840470361038,8.18495025046281,-0.258749337123993,-43.868371136731,-113.112335477738,154.592271011,16,HIIT04,16_HIIT04,HIIT,142,145.0,207.5
0.567423267990271,-8.71411147797126,-1.41622202725461,17.4275491953392,47.0470372927552,-169.464695897363,16,HIIT06,16_HIIT06,HIIT,243,145.0,207.5
7.55553648166835,4.16615646265166,-2.26844705156664,-291.677693379456,1.34023160392752,-254.51038314697,16,HIIT02,16_HIIT02,HIIT,161,145.0,207.5
5.29167525281745,5.40443510895182,0.434789082994867,-38.4791297777575,-135.125620591624,104.674663632368,16,MICT02,16_MICT02,MICT,136,145.0,207.5
2.34350739479879,4.94550654307703,0.689641249207262,4.61263064733925,-134.22714209312,94.5147944414904,6,MICT06,6_MICT06,MICT,110,111.0,183.0
1.51749279372545,-9.03500091255919,-2.04743731914425,20.3938542102904,33.8690862904229,-148.605329349991,16,HIIT03,16_HIIT03,HIIT,233,145.0,207.5
4.32944573279551,13.052146797634,-5.21061057640796,-3957.03948091102,-2268.49740408468,-999.64615686007,16,HIIT02,16_HIIT02,HIIT,126,145.0,207.5
5.27945182518201,6.37261335980182,0.723150107013256,-52.7150677659779,-127.041486412865,99.8969663911029,16,MICT06,16_MICT06,MICT,122,145.0,207.5
2.39463712152599,3.69097853160053,0.586338955538459,-15.9116014640101,-167.195068063526,69.6768931407608,6,MICT01,6_MICT01,MICT,142,111.0,183.0
-0.580372312741642,-2.72268357534305,0.669914315106842,-21.7424534985122,64.7936128297252,-85.6817735112161,6,MICT04,6_MICT04,MICT,301,111.0,183.0
-1.86054208189855,-6.00289147038534,0.853078623158843,19.5149320034145,71.9757010281649,-29.0582908264433,6,MICT02,6_MICT02,MICT,339,111.0,183.0
3.76283283586248,-3.79400127447391,-3.20061441422865,0.905571905694697,-0.744209244538349,-45.1126403444713,16,HIIT06,16_HIIT06,HIIT,201,145.0,207.5
3.63363346538278,10.6449318689809,1.12563805169051,-44.7413332417247,-88.6911986364788,144.841275286508,16,HIIT05,16_HIIT05,HIIT,96,145.0,207.5
0.501304249319934,-5.92639699503407,0.23329783519246,-38.0543068435812,107.356755462007,-136.552138385666,6,HIIT01,6_HIIT01,HIIT,272,111.0,183.0
-5.88441706678576,-11.9716571244325,2.93018648776693,70.2492729549416,-74.7221546784044,-132.051236264106,16,HIIT01,16_HIIT01,HIIT,335,145.0,207.5
0.542393499209518,-5.16588905966136,1.72886878873713,87.753272058394,158.144371949271,-42.1553020915749,6,HIIT06,6_HIIT06,HIIT,253,111.0,183.0
-3.72588073337898,4.65486158800365,0.0333909239050594,-13.000891199714,20.8454146961517,38.1237509231453,6,MICT01,6_MICT01,MICT,19,111.0,183.0
5.62003157298434,-2.25132308106912,-3.1694208524235,-61.5680950536676,34.111740535626,-85.82644125219,16,HIIT01,16_HIIT01,HIIT,193,145.0,207.5
0.168417748200495,4.01927313298438,0.347144587945282,4.69923588931497,-53.790556987056,54.1457403000177,6,MICT02,6_MICT02,MICT,72,111.0,183.0
0.57376396198819,-2.60439092898172,-0.658301660890567,13.7592901608545,94.7951023036438,-47.9753101198884,6,MICT01,6_MICT01,MICT,224,111.0,183.0
2.09582587389123,-2.60141895682977,-1.62824305399489,576.729924197448,2.2866209069349,556.097107993755,6,HIIT03,6_HIIT03,HIIT,191,111.0,183.0
-2.50638224561648,7.11982923824644,0.303992860224305,-0.199576049514318,-10.3876045794542,118.130212568072,16,HIIT05,16_HIIT05,HIIT,57,145.0,207.5
-2.64474870603828,-9.79741007892842,1.00803600689638,-2.95764286047378,14.4835004998568,15.6896164131899,6,MICT01,6_MICT01,MICT,8,111.0,183.0
3.32918360743602,6.12358043372557,0.641636549615243,-15.701362381118,-78.1728372863346,102.378947246615,16,MICT06,16_MICT06,MICT,103,145.0,207.5
-0.148241090081981,-3.76262068964229,0.448404749756834,-49.1639229152799,57.7208538736338,-134.438243865379,6,MICT05,6_MICT05,MICT,279,111.0,183.0
-0.326428646619438,9.01817861485764,0.924835790049201,-21.9354812042418,-49.9070242329381,117.767382171982,16,HIIT03,16_HIIT03,HIIT,72,145.0,207.5
5.69807086952752,5.31638580971914,-0.248283584471026,-40.9304309656215,-130.454368903687,99.7634028705339,16,MICT06,16_MICT06,MICT,140,145.0,207.5
1.85272826454698,-7.310469221798,-2.33379956556922,8.52201073503323,25.7303158617396,-128.110770776512,16,HIIT06,16_HIIT06,HIIT,224,145.0,207.5
2.36731039329249,4.40614005197786,0.482275432052948,-9.27045732363609,-145.385618136129,81.7086610244738,6,MICT01,6_MICT01,MICT,126,111.0,183.0
0.425269459049816,-3.97705842377797,1.06534986715185,-26.4066686523176,79.192056282463,-129.008774976526,6,MICT05,6_MICT05,MICT,272,111.0,183.0
-2.29177176132567,5.83444043353916,0.0764508965672441,21.739199503085,39.6266522773895,5.61542610086677,6,MICT05,6_MICT05,MICT,350,111.0,183.0
-0.644300376611005,7.74715338552222,1.73387860639806,-255.068682289206,-160.324292980763,-84.1934930238209,6,HIIT04,6_HIIT04,HIIT,70,111.0,183.0
-0.95040239499912,-3.51688143737803,0.589345621213036,-13.3826647560357,62.0276399164601,-69.2321237559805,6,MICT02,6_MICT02,MICT,326,111.0,183.0
-16.5756957351051,-45.4710147858093,4.39177546641134,28.0302107278934,46.3672775561271,39.2492342226972,16,HIIT06,16_HIIT06,HIIT,10,145.0,207.5
-4.78047428412276,1.74466791748334,-0.238263184071993,30.7191152884095,23.0987290659531,71.2205394348434,16,MICT04,16_MICT04,MICT,26,145.0,207.5
3.99658338238118,10.7979131594219,1.44948866608096,-30.8010993272305,-89.4887409812128,150.515368151933,16,HIIT04,16_HIIT04,HIIT,95,145.0,207.5
-0.778655621147538,-2.30794657799037,0.40747349688841,-31.1330477060245,65.7742841681307,-95.5425214486329,6,MICT03,6_MICT03,MICT,314,111.0,183.0
2.18637175688299,5.22237813848507,0.360846560159217,8.50922967968231,-101.238271580055,83.4185545590593,6,MICT05,6_MICT05,MICT,95,111.0,183.0
0.389772879950016,3.63159769982857,-0.0859670041275933,-7.07488099657134,-53.8657755212332,44.6032312302773,6,MICT01,6_MICT01,MICT,77,111.0,183.0
1.12046912600588,-13.1399069063121,-0.281260321388655,92.5382607561195,49.60206085733,48.8098392320534,6,HIIT01,6_HIIT01,HIIT,354,111.0,183.0
4.32830375756587,-0.764544614375583,-2.3585200849574,102.409171394828,-61.5737277423619,76.5080651875223,6,HIIT04,6_HIIT04,HIIT,175,111.0,183.0
3.06136336874927,0.594243187931168,-1.61569430622959,5.07605081972722,-59.0824647154761,56.9808236287342,16,MICT04,16_MICT04,MICT,179,145.0,207.5
-7.82759499927429,6.98114259543284,-0.40339920057677,50.1003067186173,71.6808419169244,81.3072964981862,16,HIIT04,16_HIIT04,HIIT,18,145.0,207.5
-1.1751747247502,-8.99353825208216,0.348926315794898,21.1876852484393,59.7855363115604,-186.967394129143,16,HIIT06,16_HIIT06,HIIT,269,145.0,207.5
-1.84570808686801,-6.26578826229375,7.66007434703644,-75.2512821500556,-237.25631934447,-256.407295992471,16,HIIT01,16_HIIT01,HIIT,299,145.0,207.5
-1.08097550820197,2.19727103585678,-0.675406812194933,-7.1842482268014,-19.6639526535105,59.0794742644961,6,MICT05,6_MICT05,MICT,40,111.0,183.0
-2.93041645481644,2.16276596499309,0.809335930103913,34.2445228111267,-18.9467024092425,-57.0559388821778,16,HIIT01,16_HIIT01,HIIT,351,145.0,207.5
0.717176313503479,-3.52879038733517,-0.70819944410239,-10.3288338772501,104.987557801697,-107.562010809708,6,MICT05,6_MICT05,MICT,235,111.0,183.0
4.42318643873784,6.91052511869515,0.483608305055227,-262.66392851401,-172.885286051728,-214.819937209481,6,HIIT03,6_HIIT03,HIIT,127,111.0,183.0
1.01866469318764,6.26661809134081,0.366173317916399,-4.00214266502686,-50.5343364083877,93.7693783218803,16,MICT06,16_MICT06,MICT,83,145.0,207.5
3.82023757059802,10.4047564052014,1.04011710798761,-31.2442410664106,-86.5022007465665,148.263596513564,16,HIIT06,16_HIIT06,HIIT,94,145.0,207.5
-0.701584328226556,3.33223950679193,-0.375689611557187,15.270947615574,26.3742759337865,20.574215799448,16,MICT02,16_MICT02,MICT,2,145.0,207.5
-2.00173658989205,-8.41208069766364,0.966757506135128,10.5121632156115,59.488907204925,-193.144481450776,16,HIIT04,16_HIIT04,HIIT,278,145.0,207.5
2.19993748342672,-1.56848840003034,-1.98456604045421,384.142198068742,-25.6790119645418,361.56616221802,6,HIIT02,6_HIIT02,HIIT,184,111.0,183.0
-0.770600197572443,2.70028842705438,-0.693778181354914,-3.17831899501541,-30.1836492544011,58.6632684288564,6,MICT03,6_MICT03,MICT,48,111.0,183.0
7.8949974810297,8.68224696134018,6.38258049943918,163.596699215114,308.465057933548,163.305751210134,16,HIIT02,16_HIIT02,HIIT,101,145.0,207.5
2.34065180891935,4.96872317007726,0.655593108538649,2.84075727061907,-110.322015989197,80.3597536707428,6,MICT05,6_MICT05,MICT,99,111.0,183.0
1.65513938300554,7.4181265083406,-1.09273297391965,-284.511017791229,-192.920960074157,-167.297595995674,6,HIIT01,6_HIIT01,HIIT,84,111.0,183.0
-1.37400343043323,2.65509993300062,-0.720323214170145,-17.0363954695009,-9.5483694396956,48.4832056202829,6,MICT06,6_MICT06,MICT,35,111.0,183.0
0.846747156462098,-1.40485749447856,-1.01191262881492,40.5430628735987,44.563272592475,25.4700268397392,6,MICT01,6_MICT01,MICT,200,111.0,183.0
-1.92810222083128,7.96989167427782,0.51133458764729,-7.09621279683277,-22.2817933578205,120.493493892919,16,HIIT05,16_HIIT05,HIIT,63,145.0,207.5
1.25338815559723,0.815326137913339,-0.949288805949494,37.741902048656,-60.1573861093262,77.8254512110402,6,MICT02,6_MICT02,MICT,173,111.0,183.0
2.27750392428564,-1.04782168342074,-1.85330037237354,9.49466338477044,-23.8803623290353,20.7424558200532,16,MICT04,16_MICT04,MICT,192,145.0,207.5
-5.27364106813388,3.43373298802137,0.703101839734508,61.5141572754877,94.8953861578766,11.3984408285469,6,HIIT04,6_HIIT04,HIIT,341,111.0,183.0
-3.12881403791242,5.3138935362592,-0.32958843376404,4.96409480479688,12.301377250924,63.9975381905323,6,MICT05,6_MICT05,MICT,22,111.0,183.0
-7.62915623961335,2.83010173296428,-0.133689820589583,158.982398746866,134.530320768009,-86.7834308818209,16,HIIT01,16_HIIT01,HIIT,29,145.0,207.5
5.67568962603952,5.64704558497007,0.172978539381799,-47.8673836396032,-146.329987324011,95.8450141664443,16,MICT05,16_MICT05,MICT,136,145.0,207.5
1.37564653292055,-4.14049191715629,-1.73113033700827,21.0485389518253,29.5938618296704,-57.1895887495297,16,MICT06,16_MICT06,MICT,218,145.0,207.5
0.0463183080556473,-3.95895649671182,-0.285837925192901,-32.2159872600427,75.4533031134327,-142.480074651091,6,MICT06,6_MICT06,MICT,265,111.0,183.0
-2.85687134095803,-4.84651361590964,1.35889807376484,-9.04359235727153,72.764101706701,-96.5949062048158,16,MICT04,16_MICT04,MICT,327,145.0,207.5
0.798594670414728,-5.68290921820731,-0.0362455113211962,105.810174057374,211.398655254278,-29.5959868756619,6,HIIT03,6_HIIT03,HIIT,245,111.0,183.0
1.03154927826317,-3.34163033069604,-0.48306000223115,-7.64963589208292,108.114822855016,-76.7973007122277,6,MICT06,6_MICT06,MICT,219,111.0,183.0
1.73501653255931,2.27687035010716,-0.411390865251843,6.47519510716449,-128.219837858317,69.4297429275371,6,MICT02,6_MICT02,MICT,159,111.0,183.0
-0.435113882083538,3.14574189291316,-0.67771665228536,5.10230636356412,-27.2333799273882,52.4786292223236,6,MICT06,6_MICT06,MICT,55,111.0,183.0
0.0173469202628827,4.42562115419061,0.169060959651388,9.58718379128242,-47.356851941287,64.4381328778607,6,MICT03,6_MICT03,MICT,66,111.0,183.0
1.23768107359496,-2.54781443646132,-1.09520315193999,21.9803324235045,76.1251002475823,-20.3302200469488,6,MICT04,6_MICT04,MICT,206,111.0,183.0
5.95452698829294,2.10234565212813,-2.7140306402373,-16.9258158554387,-53.7096949874814,69.5515543676843,16,HIIT06,16_HIIT06,HIIT,173,145.0,207.5
2.44660866131209,4.10724683644846,0.479204508591501,7.21738762088048,-140.075489219852,94.7799556593666,6,MICT01,6_MICT01,MICT,133,111.0,183.0
-1.31028553627159,-2.67932917244791,0.408580320781146,-28.7448724337934,71.2159489093102,-127.703271029896,16,MICT01,16_MICT01,MICT,308,145.0,207.5
3.68367709619898,3.46675857630818,-0.419386315240188,-235.01947762816,-103.318899710408,-201.622676463916,6,HIIT01,6_HIIT01,HIIT,154,111.0,183.0
-2.0649221981399,-8.45716447897059,0.865906208955257,16.023334281964,55.643491981405,-181.110961464312,16,HIIT03,16_HIIT03,HIIT,279,145.0,207.5
-2.94224086952264,-4.74772049525829,1.69590350107939,-22.910924271539,74.5362377015225,-99.4442147824415,16,MICT05,16_MICT05,MICT,327,145.0,207.5
3.90129068048107,1.26360014315026,-1.39056167992639,15.1766606060059,-88.002416586575,72.0208889347055,16,MICT01,16_MICT01,MICT,173,145.0,207.5
0.243523618693158,-5.66267479299425,1.1444387407091,-3.00128306414783,113.44762956181,-115.330692373899,6,HIIT05,6_HIIT05,HIIT,268,111.0,183.0
0.265691503233008,-5.08368118915414,1.027907697881,166.882196913368,162.029400217194,23.9996168067232,6,HIIT04,6_HIIT04,HIIT,248,111.0,183.0
-0.496077068819326,-9.11691720111168,-0.241508271380862,22.2018827330962,57.3744922605275,-185.169852572622,16,HIIT06,16_HIIT06,HIIT,259,145.0,207.5
0.899294261232661,-1.00364556570554,-1.10356440191872,45.3560571704812,23.0239713796034,42.3112662113823,6,MICT01,6_MICT01,MICT,194,111.0,183.0
1.06445270755632,-2.83512504600815,-1.18902626447845,30.3262367094206,90.6108798244377,-13.2626226964258,6,MICT03,6_MICT03,MICT,207,111.0,183.0
-21.1685704444119,-47.3914222478262,7.08869013270446,100.813291434725,72.9015014707668,-69.5576033944603,16,HIIT01,16_HIIT01,HIIT,11,145.0,207.5
0.990749526483683,-3.68981086293889,-1.25732463208981,488.977870108065,120.518099597002,446.899652424565,6,HIIT01,6_HIIT01,HIIT,204,111.0,183.0
-0.016431337668574,-4.02013994905738,-0.662975010569233,-18.1987641866901,93.3647671919679,-142.135362154458,6,MICT03,6_MICT03,MICT,259,111.0,183.0
-0.450569732810158,-2.10864263254534,0.539870122719228,-19.1316812776364,65.3848059384146,-77.3071947373532,6,MICT04,6_MICT04,MICT,309,111.0,183.0
-1.4700038814043,-8.20877374536551,-2.55091950752407,260.525910182526,142.080110183558,196.595651171011,16,HIIT01,16_HIIT01,HIIT,255,145.0,207.5
-1.36484222778345,2.48166524865329,-0.681265854205106,-8.66113358502992,-18.428023791589,61.409224991117,6,MICT05,6_MICT05,MICT,38,111.0,183.0
1.01289409453383,-3.58972973877309,-0.590080760840302,4.90424038463051,110.820926173229,-74.516288297436,6,MICT03,6_MICT03,MICT,223,111.0,183.0
3.81101993700048,0.584618253727119,-1.82368003166683,-41.8973641209038,-68.4670413442588,-41.1960055215298,6,HIIT06,6_HIIT06,HIIT,167,111.0,183.0
3.34556595003088,6.62655763442172,-0.270178102794624,-139.797161134304,-154.077286332626,-95.6301779710876,6,HIIT06,6_HIIT06,HIIT,105,111.0,183.0
5.16955035856492,5.996514296579,1.67197328209265,-35.7801600233803,-128.758297606202,103.850890394697,16,MICT04,16_MICT04,MICT,125,145.0,207.5
4.1169029878874,2.60452978369669,-0.991339917060246,-9.6701215938922,-101.517320736614,86.6933781381737,16,MICT04,16_MICT04,MICT,163,145.0,207.5
-5.63369414348015,-13.1381869337051,1.49517284713247,7.81664555014748,23.463526452101,22.4875583199515,16,MICT01,16_MICT01,MICT,8,145.0,207.5
0.262377645534176,-4.43277025141144,-1.23972599253858,2.92143293376527,56.9734358793513,-94.2090617906184,16,MICT02,16_MICT02,MICT,231,145.0,207.5
-1.63822539302424,-4.56384418518255,0.680120905829119,-15.7272176881436,76.0881942909013,-140.664972611071,16,MICT02,16_MICT02,MICT,289,145.0,207.5
-0.701786029726619,-3.77986323106283,0.300836245497428,-35.3456401132079,58.8557247962157,-112.303684341498,6,MICT04,6_MICT04,MICT,288,111.0,183.0
-0.365943752574492,-3.39990384721255,0.501622807484109,-20.3488174345234,68.2167040391801,-106.637904566959,6,MICT01,6_MICT01,MICT,288,111.0,183.0
3.02697180365892,5.83197330966502,-2.00950819102779,-163.517355252823,-152.561995502339,-109.199256910191,6,HIIT06,6_HIIT06,HIIT,99,111.0,183.0
2.82798947698491,0.562230245544296,-1.41477848133369,16.7608566711354,-66.1383132160129,33.6267120416633,6,HIIT01,6_HIIT01,HIIT,169,111.0,183.0
-3.91932403298138,-8.61011269884244,0.618269177738966,105.897462792824,106.43995363629,32.8894781566781,6,HIIT03,6_HIIT03,HIIT,339,111.0,183.0
0.874174607913628,-3.12690933880845,-1.15840631079137,23.1073748672129,24.1121141621696,-54.7559351684913,16,MICT01,16_MICT01,MICT,221,145.0,207.5
1.12617500362511,7.17839290259147,-1.66514771892778,-300.031934371952,-196.414082938388,-169.190254099524,6,HIIT01,6_HIIT01,HIIT,80,111.0,183.0
4.6849042679941,5.16286462747655,0.544452961874346,-27.1802112998336,-107.78971317243,99.0109086336249,16,MICT01,16_MICT01,MICT,122,145.0,207.5
-1.47081227225863,-3.03443978332799,0.6400221513555,-25.8184482836827,71.7043951585152,-131.108780786789,16,MICT01,16_MICT01,MICT,302,145.0,207.5
1.67119338935268,8.83351020850362,-0.176779222943169,22.3228877038854,145.846538425243,9.74235466626983,16,HIIT01,16_HIIT01,HIIT,87,145.0,207.5
-2.35314166499852,2.70347307674855,-0.649669373368137,-14.0218656387866,0.494966005771776,50.8344620076084,6,MICT04,6_MICT04,MICT,31,111.0,183.0
2.52481414522924,4.66449869501268,0.419297016085543,-13.6339127736641,-155.560468921945,79.413190620477,6,MICT02,6_MICT02,MICT,125,111.0,183.0
-1.06491921890883,5.68648094576137,1.30610293585616,-221.570750826749,-144.815291147969,-67.7393126326275,6,HIIT06,6_HIIT06,HIIT,59,111.0,183.0
2.05241006030141,3.10778443503885,-0.0700940314231354,3.56191819831899,-160.331379409603,73.584773260681,6,MICT05,6_MICT05,MICT,147,111.0,183.0
4.14968554207436,10.824300017521,1.39222436266593,-32.2752148706856,-91.6802715971335,151.159208513567,16,HIIT04,16_HIIT04,HIIT,96,145.0,207.5
1.36043132417662,-0.647887731525088,-1.41848999412546,57.2698176819936,-7.19820996574682,68.9563268001809,6,MICT03,6_MICT03,MICT,182,111.0,183.0
0.681929655875097,-5.60871857989035,1.092430479287,33.6993824065185,154.506619425113,-95.9080190700381,6,HIIT03,6_HIIT03,HIIT,262,111.0,183.0
4.59711673257957,6.07000013361421,1.13271831774772,-31.7721481066023,-114.110276995312,99.7667609617157,16,MICT05,16_MICT05,MICT,117,145.0,207.5
1.01861457007852,-5.18925886922626,-1.17103820613801,373.11075074692,167.745875041596,247.546817347253,6,HIIT04,6_HIIT04,HIIT,225,111.0,183.0
3.72668067876273,0.619835390460564,-1.57731209542265,23.6395420849032,-74.1040052443701,61.264994611991,16,MICT01,16_MICT01,MICT,180,145.0,207.5
-1.35726111245651,3.85549868309993,0.68445553293846,-150.113420017507,-100.922691915714,-4.85231543159689,6,HIIT06,6_HIIT06,HIIT,47,111.0,183.0
-1.90551807464338,3.45837677279911,-0.385252942581595,23.5190158781179,-1.95092181765705,81.7111518363291,16,MICT05,16_MICT05,MICT,49,145.0,207.5
-5.68118236791246,3.82749014455899,0.714742905804188,108.980450573588,103.312340973863,38.5823238931449,6,HIIT03,6_HIIT03,HIIT,341,111.0,183.0
-2.61799772222829,-5.48262155260091,1.32262648611105,97.1934972442332,133.784200669217,112.457592969691,16,HIIT02,16_HIIT02,HIIT,307,145.0,207.5
0.484408325475252,-4.10497448294876,0.0235314365640448,210.317549740736,206.793101783823,114.869982254412,6,HIIT02,6_HIIT02,HIIT,228,111.0,183.0
4.27518422753447,2.87312944715622,-1.26904666545191,-233.148505662524,-89.9619869230386,-213.536042672158,6,HIIT06,6_HIIT06,HIIT,151,111.0,183.0
-0.0922376764456207,-6.25720829369096,0.621049285083357,-21.2996519731466,104.834101735856,-122.199884036598,6,HIIT03,6_HIIT03,HIIT,283,111.0,183.0
-2.99006408803745,-12.5520428696959,0.598235013322651,94.3741639350626,102.669597641242,23.3761649861401,6,HIIT03,6_HIIT03,HIIT,337,111.0,183.0
-7.22072527295214,28.4820486945019,0.245049422108375,69.8960039305533,64.5947590461785,31.523271785602,6,HIIT06,6_HIIT06,HIIT,347,111.0,183.0
-16.0724739923397,-47.1053921556466,4.04354214088981,30.8514647909064,45.7864769344519,41.525361236924,16,HIIT04,16_HIIT04,HIIT,10,145.0,207.5
2.25377246917092,4.64078179120939,0.538398290265572,-2.47749259276733,-106.649870642398,75.8505241009037,6,MICT01,6_MICT01,MICT,108,111.0,183.0
0.541447450197096,-4.90513049663244,-1.22580520799583,15.5592585163323,60.31388273008,-94.1284216702858,16,MICT05,16_MICT05,MICT,232,145.0,207.5
-3.14986448005426,-2.96517999225336,1.22468175812255,6.00096721390763,84.4038405980712,-31.9064946637309,6,MICT03,6_MICT03,MICT,340,111.0,183.0
0.033177929810743,-3.95929397376609,-0.650435281067696,10.1199531984568,45.021750789213,-94.4729240457109,16,MICT01,16_MICT01,MICT,235,145.0,207.5
1.11092236793989,-3.14334848252354,-0.871762920746149,26.9296988876455,106.681832024562,-27.9933076124668,6,MICT03,6_MICT03,MICT,212,111.0,183.0
-4.85995855314365,17.6176105903076,-0.230096359607793,5.90812929690801,74.2434312059096,-22.6770762033376,6,MICT03,6_MICT03,MICT,344,111.0,183.0
0.673291085657334,-2.94055232421344,-0.308102645885758,12.7637459212468,103.871560481725,-59.8875379389066,6,MICT01,6_MICT01,MICT,229,111.0,183.0
4.3863643590628,2.16145495792986,-1.33207063913806,-14.3162013569407,-100.511694280465,71.833814354196,16,MICT06,16_MICT06,MICT,165,145.0,207.5
0.430873989459068,-3.98994210696709,1.2085094029733,-30.4025713703371,75.9091859000222,-130.940690057657,6,MICT05,6_MICT05,MICT,273,111.0,183.0
-4.85241842629883,-7.67511955805113,2.765390770634,14.1905465225076,70.592631989036,-114.693381413061,16,HIIT06,16_HIIT06,HIIT,328,145.0,207.5
-3.50727097479593,-4.27360480032109,1.79813796113727,-26.9964514252729,72.8589497598706,-92.9008159320984,16,MICT05,16_MICT05,MICT,331,145.0,207.5
-2.81172051776197,-5.91749776318834,0.695564499710363,21.3986968188348,88.1003914724497,-33.5784039000569,6,HIIT02,6_HIIT02,HIIT,333,111.0,183.0
0.417244879647819,-7.95253378734262,-1.09846249177687,12.9917464482837,45.8171395531659,-170.094991090716,16,HIIT04,16_HIIT04,HIIT,245,145.0,207.5
-4.29241127998303,7.036256104527,0.505716563030239,37.5394068042639,81.6966207332175,1.40136721428937,6,MICT05,6_MICT05,MICT,342,111.0,183.0
-1.8560730228347,3.60915128582913,-0.337046146342658,22.7161249595777,-4.3332819298239,81.3893191731582,16,MICT05,16_MICT05,MICT,51,145.0,207.5
-4.40446816618146,0.763975601371047,0.23543659796255,-7.55151917579246,26.4641148975773,45.5717319924776,6,MICT04,6_MICT04,MICT,17,111.0,183.0
3.25044385707906,-0.377152813257897,-1.75470797739052,92.1379696810276,-73.2168377628681,95.3781437972579,6,HIIT03,6_HIIT03,HIIT,173,111.0,183.0
-0.733204876427225,-2.3008875555397,0.404417679110578,-31.772018258651,65.6408992617928,-96.8621717597102,6,MICT03,6_MICT03,MICT,313,111.0,183.0
2.97311525341817,5.6939709419128,0.817530439659966,-11.6260535859259,-137.106897643762,83.1144061659803,6,MICT03,6_MICT03,MICT,108,111.0,183.0
0.993117208309732,-0.570183407014767,-1.16655401552746,45.5736134407733,9.28479101433614,60.8795722222945,6,MICT02,6_MICT02,MICT,187,111.0,183.0
0.298206984364256,-8.46457101988877,-0.937670873637249,195.271813327494,106.855248123112,162.18923793481,16,HIIT02,16_HIIT02,HIIT,249,145.0,207.5
-1.10850785045276,2.08804350940692,-0.582671691082799,-8.28156816976231,-21.4832679859608,51.3057510132729,6,MICT02,6_MICT02,MICT,44,111.0,183.0
2.48093502667094,4.91580426923225,0.999029184638884,6.33649831354503,-101.871729754802,82.6149246120505,6,MICT04,6_MICT04,MICT,102,111.0,183.0
3.87084543356866,1.6243432779242,-1.48887454816608,-3.87696456994504,-86.0836251197459,70.2504834889698,16,MICT03,16_MICT03,MICT,170,145.0,207.5
-1.29217915457418,-2.98364441806723,0.601736511258852,-7.88241423515517,73.8576211368456,-116.112393744104,16,MICT04,16_MICT04,MICT,310,145.0,207.5
-1.35275143185332,-2.84579504541998,0.601429249953899,-21.4924238098655,69.9922325217501,-116.774299520706,16,MICT02,16_MICT02,MICT,315,145.0,207.5
1.14133423949554,8.94806261855308,-0.373824403795394,17.006789869823,153.684955130333,26.2358109281112,16,HIIT02,16_HIIT02,HIIT,84,145.0,207.5
5.12479021801151,4.26113353441504,-0.343717764560804,-28.5169723048776,-127.682662659592,95.8089307920005,16,MICT01,16_MICT01,MICT,140,145.0,207.5
-6.59063683397519,6.58346989072799,-0.0723375173511397,19.7148146707686,30.0024873174955,99.5047958332406,16,HIIT03,16_HIIT03,HIIT,32,145.0,207.5
2.87961244929527,-0.746774686891405,-1.81284855455966,114.315566089769,-64.872292196545,102.894563291395,6,HIIT05,6_HIIT05,HIIT,174,111.0,183.0
-3.47540863007083,5.01960822077583,-0.773866973736836,-15.7440021174591,4.58877931092486,56.6562141709354,6,MICT03,6_MICT03,MICT,22,111.0,183.0
2.29846266267541,-2.28553415173249,-1.74464490578785,533.424456173571,-19.3754192459892,517.696973738981,6,HIIT03,6_HIIT03,HIIT,188,111.0,183.0
3.95608373264355,7.59936955270878,-0.0810714942556244,-155.007026852806,-174.516448357801,-96.0753276205195,6,HIIT01,6_HIIT01,HIIT,102,111.0,183.0
-1.37940873336478,-2.72259763579732,0.512859807470808,-29.2232365862673,71.8160893147735,-123.676936755767,16,MICT01,16_MICT01,MICT,313,145.0,207.5
-1.0942224994729,3.75586335865772,-0.15779771501813,21.7965136097853,-16.8493660256923,78.8032395155664,16,MICT04,16_MICT04,MICT,58,145.0,207.5
-1.69223777584897,-3.69122205440915,0.841666405364119,-0.482121999395294,67.8640203263752,-116.400234422351,16,MICT06,16_MICT06,MICT,301,145.0,207.5
-0.91982960781201,-5.12193275936917,0.0869915979367066,-1.52082172021477,75.9247925184053,-142.084141320441,16,MICT03,16_MICT03,MICT,267,145.0,207.5
1.75932672009965,-2.15632877092022,-1.87586006207119,8.11493009693999,0.700377670924793,-12.0051302486534,16,MICT04,16_MICT04,MICT,202,145.0,207.5
1.14085372362707,-1.35937028637629,-1.24639420125479,29.3721173155237,27.9414725734797,26.8675683595724,6,MICT05,6_MICT05,MICT,188,111.0,183.0
1.28922485733103,4.6242234437146,0.207652039752604,-10.2808305998304,-88.4202883809332,54.1281184916301,6,MICT02,6_MICT02,MICT,87,111.0,183.0
4.94297174565179,-2.2227484693469,-3.47991193530572,-3.20980657827974,-14.6439645002072,-7.08570045581779,16,HIIT06,16_HIIT06,HIIT,192,145.0,207.5
-3.53840610972106,-4.79985498075686,1.68085613638314,-17.8901059999272,65.9931162119195,-83.3330698824973,16,MICT06,16_MICT06,MICT,333,145.0,207.5
0.0619558498172762,-5.36539579083356,-0.843203965706763,14.3147995659223,76.6076584669816,-116.747109716736,16,MICT05,16_MICT05,MICT,244,145.0,207.5
2.47995474287717,3.77708859532611,0.775211207307139,-14.0312479774084,-165.080571845783,72.0079574237276,6,MICT01,6_MICT01,MICT,141,111.0,183.0
-0.0048697977453934,3.91070661074764,0.303905648601147,10.4558392195665,-46.2434562315436,56.8686348399442,6,MICT02,6_MICT02,MICT,70,111.0,183.0
-0.885812772608612,-4.06425492394852,0.879952808832167,-4.66778905175441,90.6932147781367,-77.0389926582185,6,HIIT04,6_HIIT04,HIIT,301,111.0,183.0
-2.68869256241226,7.41497254333032,0.247574854997488,26.1499027932108,43.621146022895,3.88115077362675,6,HIIT02,6_HIIT02,HIIT,350,111.0,183.0
-0.060979383782464,-6.28285093280028,0.650346207091671,-22.4579054408389,105.431425445204,-124.737225092349,6,HIIT03,6_HIIT03,HIIT,282,111.0,183.0
3.0811851407863,7.33826647932072,0.731134364835865,-164.018703211242,-156.9714763064,-90.7867678411053,6,HIIT04,6_HIIT04,HIIT,107,111.0,183.0
-3.20729611465216,2.95085274934132,-0.370807181077181,29.2033453251048,17.8134547805679,80.4997709891299,16,MICT01,16_MICT01,MICT,33,145.0,207.5
-0.648853542783672,-3.02523052493233,0.403024114043831,-42.6687632262981,59.0879774689705,-103.894380316978,6,MICT05,6_MICT05,MICT,297,111.0,183.0
-4.16100848229294,4.62046704144069,0.468522564904816,-101.405334893212,-42.9193543042366,44.2456884546942,6,HIIT04,6_HIIT04,HIIT,31,111.0,183.0
-2.47703411110957,-1.66386229731595,0.722208331006482,-7.9845394766717,10.3719676619114,24.6657025452845,6,HIIT05,6_HIIT05,HIIT,6,111.0,183.0
5.08965310094383,5.60387921838485,0.742156900544056,-54.8331705766917,-140.854066470142,92.3185439899084,16,MICT03,16_MICT03,MICT,132,145.0,207.5
-1.43433395411813,4.33555259477898,-0.0797343397373522,19.6162716763141,-12.9457471630755,83.0387949035904,16,MICT01,16_MICT01,MICT,63,145.0,207.5
-4.52740842578762,2.83690637958861,0.654640665689092,-97.6779142555612,-37.4402666224701,32.2780405099154,6,HIIT05,6_HIIT05,HIIT,27,111.0,183.0
1.08546387027487,-3.78242804724382,-0.618806420224081,638.360630983659,126.675846419782,562.810978215101,6,HIIT05,6_HIIT05,HIIT,208,111.0,183.0
-4.27346552716607,-7.02661001889731,-5.44766268123691,104.059809734742,-136.484833873126,-152.335268800146,16,HIIT01,16_HIIT01,HIIT,304,145.0,207.5
1.69249765975535,-13.6643594742863,-0.199013618722423,66.4682206081806,53.1849757121416,30.7937569618609,6,HIIT03,6_HIIT03,HIIT,355,111.0,183.0
-1.77759411024281,6.90022604789309,-0.304056131154746,97.8584366321681,142.608184249976,-29.3150518024714,16,HIIT02,16_HIIT02,HIIT,63,145.0,207.5
0.951055611030908,-3.5338801963802,-0.296665253451308,576.418998325194,134.95612047716,499.688329231572,6,HIIT05,6_HIIT05,HIIT,210,111.0,183.0
4.85294171038035,2.58269562383077,-1.02589639785097,1.39399866572106,-112.869910780847,89.464273273245,16,MICT01,16_MICT01,MICT,162,145.0,207.5
0.26572947495337,-3.72583388656633,-0.794727100716746,16.8138209177875,39.610510456598,-79.4758064579216,16,MICT01,16_MICT01,MICT,230,145.0,207.5
-1.29388915717286,-7.39572822120541,0.852295260171061,11.013998240587,68.0609352312011,-39.0464782522569,6,MICT02,6_MICT02,MICT,336,111.0,183.0
-0.37738506425177,-3.96049322658031,0.375277553416208,-16.6491609437744,81.7098202297995,-77.183453873709,6,HIIT05,6_HIIT05,HIIT,300,111.0,183.0
-0.768497855728969,-4.98174869278989,-0.186729944424173,-1.78652648907576,83.9153228972179,-141.315019205036,16,MICT02,16_MICT02,MICT,263,145.0,207.5
-12.0445700908923,-12.4495609787192,-52.6908403254033,362.038222464598,219.27104565297,248.621169283248,16,HIIT01,16_HIIT01,HIIT,266,145.0,207.5
-0.719348903913069,7.95187742839758,-0.0153021190327111,70.9366393751616,146.708864141175,-10.3570841876414,16,HIIT02,16_HIIT02,HIIT,72,145.0,207.5
-4.12331904783272,6.89577508055104,-0.605263862890196,42.4664786428639,40.0817568691119,69.1653952101674,16,MICT03,16_MICT03,MICT,20,145.0,207.5
-0.0239521177735508,5.4568453843723,0.279729541663928,9.70544917644228,-41.6593212591868,84.9533714182948,16,MICT03,16_MICT03,MICT,75,145.0,207.5
-1.37681324533064,4.13410964275413,0.878555382701059,-139.493831155148,-94.5552745630806,5.724892164334,6,HIIT05,6_HIIT05,HIIT,46,111.0,183.0
-1.2667147307376,-2.95282159198041,0.433001946826505,-22.4715806701541,72.187509812528,-129.707997090176,16,MICT02,16_MICT02,MICT,305,145.0,207.5
0.583890158684506,-8.66037306206197,-1.19722948221923,24.8629193622754,52.5421780241229,-170.593872234858,16,HIIT05,16_HIIT05,HIIT,247,145.0,207.5
-0.637480630267054,3.44545790544858,-0.155065919166261,16.2703896268968,27.055722856612,19.2625268056164,16,MICT04,16_MICT04,MICT,2,145.0,207.5
3.02560869587099,-1.41017308893534,-2.05963737194576,194.675884017994,-60.0865636705849,176.508020220845,6,HIIT05,6_HIIT05,HIIT,178,111.0,183.0
-3.45848658100308,2.32978074038771,-0.481920164353922,-14.5178971130217,9.60199200770358,48.3710849975097,6,MICT04,6_MICT04,MICT,25,111.0,183.0
-6.52015499645607,-8.45438484470321,2.96527722110084,21.3244528702336,79.7804826846335,-109.076968770704,16,HIIT03,16_HIIT03,HIIT,332,145.0,207.5
-2.91100131012034,-6.33856311136668,1.75076872216169,9.05399147904402,66.5339425813484,-137.316019355471,16,HIIT05,16_HIIT05,HIIT,316,145.0,207.5
2.18688136896029,3.50299097932105,0.146712456631145,-29.408542170278,-174.926730986843,56.7917564036151,6,MICT04,6_MICT04,MICT,140,111.0,183.0
3.64677524794134,1.79385031863824,-1.33057233528706,-3.52284785550723,-90.2792234394555,77.7353139078446,16,MICT02,16_MICT02,MICT,170,145.0,207.5
-0.863296276305508,-3.84330675585503,0.862610048875072,-4.34318354356823,90.1478700535954,-73.4980222299197,6,HIIT04,6_HIIT04,HIIT,304,111.0,183.0
0.173131125257381,-4.01167140059311,0.350945080297739,-21.7516637067547,81.1641160844023,-130.659840769186,6,MICT06,6_MICT06,MICT,269,111.0,183.0
5.20582931282911,4.82609391781385,0.447707969344214,-32.7623404717107,-123.321689717933,97.1798618848997,16,MICT01,16_MICT01,MICT,132,145.0,207.5
-1.79677392477895,3.14524208231197,-0.371297544676292,23.0534266849878,-0.743543661195077,78.8772305479126,16,MICT05,16_MICT05,MICT,48,145.0,207.5
3.00384501699121,-1.2398616500335,-1.96974339818039,174.838261664324,-62.1899516146213,158.285371257943,6,HIIT05,6_HIIT05,HIIT,177,111.0,183.0
0.77405611280329,-4.47741173367452,-0.39854897242534,328.79561004194,184.87198432122,223.635849336805,6,HIIT06,6_HIIT06,HIIT,227,111.0,183.0
0.981488879487559,-0.706243472043678,-1.15061623217246,49.2115027524296,7.57772392611733,53.8754978850363,6,MICT01,6_MICT01,MICT,190,111.0,183.0
-6.34629725972133,-21.5191176135478,2.30893898266725,-0.905636605634734,19.9768505629286,27.1336187615481,6,MICT04,6_MICT04,MICT,10,111.0,183.0
-34.9139657754336,7.55107764303336,-69.6566469711361,-1982.89991320427,-1107.18959546537,-574.589021842328,16,HIIT01,16_HIIT01,HIIT,136,145.0,207.5
2.91187442007697,-2.80316986952188,-2.25128204020198,419.065474766682,-4.12974664807319,358.44140074097,6,HIIT04,6_HIIT04,HIIT,194,111.0,183.0
0.642432454799147,-5.66353291591526,1.4998595606786,-20.4464677756829,119.041909670447,-128.400772561164,6,HIIT01,6_HIIT01,HIIT,267,111.0,183.0
-0.6673833672942,-5.28284767466421,-0.0660617232233037,17.3640224650718,73.0322475885787,-130.419672379393,16,MICT06,16_MICT06,MICT,261,145.0,207.5
0.19392061913051,-4.29834430861337,0.738039628418012,0.745602107887349,101.594921605922,-122.97795074933,6,MICT03,6_MICT03,MICT,268,111.0,183.0
4.60832080679484,0.396139181593202,-2.0589578438912,-33.6866456648465,-69.5067445297425,-43.5588061838586,6,HIIT04,6_HIIT04,HIIT,167,111.0,183.0
-5.74971724622318,5.95012061583397,-0.474415978019091,28.4271738279462,30.3821842975052,107.369697281008,16,HIIT04,16_HIIT04,HIIT,34,145.0,207.5
-1.55977704402047,-4.3415957288123,0.536468270606773,-6.50412953170579,76.7185285169633,-129.857999413454,16,MICT04,16_MICT04,MICT,292,145.0,207.5
2.03971195504423,-7.04930957785947,-2.46965523492646,8.3312041802789,24.0317730917902,-121.772350771703,16,HIIT06,16_HIIT06,HIIT,222,145.0,207.5
2.41724328275359,4.32208111857272,0.50818511743545,-5.7182100438568,-168.206310479401,82.4738758496215,6,MICT05,6_MICT05,MICT,127,111.0,183.0
-2.14344562301488,7.6905583807326,0.43789587746999,-4.73698920230739,-18.3193984961217,119.534549680171,16,HIIT05,16_HIIT05,HIIT,61,145.0,207.5
0.146244880008109,-3.83167589459957,-0.690173088238077,14.3287257089648,41.9879346755735,-85.4719983081095,16,MICT01,16_MICT01,MICT,232,145.0,207.5
0.653700893349908,-8.64937588363124,-1.28674468927014,14.003851072923,45.7153858246211,-172.168891960767,16,HIIT04,16_HIIT04,HIIT,242,145.0,207.5
-4.08383846182467,5.50366720510424,-0.0880863655133829,12.1985568921073,15.1746877271408,112.975658254858,16,HIIT05,16_HIIT05,HIIT,43,145.0,207.5
2.26542463879311,4.20100806507928,0.556787472951586,-9.40175351222211,-139.704967566035,78.9876826287636,6,MICT01,6_MICT01,MICT,125,111.0,183.0
-2.83389820117735,-4.03511068910529,1.33338016758805,-33.0086322701484,72.4595685469856,-102.293227173658,16,MICT01,16_MICT01,MICT,329,145.0,207.5
1.99721206834757,7.57162290139445,-0.400051700344405,-286.119901334075,-193.471349099774,-172.99854545098,6,HIIT01,6_HIIT01,HIIT,86,111.0,183.0
0.452107612403737,-4.42230824604921,-0.778710528202619,188.345217012479,211.061684227441,85.4177241752238,6,HIIT02,6_HIIT02,HIIT,232,111.0,183.0
-0.0402470706663283,-4.06578485575977,0.0386384660624362,-8.95864373418133,85.8493580148758,-65.225429677961,6,HIIT01,6_HIIT01,HIIT,308,111.0,183.0
0.157473209532437,-7.05804197603718,-1.35728491674738,193.356272304785,81.7138134462311,149.826678659329,16,HIIT01,16_HIIT01,HIIT,240,145.0,207.5
-0.290293808176011,-6.26489509758242,0.333047576769994,23.4867461953254,36.8007713877492,5.89149388693568,6,MICT04,6_MICT04,MICT,353,111.0,183.0
-2.7738131108056,-5.69048326127584,1.5554041616412,88.7590384430077,130.357828734385,108.908906811934,16,HIIT02,16_HIIT02,HIIT,312,145.0,207.5
1.8902939664289,-1.62517863900823,-1.76996719426636,414.32625467837,-13.3049377663115,390.333696533558,6,HIIT02,6_HIIT02,HIIT,186,111.0,183.0
0.923582708077497,-4.1384958175833,-1.5506979208563,12.1160216836211,42.7373344327402,-75.257451948726,16,MICT03,16_MICT03,MICT,225,145.0,207.5
-9.83147477672032,-33.0327305647294,2.30728794163859,-6.33138810180185,1.07056692668728,34.6179351108248,6,HIIT01,6_HIIT01,HIIT,10,111.0,183.0
0.580154683320384,-3.57511476898169,-0.328069102727194,-6.97300548873518,107.925765111952,-107.93835706001,6,MICT02,6_MICT02,MICT,244,111.0,183.0
-3.13745343552863,-2.97888892930702,1.05429444177675,34.1006585268561,83.9140760201322,-4.8032996024875,6,MICT05,6_MICT05,MICT,340,111.0,183.0
-0.686173443466627,7.30354717456313,0.0495601359996955,78.5001764190887,132.803572507288,-26.2789903740376,16,HIIT01,16_HIIT01,HIIT,73,145.0,207.5
0.685481739964268,6.39961050851628,-1.45235382438441,-327.491696560785,-177.314399593995,-199.087223122068,6,HIIT06,6_HIIT06,HIIT,81,111.0,183.0
-3.59116483726533,-6.58719884149234,-2.65669439081061,-110.89911476252,-242.663908315464,-260.224554658094,16,HIIT01,16_HIIT01,HIIT,300,145.0,207.5
2.58909623931544,-1.57942142287336,-1.9217716058271,15.665840886768,-23.4799869611842,8.24042595789775,16,MICT06,16_MICT06,MICT,195,145.0,207.5
-1.43133256086861,6.56019669274863,-0.194694819942361,87.6683985831306,136.422447891875,-24.301135924609,16,HIIT02,16_HIIT02,HIIT,65,145.0,207.5
-1.30896781606068,-8.85935687330323,0.50088340784162,19.9477642878303,60.2764667585675,-186.448141843347,16,HIIT05,16_HIIT05,HIIT,271,145.0,207.5
0.116354156607446,-7.57029706847781,0.580388879523627,23.0597389640257,36.8880027946656,10.0450738078225,6,MICT05,6_MICT05,MICT,354,111.0,183.0
6.9407360478454,5.08961398905734,-1.73927940936213,-34.5036133267673,-97.1979700308026,112.814627532269,16,HIIT05,16_HIIT05,HIIT,155,145.0,207.5
0.0024088727115621,-4.03062063049658,-0.714312040434367,7.88078142927973,47.2783608753997,-99.7570823620342,16,MICT01,16_MICT01,MICT,237,145.0,207.5
0.997650472146318,-3.64453279395111,-0.588275825780865,4.1882704031065,111.647199108771,-77.304043626673,6,MICT03,6_MICT03,MICT,224,111.0,183.0
0.921227927622137,-4.86766804784927,-0.8671519474126,357.664107636204,186.755184929345,252.427234687058,6,HIIT06,6_HIIT06,HIIT,225,111.0,183.0
-0.311593075253883,5.0168164149759,0.0718754033352299,17.1639271818047,-35.369275730702,84.0989727268631,16,MICT04,16_MICT04,MICT,71,145.0,207.5
0.735845024906751,-4.57918955867031,-1.40084661209777,21.588036413903,47.7561748916041,-80.7930273689145,16,MICT06,16_MICT06,MICT,229,145.0,207.5
5.1041191847502,5.8501739979206,1.15772189225193,-53.1120923297064,-137.577666758894,93.6670603877207,16,MICT03,16_MICT03,MICT,129,145.0,207.5
1.02373469322502,-1.11116891355108,-1.30596871927558,40.965547809646,13.6250510287608,54.4221819844295,6,MICT06,6_MICT06,MICT,183,111.0,183.0
-4.95729805531032,-14.1820409464477,2.82099295643995,18.2103636912415,80.8537445939098,-94.7150068437441,16,HIIT04,16_HIIT04,HIIT,338,145.0,207.5
5.73061469980196,5.25056962149074,0.125010042784223,-42.0794191976299,-144.114969998004,94.8066668858929,16,MICT05,16_MICT05,MICT,142,145.0,207.5
4.90897789703381,2.90099419296023,-1.30015509445853,-21.5651350070017,-113.314481701241,79.620124541636,16,MICT06,16_MICT06,MICT,161,145.0,207.5
2.70395855798506,-6.14906316470474,-2.6445478476642,6.93576262668287,12.9508097567311,-97.7505232968672,16,HIIT04,16_HIIT04,HIIT,215,145.0,207.5
0.736519740798213,-6.0996888200368,1.66059512292974,-13.5598990505141,127.635411956169,-128.333349300257,6,HIIT01,6_HIIT01,HIIT,266,111.0,183.0
0.85526108747565,-4.44719469911738,-1.19960974623184,444.890703057079,166.945640852036,386.021073479773,6,HIIT01,6_HIIT01,HIIT,210,111.0,183.0
0.777147131050166,-4.52577469799453,-1.419714131632,21.2941527553138,46.0911943622734,-78.8251437509747,16,MICT06,16_MICT06,MICT,228,145.0,207.5
-0.282928645009002,-5.12076962652129,1.15440552882063,-29.5464263855736,87.3100422358365,-108.214348044363,6,HIIT05,6_HIIT05,HIIT,284,111.0,183.0
1.83568587356498,-7.6333316817279,-2.18558639108194,17.1668265168703,25.4638314605036,-126.538036109087,16,HIIT03,16_HIIT03,HIIT,227,145.0,207.5
0.862470079796599,-5.76700531571575,1.09457900179249,52.0153297215938,180.54355881844,-86.105609351991,6,HIIT03,6_HIIT03,HIIT,252,111.0,183.0
2.82425973162004,-5.67940101053153,-2.82751417822359,4.74459104521438,13.3266415871395,-88.2913397247093,16,HIIT06,16_HIIT06,HIIT,212,145.0,207.5
-3.57721644751398,17.9815034409606,0.658944237469378,-14.0967642949314,39.7546803092946,-37.9235241813718,16,MICT06,16_MICT06,MICT,348,145.0,207.5
0.503243294016041,-3.71780496226236,0.26911132445724,-24.5534245248628,76.9760218755233,-129.34575021475,6,MICT04,6_MICT04,MICT,248,111.0,183.0
-1.37943427697679,3.85874947927167,-0.0721995940145546,19.9839087129151,-9.97185362814178,79.7244457381949,16,MICT01,16_MICT01,MICT,61,145.0,207.5
1.01171055800743,-3.87837049442575,-0.339366681296871,576.337117809841,146.093670664692,494.610468490203,6,HIIT05,6_HIIT05,HIIT,211,111.0,183.0
-1.46275073350782,-8.96833471791507,0.714321196197054,19.3461299594928,58.9770307487496,-186.727204791061,16,HIIT06,16_HIIT06,HIIT,272,145.0,207.5
-2.42575257004873,3.12568807107149,-0.439929787332698,-7.95357730251543,-8.12980303993319,63.5868704120208,6,MICT05,6_MICT05,MICT,31,111.0,183.0
-1.06567123432371,3.54954946707997,-0.210854620206595,19.6657347175673,26.6016496567558,23.5278091767686,16,MICT03,16_MICT03,MICT,4,145.0,207.5
4.86430710270365,-1.49740738453642,-3.29202068767084,-4.9265945633183,-22.285481868421,9.78016909054909,16,HIIT04,16_HIIT04,HIIT,189,145.0,207.5
-8.16832430544422,-5.75653514600426,1.76189696203366,-51.3440643184296,-6.42606314011402,40.8746918552935,6,HIIT03,6_HIIT03,HIIT,16,111.0,183.0
2.60322022632768,5.38250497381376,1.0786481393185,5.98370445086033,-123.018657556805,91.3286633200527,6,MICT06,6_MICT06,MICT,103,111.0,183.0
4.67124728750249,3.70937227224841,-0.530753267543718,-20.1935483147826,-120.092123999912,95.6886945555499,16,MICT04,16_MICT04,MICT,154,145.0,207.5
8.88721471017406,8.16280321652012,-1.0737784164605,-49.650097800086,-109.65744506521,150.098568210623,16,HIIT03,16_HIIT03,HIIT,145,145.0,207.5
4.06725580480049,2.48079703549327,-1.0444714475112,-8.50452120084957,-99.0408683194909,85.313093135112,16,MICT04,16_MICT04,MICT,164,145.0,207.5
13.0048868032373,11.5752101678056,9.3746870544085,-3390.6120483178,-1883.76606973557,-670.29436292237,16,HIIT01,16_HIIT01,HIIT,125,145.0,207.5
3.13596191714005,-0.618302543802794,-1.80278810817391,136.34247605782,-68.5289392686968,136.986243491267,6,HIIT03,6_HIIT03,HIIT,175,111.0,183.0
0.447888054819786,-6.32915309454223,1.37636004586389,-31.8401002816479,106.872252481024,-126.910593085307,6,HIIT01,6_HIIT01,HIIT,278,111.0,183.0
5.11912506391025,4.23667797269542,-0.50610644612102,-32.374940251012,-132.991323708945,90.1036019077706,16,MICT05,16_MICT05,MICT,148,145.0,207.5
-22.2411068564187,-54.8607357877782,4.07742916626318,39.9225860189602,57.6679974095284,50.4538611238203,16,HIIT03,16_HIIT03,HIIT,12,145.0,207.5
4.31361041382672,-2.90107143632574,-3.20598552147872,-0.591564803090911,-10.7241482695192,-20.2228363170863,16,HIIT04,16_HIIT04,HIIT,196,145.0,207.5
-1.13419418526803,2.41021565717012,-0.887625008216818,-10.7456562055136,-27.265578887067,58.3295449351481,6,MICT03,6_MICT03,MICT,42,111.0,183.0
1.93317423039141,5.33594336328779,-0.120780353870697,14.9742918061072,-97.6649629112736,86.8619313509951,6,MICT06,6_MICT06,MICT,94,111.0,183.0
-3.31033724425127,-3.48336752418068,1.65310098051253,-16.1717523604287,66.4275939087046,-88.284838426222,16,MICT06,16_MICT06,MICT,330,145.0,207.5
-2.79473183954147,5.99590827011439,0.0248863636173787,-0.124632363516125,-7.11763062166262,105.595277575412,16,HIIT03,16_HIIT03,HIIT,49,145.0,207.5
-0.231029682155667,-5.47457685824826,-0.518835271343502,13.0154453711546,80.9918568285648,-124.573714793693,16,MICT05,16_MICT05,MICT,249,145.0,207.5
4.01493457835022,7.16102995099276,0.233003887251115,-253.58513625988,-164.168978596251,-181.1098717844,6,HIIT04,6_HIIT04,HIIT,119,111.0,183.0
3.20670600663034,0.247549193602846,-1.75267676091837,9.53200284046535,-55.8753742373852,51.1458830248005,16,MICT03,16_MICT03,MICT,181,145.0,207.5
-1.43438530181686,3.11504433559679,-0.427307344842526,36.9267265557981,-5.41108792181247,83.6536442565556,16,MICT02,16_MICT02,MICT,48,145.0,207.5
-4.45299335549219,1.86417726171176,-0.538336977289854,43.3573826874598,20.4943005180159,79.5960296605145,16,MICT02,16_MICT02,MICT,28,145.0,207.5
0.102747013318534,-3.74469888677337,1.4783461148554,-20.1640558210693,68.3115588668297,-109.159661212413,6,MICT04,6_MICT04,MICT,279,111.0,183.0
1.81143757294591,-2.65385705884263,-1.84388248400222,12.777823157872,5.10565147967716,-26.4619681662744,16,MICT03,16_MICT03,MICT,207,145.0,207.5
1.22366427667342,-3.91347125654853,-1.585026127899,20.3329609123447,30.3881706401005,-57.6400738617322,16,MICT06,16_MICT06,MICT,219,145.0,207.5
-2.2697623280856,-6.000262303426,1.44307865939074,7.90637558582307,62.7584221223857,-152.962386210043,16,HIIT05,16_HIIT05,HIIT,306,145.0,207.5
4.70681697670529,-2.82982140019831,-3.11573991712822,8.51452094621784,-15.5564565914927,-21.3013861067594,16,HIIT05,16_HIIT05,HIIT,196,145.0,207.5
4.6710854762012,6.14948646979818,1.28478199899526,-46.641581798897,-124.895136015603,95.1241570204556,16,MICT03,16_MICT03,MICT,120,145.0,207.5
-2.52632950014349,-7.92523580166507,1.25872257738269,36.3503078848442,80.9922516043161,-15.9160024128031,6,MICT06,6_MICT06,MICT,338,111.0,183.0
2.67097500310665,-1.93623215318454,-2.05568352922738,16.7723372802398,-19.3153857306096,2.55175992792212,16,MICT06,16_MICT06,MICT,197,145.0,207.5
2.94113574244925,5.02360546161282,1.49568010273208,-1.68694504562119,-157.215100300241,97.1470831274139,6,MICT06,6_MICT06,MICT,117,111.0,183.0
4.53144532808757,5.78411075541351,0.224971510265348,-307.778859111852,-152.642691830789,-259.707973934331,6,HIIT01,6_HIIT01,HIIT,138,111.0,183.0
2.91482311255258,6.07249826184939,-3.89256577153714,-242.237260806967,-182.77688247971,-154.414221256139,6,HIIT01,6_HIIT01,HIIT,94,111.0,183.0
-0.990729320376278,1.9883624381287,-0.555099023119143,-7.33702395083558,-21.4723550263975,49.4590857584897,6,MICT02,6_MICT02,MICT,45,111.0,183.0
-3.69422727489851,-6.36938028834381,0.931502822268926,63.0162724841084,-136.062341872051,-152.527456094253,16,HIIT01,16_HIIT01,HIIT,314,145.0,207.5
-1.5015594561518,4.24435487209379,0.577086355075799,-128.829432190638,-110.467544437338,9.58300141906812,6,HIIT03,6_HIIT03,HIIT,47,111.0,183.0
-2.69418535233704,-7.30366969886076,1.09043937545428,137.291910563968,139.171396582908,133.982472802286,16,HIIT02,16_HIIT02,HIIT,288,145.0,207.5
5.07049142506755,3.60001942424879,-0.818567229728704,-21.2152031593801,-125.406465572201,87.3232314033366,16,MICT05,16_MICT05,MICT,157,145.0,207.5
3.61573454228484,-6.08410894411604,-3.18026986698138,10.2824995714421,6.69241599523395,-75.4264877701728,16,HIIT03,16_HIIT03,HIIT,210,145.0,207.5
0.615378576239858,-5.16847865043814,-0.507541614858485,177.144530958543,152.492357613181,48.7283252477666,6,HIIT04,6_HIIT04,HIIT,237,111.0,183.0
-2.66628229767178,-5.66582828783161,1.25951588122335,105.155794172684,134.886366310753,116.44977852601,16,HIIT02,16_HIIT02,HIIT,303,145.0,207.5
-4.10295854596737,7.54373716158427,-0.417428173839671,29.6940640666362,46.4314820018734,60.7649858873316,16,MICT06,16_MICT06,MICT,20,145.0,207.5
-0.327533335730269,-3.78551477007974,0.348070828762165,-17.4055335983431,74.3615537458576,-109.055752569302,6,MICT06,6_MICT06,MICT,281,111.0,183.0
-1.19705502680468,3.72032838345339,-0.2760662480205,33.7022722728911,-13.5274008460069,81.7405698151654,16,MICT02,16_MICT02,MICT,56,145.0,207.5
-0.0736086306152326,-4.67605752564124,0.826088186194376,-24.5118744443522,89.2141301568385,-84.1544372033315,6,HIIT01,6_HIIT01,HIIT,302,111.0,183.0
-5.31371526177358,-15.0435743127492,1.27377963344894,16.9294860834778,26.730404814729,48.1477061516911,6,MICT02,6_MICT02,MICT,14,111.0,183.0
0.642460496736295,-2.91255438716489,-0.414009260595261,13.5993363917307,103.532531342748,-57.2717649858269,6,MICT01,6_MICT01,MICT,228,111.0,183.0
1.30331347715969,-1.03109540077766,-1.377560226026,55.8092908173897,11.2998127423663,58.9483666846888,6,MICT03,6_MICT03,MICT,186,111.0,183.0
0.961642946346638,-4.88296056270397,1.47022869702702,204.91351556894,235.644898165577,92.0315649612197,6,HIIT03,6_HIIT03,HIIT,232,111.0,183.0
3.85876925145245,1.15721376203082,-1.72524819050501,-115.281965770077,-85.6652675173336,-101.443179732659,6,HIIT03,6_HIIT03,HIIT,164,111.0,183.0
-0.237617363174801,-5.56659057102365,0.421334225636624,-13.8118166410454,99.5049356435917,-105.729412919082,6,HIIT03,6_HIIT03,HIIT,287,111.0,183.0
-2.12284716946572,-3.74707896868813,0.83993616828201,6.68152736570521,77.1042365953502,-39.6001344505613,6,MICT05,6_MICT05,MICT,331,111.0,183.0
-2.25025680509828,7.18081287199146,-0.020422235998542,7.04605493763683,-16.9723677258222,117.8985816338,16,HIIT04,16_HIIT04,HIIT,57,145.0,207.5
-0.405315698392809,-4.65891373722183,-0.523132388672891,7.32596370487021,65.5637494451813,-119.841197006179,16,MICT01,16_MICT01,MICT,247,145.0,207.5
-2.27911772456846,-4.72275216247173,1.19748982198775,-8.05910484625579,73.0103837519978,-102.343987965746,16,MICT04,16_MICT04,MICT,323,145.0,207.5
-2.1754051260453,-3.94150996087532,1.22907233128254,-8.25457963170603,67.0989753782552,-98.1335002008469,16,MICT06,16_MICT06,MICT,322,145.0,207.5
0.483067902031295,-14.9165685989347,0.613447101745429,12.5046758573281,39.1108710008232,-32.3209748480312,16,HIIT04,16_HIIT04,HIIT,354,145.0,207.5
-0.953537846195561,5.60304047179771,0.709454657457086,-165.183525313571,-136.198205231755,-33.8367828946133,6,HIIT01,6_HIIT01,HIIT,57,111.0,183.0
-9.73060876331491,-12.0152785096189,-39.8383579261673,129.422793029477,105.649159946741,138.899970081666,16,HIIT01,16_HIIT01,HIIT,265,145.0,207.5
4.13158790898517,2.18699493032196,-1.36748199124474,-4.20094329936087,-92.0124201785203,82.2981138747229,16,MICT04,16_MICT04,MICT,168,145.0,207.5
2.15204180642307,4.03901333434064,0.214748322402238,-6.05873794411245,-141.724214139041,81.6997961413048,6,MICT01,6_MICT01,MICT,128,111.0,183.0
3.87740345294174,-5.66648084106234,-2.91014417651966,78.0002950030159,56.6867721133762,52.4920856743892,16,HIIT02,16_HIIT02,HIIT,210,145.0,207.5
1.49129982854029,-7.85260481140866,-2.15983590064206,10.514024734943,32.066788523675,-149.046219814113,16,HIIT04,16_HIIT04,HIIT,231,145.0,207.5
0.479979846410612,-3.9574854042634,0.208023120252197,-27.8720968862311,77.297807599047,-136.20255117929,6,MICT04,6_MICT04,MICT,249,111.0,183.0
-7.65258048552753,4.31876267384967,2.71206745033454,65.0796083702284,78.2487904501203,103.46675886488,16,HIIT02,16_HIIT02,HIIT,341,145.0,207.5
0.355737432470025,-3.35926797430786,-0.031554263793232,-34.4007976828265,72.5156205648517,-139.560561274555,6,MICT02,6_MICT02,MICT,259,111.0,183.0
-0.844373669591299,5.90419873927134,0.414050233689122,-256.433216517816,-159.752600014944,-106.034102541749,6,HIIT06,6_HIIT06,HIIT,65,111.0,183.0
-0.653845298123173,-5.26850097593482,0.989178033361086,-7.29493192123193,94.9156516756335,-103.799633434846,6,HIIT04,6_HIIT04,HIIT,280,111.0,183.0
-0.929437852657746,-8.56780809621689,-0.165188271388597,188.676390699711,124.729754524359,161.443691226448,16,HIIT02,16_HIIT02,HIIT,262,145.0,207.5
0.517191847642095,7.42755243811065,0.415970028058154,-297.745680346372,-192.441775947071,-157.900854208955,6,HIIT01,6_HIIT01,HIIT,75,111.0,183.0
-1.19349906834127,-4.44344401692187,0.431578540089863,3.15551733600029,90.8586199797765,-51.717075572055,6,HIIT06,6_HIIT06,HIIT,319,111.0,183.0
-1.49557725754494,2.91179918970188,-0.779105918881449,-125.092629528419,-87.231278795082,14.1609633689299,6,HIIT02,6_HIIT02,HIIT,44,111.0,183.0
-4.20602703709091,4.43641340388557,-0.538448988306512,145.365469259933,137.468385694767,-70.7438565811998,16,HIIT01,16_HIIT01,HIIT,43,145.0,207.5
-5.05527319891689,-6.74873356492417,2.57202607158923,13.4284451934772,73.2129874097447,-107.671091974633,16,HIIT05,16_HIIT05,HIIT,330,145.0,207.5
-0.40807623054027,-5.85303427560553,1.08511803608375,15.0694682488076,110.445133992478,-101.417140137418,6,HIIT04,6_HIIT04,HIIT,272,111.0,183.0
-0.187827796212169,-3.04974100740937,-0.274761181117789,-29.0888926511283,61.2368519225085,-124.656590079792,6,MICT01,6_MICT01,MICT,272,111.0,183.0
1.09758558998123,-2.43046717423303,-0.828997634135061,20.0970551321101,95.0392804451456,-17.3457866828165,6,MICT02,6_MICT02,MICT,211,111.0,183.0
2.92039262237511,4.99697029170945,1.44972280469447,-5.31857177431762,-162.338943991097,94.7454767591784,6,MICT06,6_MICT06,MICT,118,111.0,183.0
-1.56137227735646,2.8766729325994,-0.664611778536555,-126.406036353891,-86.1188670926706,14.5215737122762,6,HIIT02,6_HIIT02,HIIT,43,111.0,183.0
2.0689018492271,-3.57006765196545,-1.68005089799001,557.30732993962,46.4720706271705,503.372347252285,6,HIIT06,6_HIIT06,HIIT,201,111.0,183.0
2.01998687856232,2.66620322395458,0.158657399334508,-1.571609430039,-146.468449156461,66.1414940895059,6,MICT01,6_MICT01,MICT,156,111.0,183.0
1.97831751671374,-3.82782091949192,-1.78830780107838,565.809435482326,60.970735652691,507.725480192328,6,HIIT06,6_HIIT06,HIIT,203,111.0,183.0
-0.0326420483858477,6.54982009633157,-1.26148480522448,-338.292815957177,-181.688965152548,-192.391640942065,6,HIIT06,6_HIIT06,HIIT,76,111.0,183.0
-0.586471205909258,-2.80763943477583,0.287311419146335,15.7618986990198,32.4861510503227,-2.82624694779703,6,MICT02,6_MICT02,MICT,352,111.0,183.0
2.31568173124118,3.86273544272228,0.239769442276151,-3.25084084552499,-175.164454571965,77.7569414398637,6,MICT05,6_MICT05,MICT,139,111.0,183.0
-1.29708404833404,-3.17921203649916,0.533629296458795,-5.69380772996295,75.5908465756962,-119.953395615741,16,MICT04,16_MICT04,MICT,303,145.0,207.5
-2.17142321467425,-8.15137818257164,1.04718531329312,9.47456622471848,59.7283095830041,-189.679938378963,16,HIIT04,16_HIIT04,HIIT,282,145.0,207.5
0.468603374703708,-5.24969027518489,1.45083502531045,64.013442414465,148.998584333947,-62.825180011303,6,HIIT06,6_HIIT06,HIIT,255,111.0,183.0
-0.243731479480461,-4.27018940731919,1.52431487589045,-9.29424362155254,86.0080613746193,-114.95696106019,6,MICT03,6_MICT03,MICT,283,111.0,183.0
3.47846982019671,5.00821535400877,0.416127217632944,-223.64990040044,-165.226629263657,-188.575721427576,6,HIIT02,6_HIIT02,HIIT,131,111.0,183.0
